1 1 -0.0287942998111248 -0.0815872400999069 3.10980343818665
1 2 -0.0318786203861237 -0.0208282880485058 3.17304086685181
1 3 -0.0375306233763695 0.357651740312576 3.20236301422119
1 4 -0.0400662161409855 0.549830436706543 3.20206785202026
1 5 -0.201580926775932 0.222659558057785 3.19058656692505
1 6 -0.24295374751091 -0.00752452993765473 3.1489589214325
1 7 -0.24911367893219 -0.238792061805725 3.02725648880005
1 8 -0.250019431114197 -0.31205153465271 2.99177646636963
1 9 0.124729283154011 0.230311959981918 3.20285606384277
1 10 0.165536165237427 -0.0185182578861713 3.19685482978821
1 11 0.19489660859108 -0.246996089816093 3.06701421737671
1 12 0.205337136983871 -0.322506338357925 3.0239245891571
1 13 -0.100579850375652 -0.154252648353577 3.08805704116821
1 14 -0.148601397871971 -0.590659499168396 3.02841329574585
1 15 -0.15163965523243 -0.958051204681396 3.04173374176025
1 16 -0.156552225351334 -1.05777382850647 2.96360492706299
1 17 0.045975498855114 -0.151822820305824 3.09727168083191
1 18 0.105460457503796 -0.580260396003723 3.00576519966125
1 19 0.098711296916008 -0.949401617050171 3.02059102058411
1 20 0.105459108948708 -1.05137658119202 2.94998598098755
2 1 -0.0283651687204838 -0.081330381333828 3.11074709892273
2 2 -0.0314634405076504 -0.020507987588644 3.1739330291748
2 3 -0.0370725356042385 0.357807397842407 3.20227265357971
2 4 -0.0361627861857414 0.549271583557129 3.20276117324829
2 5 -0.201315492391586 0.223580628633499 3.19147038459778
2 6 -0.2423045784235 -0.00935092568397522 3.15059638023376
2 7 -0.247768819332123 -0.237627863883972 3.02675914764404
2 8 -0.250545054674149 -0.309823364019394 2.99803233146667
2 9 0.12551636993885 0.23025307059288 3.20352005958557
2 10 0.165144458413124 -0.0187019966542721 3.19866180419922
2 11 0.195096954703331 -0.248585909605026 3.06406211853027
2 12 0.204541057348251 -0.323961943387985 3.02215766906738
2 13 -0.100301630795002 -0.154102846980095 3.08876347541809
2 14 -0.147438406944275 -0.589434862136841 3.02829337120056
2 15 -0.151756465435028 -0.955379188060761 3.04424357414246
2 16 -0.153813123703003 -1.05299770832062 2.96193790435791
2 17 0.0465253926813602 -0.151915773749352 3.09871101379395
2 18 0.105116687715054 -0.580757081508636 3.00597310066223
2 19 0.0994122475385666 -0.948174893856049 3.02124643325806
2 20 0.109639093279839 -1.05212569236755 2.94706511497498
3 1 -0.0281119756400585 -0.0815110057592392 3.11141395568848
3 2 -0.0313462652266026 -0.0206757783889771 3.17463660240173
3 3 -0.0365532003343105 0.357595205307007 3.20325398445129
3 4 -0.0403306670486927 0.549026370048523 3.20439434051514
3 5 -0.201331302523613 0.223759382963181 3.19213438034058
3 6 -0.241060957312584 -0.0104847922921181 3.1513340473175
3 7 -0.248943150043488 -0.237551629543304 3.02789878845215
3 8 -0.251771926879883 -0.309411078691483 2.99691700935364
3 9 0.124592557549477 0.230282053351402 3.20483422279358
3 10 0.166089206933975 -0.017581494525075 3.19849514961243
3 11 0.194410726428032 -0.244070008397102 3.07012438774109
3 12 0.203323930501938 -0.323589771986008 3.02275133132935
3 13 -0.0998184904456139 -0.154093012213707 3.08958792686462
3 14 -0.147435367107391 -0.589432120323181 3.02844095230103
3 15 -0.151335448026657 -0.957444250583649 3.04455947875977
3 16 -0.155523970723152 -1.05687713623047 2.96746230125427
3 17 0.0465143360197544 -0.151987478137016 3.09923267364502
3 18 0.105607591569424 -0.581870198249817 3.00715327262878
3 19 0.098624661564827 -0.950046181678772 3.0204713344574
3 20 0.109681196510792 -1.05052840709686 2.94984889030457
4 1 -0.0278244540095329 -0.0811408087611198 3.11188626289368
4 2 -0.0313917770981789 -0.0202320776879787 3.17503261566162
4 3 -0.0356739684939384 0.358159631490707 3.20281219482422
4 4 -0.0375813581049442 0.549566507339478 3.20340275764465
4 5 -0.201758652925491 0.223532572388649 3.19261813163757
4 6 -0.242017060518265 -0.0131180426105857 3.14894318580627
4 7 -0.251361817121506 -0.238597244024277 3.02819156646729
4 8 -0.252455413341522 -0.312075585126877 2.99671530723572
4 9 0.125579684972763 0.229711279273033 3.20824337005615
4 10 0.166366383433342 -0.0187602452933788 3.19812870025635
4 11 0.195384487509727 -0.245506599545479 3.06773471832275
4 12 0.203953921794891 -0.321689963340759 3.02528810501099
4 13 -0.099647119641304 -0.153798446059227 3.0898060798645
4 14 -0.148062735795975 -0.587854146957397 3.02797532081604
4 15 -0.150964230298996 -0.950355410575867 3.04339408874512
4 16 -0.155219897627831 -1.05578601360321 2.96188068389893
4 17 0.0468882955610752 -0.151970714330673 3.10011053085327
4 18 0.105086475610733 -0.582800507545471 3.00716018676758
4 19 0.0981234237551689 -0.950175523757935 3.02217578887939
4 20 0.106200166046619 -1.05247628688812 2.95267486572266
5 1 -0.0282281581312418 -0.0813945233821869 3.11195015907288
5 2 -0.031540110707283 -0.0204685218632221 3.17514657974243
5 3 -0.035652007907629 0.358138263225555 3.2035608291626
5 4 -0.037926159799099 0.550020635128021 3.20699763298035
5 5 -0.202401518821716 0.223667785525322 3.19310331344604
5 6 -0.242372989654541 -0.00865099206566811 3.15018653869629
5 7 -0.251908302307129 -0.240361541509628 3.027836561203
5 8 -0.254386603832245 -0.313967019319534 2.99796915054321
5 9 0.124572560191154 0.229671061038971 3.20709943771362
5 10 0.166299700737 -0.0178152304142714 3.19620752334595
5 11 0.194768041372299 -0.247664570808411 3.06719398498535
5 12 0.203437104821205 -0.319509387016296 3.02217221260071
5 13 -0.10002338886261 -0.153945088386536 3.08983516693115
5 14 -0.148576870560646 -0.587716162204742 3.02719020843506
5 15 -0.151626780629158 -0.955091893672943 3.04062175750732
5 16 -0.155822694301605 -1.05701613426208 2.9572126865387
5 17 0.0461942963302135 -0.152202621102333 3.10018754005432
5 18 0.104852244257927 -0.580936908721924 3.00681447982788
5 19 0.0982808470726013 -0.950438380241394 3.02131700515747
5 20 0.106655314564705 -1.05088818073273 2.95120882987976
6 1 -0.0277746953070164 -0.0812037065625191 3.11222910881042
6 2 -0.0312984138727188 -0.0208354536443949 3.17558097839355
6 3 -0.035314604640007 0.35751947760582 3.20634531974792
6 4 -0.0356738604605198 0.54901921749115 3.20579242706299
6 5 -0.201376527547836 0.223159313201904 3.19170570373535
6 6 -0.243398219347 -0.00628714170306921 3.15130019187927
6 7 -0.25203150510788 -0.238020613789558 3.02825617790222
6 8 -0.254109114408493 -0.312538623809814 2.99806237220764
6 9 0.127050668001175 0.22891041636467 3.20749759674072
6 10 0.166553467512131 -0.0172271132469177 3.19589281082153
6 11 0.194264352321625 -0.248119249939919 3.06648802757263
6 12 0.203911602497101 -0.322686016559601 3.02041029930115
6 13 -0.0998343527317047 -0.153747290372849 3.08926868438721
6 14 -0.148535430431366 -0.5883749127388 3.027419090271
6 15 -0.151759743690491 -0.95652449131012 3.04183053970337
6 16 -0.154987931251526 -1.05620563030243 2.95889663696289
6 17 0.0469519384205341 -0.152302637696266 3.10064959526062
6 18 0.104843623936176 -0.580836653709412 3.00632619857788
6 19 0.0985299646854401 -0.949171662330627 3.01953911781311
6 20 0.10635407269001 -1.05144286155701 2.95307326316834
7 1 -0.0276672933250666 -0.0808568298816681 3.11249613761902
7 2 -0.0316561311483383 -0.0206929370760918 3.17593479156494
7 3 -0.0358384177088737 0.356565088033676 3.20634341239929
7 4 -0.0339967235922813 0.549647092819214 3.2049708366394
7 5 -0.201092213392258 0.222156822681427 3.19041562080383
7 6 -0.242819055914879 -0.00855456106364727 3.15180420875549
7 7 -0.251389116048813 -0.238612860441208 3.02818584442139
7 8 -0.252849876880646 -0.315046519041061 2.99483776092529
7 9 0.128003031015396 0.229247406125069 3.20853066444397
7 10 0.166045382618904 -0.0175706464797258 3.19728136062622
7 11 0.183206483721733 -0.203503355383873 3.08619022369385
7 12 0.197279185056686 -0.288931369781494 3.03963756561279
7 13 -0.0998801440000534 -0.153519928455353 3.08922290802002
7 14 -0.148783668875694 -0.588167190551758 3.02707386016846
7 15 -0.151598051190376 -0.957059323787689 3.0419590473175
7 16 -0.152646943926811 -1.05552661418915 2.96297383308411
7 17 0.0473451800644398 -0.152264907956123 3.10051417350769
7 18 0.105299547314644 -0.579657912254334 3.00734806060791
7 19 0.0980926677584648 -0.94733464717865 3.02343511581421
7 20 0.107285112142563 -1.05062794685364 2.95374083518982
8 1 -0.0270155500620604 -0.0805864632129669 3.11226439476013
8 2 -0.0312783680856228 -0.0202384553849697 3.17557215690613
8 3 -0.0360249876976013 0.356530547142029 3.20378160476685
8 4 -0.0341538786888123 0.547966659069061 3.20530366897583
8 5 -0.200403809547424 0.223066106438637 3.19048380851746
8 6 -0.24083448946476 -0.00969182141125202 3.1489942073822
8 7 -0.25102886557579 -0.241960167884827 3.02523708343506
8 8 -0.252254515886307 -0.31193795800209 2.99284029006958
8 9 0.128895461559296 0.230975314974785 3.20966553688049
8 10 0.165324673056602 -0.0179630946367979 3.19496011734009
8 11 0.186900764703751 -0.207748532295227 3.09342551231384
8 12 0.199160739779472 -0.292237401008606 3.04358077049255
8 13 -0.0992085114121437 -0.153261318802834 3.08911061286926
8 14 -0.147694230079651 -0.588426351547241 3.02806520462036
8 15 -0.151815146207809 -0.955376267433167 3.03961849212646
8 16 -0.160312071442604 -1.05800938606262 2.9568076133728
8 17 0.0481711998581886 -0.152060806751251 3.10060858726501
8 18 0.104852050542831 -0.580995798110962 3.00680613517761
8 19 0.0976405814290047 -0.948496222496033 3.02018046379089
8 20 0.106952011585236 -1.04967403411865 2.95145583152771
9 1 -0.0265602208673954 -0.0805606916546822 3.11217427253723
9 2 -0.0304357428103685 -0.0203020349144936 3.17553853988647
9 3 -0.0352319553494453 0.355746388435364 3.20403265953064
9 4 -0.0325850360095501 0.547360956668854 3.20446085929871
9 5 -0.199496328830719 0.223088189959526 3.19040870666504
9 6 -0.243602424860001 -0.00530087761580944 3.14986205101013
9 7 -0.25055593252182 -0.239844977855682 3.02617168426514
9 8 -0.253205358982086 -0.312892198562622 2.9951376914978
9 9 0.1304781883955 0.229660481214523 3.20681595802307
9 10 0.167364597320557 -0.0178644582629204 3.1958544254303
9 11 0.186146572232246 -0.206398129463196 3.09139537811279
9 12 0.198351070284843 -0.291967988014221 3.04382920265198
9 13 -0.0989423096179962 -0.153234004974365 3.0889105796814
9 14 -0.147416844964027 -0.588734090328217 3.02911329269409
9 15 -0.151850000023842 -0.95582640171051 3.04044842720032
9 16 -0.155921563506126 -1.0544730424881 2.96076941490173
9 17 0.0489496551454067 -0.152324125170708 3.10061883926392
9 18 0.105298936367035 -0.585126459598541 3.00647687911987
9 19 0.0976982414722443 -0.952953338623047 3.01603364944458
9 20 0.107370011508465 -1.0509375333786 2.95375633239746
10 1 -0.0263194963335991 -0.0806354060769081 3.11188316345215
10 2 -0.0302054695785046 -0.0202409066259861 3.17508864402771
10 3 -0.0341499261558056 0.354532539844513 3.20128154754639
10 4 -0.0333884805440903 0.546936094760895 3.20465397834778
10 5 -0.198975443840027 0.223032668232918 3.19022440910339
10 6 -0.241886243224144 -0.00828988663852215 3.15052127838135
10 7 -0.251596540212631 -0.240326523780823 3.02718782424927
10 8 -0.254339039325714 -0.310703873634338 3.00084137916565
10 9 0.131012335419655 0.229942172765732 3.20763063430786
10 10 0.16670586168766 -0.0173782799392939 3.1949257850647
10 11 0.185018286108971 -0.205623373389244 3.09037327766418
10 12 0.198126897215843 -0.291074395179749 3.04319143295288
10 13 -0.0987970903515816 -0.153290390968323 3.08853197097778
10 14 -0.147704780101776 -0.589056551456451 3.02861404418945
10 15 -0.151301622390747 -0.956918299198151 3.03994011878967
10 16 -0.154914230108261 -1.05194234848022 2.95915603637695
10 17 0.0491162687540054 -0.152450054883957 3.10056686401367
10 18 0.105160430073738 -0.582903802394867 3.00589060783386
10 19 0.0979423075914383 -0.948742508888245 3.01833558082581
10 20 0.108406580984592 -1.05024945735931 2.95261883735657
11 1 -0.0264668632298708 -0.0808119028806686 3.1115710735321
11 2 -0.0298334695398808 -0.0201689265668392 3.17468595504761
11 3 -0.0342446863651276 0.355328649282455 3.19981408119202
11 4 -0.0328171066939831 0.546372294425964 3.20366787910461
11 5 -0.199710622429848 0.223998382687569 3.19064712524414
11 6 -0.242554888129234 -0.00755890924483538 3.14907789230347
11 7 -0.25093075633049 -0.237485840916634 3.02511739730835
11 8 -0.252462655305862 -0.31270956993103 2.99077939987183
11 9 0.128003925085068 0.228821128606796 3.20444822311401
11 10 0.166346237063408 -0.0175809599459171 3.19603800773621
11 11 0.188323006033897 -0.205084547400475 3.09117650985718
11 12 0.199829772114754 -0.290915191173553 3.04462838172913
11 13 -0.0989069491624832 -0.15340992808342 3.08847904205322
11 14 -0.147705346345901 -0.589394390583038 3.02856779098511
11 15 -0.151922717690468 -0.957429468631744 3.04157614707947
11 16 -0.153771236538887 -1.05281782150269 2.95941305160522
11 17 0.0488830544054508 -0.152587592601776 3.10028600692749
11 18 0.105152763426304 -0.5821333527565 3.00622415542603
11 19 0.0975883230566978 -0.953177332878113 3.02039003372192
11 20 0.107775375247002 -1.05181348323822 2.95275735855103
12 1 -0.0266762245446444 -0.0811534523963928 3.11136507987976
12 2 -0.0300257541239262 -0.0206680223345757 3.17457675933838
12 3 -0.0347481966018677 0.355578184127808 3.2016978263855
12 4 -0.0342290475964546 0.546912372112274 3.2019248008728
12 5 -0.199889779090881 0.223522961139679 3.19044184684753
12 6 -0.241486862301826 -0.0101998886093497 3.14746022224426
12 7 -0.250867575407028 -0.235706835985184 3.02423501014709
12 8 -0.252255231142044 -0.315155595541 2.99254584312439
12 9 0.127841234207153 0.229912832379341 3.20503306388855
12 10 0.16650016605854 -0.0191494915634394 3.19564485549927
12 11 0.186091035604477 -0.205615341663361 3.0884895324707
12 12 0.199058055877686 -0.291285395622253 3.04247689247131
12 13 -0.0991271808743477 -0.153696462512016 3.08839106559753
12 14 -0.148049458861351 -0.588374197483063 3.02854752540588
12 15 -0.151779428124428 -0.958107709884644 3.04301786422729
12 16 -0.157484173774719 -1.05568635463715 2.9593460559845
12 17 0.04858073964715 -0.152860537171364 3.10011625289917
12 18 0.105432599782944 -0.581593751907349 3.00570130348206
12 19 0.0988916829228401 -0.954091489315033 3.0203104019165
12 20 0.108343459665775 -1.05137431621552 2.95251607894897
13 1 -0.0267213396728039 -0.081458643078804 3.11136674880981
13 2 -0.0307784527540207 -0.0207988135516644 3.17445349693298
13 3 -0.0351468324661255 0.355503976345062 3.20091080665588
13 4 -0.0318660326302052 0.5499267578125 3.20267415046692
13 5 -0.199862569570541 0.222460925579071 3.18956780433655
13 6 -0.242123574018478 -0.00803561415523291 3.14853692054749
13 7 -0.250564068555832 -0.238067835569382 3.02529430389404
13 8 -0.253431797027588 -0.315328478813171 2.99242448806763
13 9 0.129626572132111 0.23045240342617 3.20876526832581
13 10 0.165946751832962 -0.0190879348665476 3.19477009773254
13 11 0.185010328888893 -0.206404164433479 3.08940529823303
13 12 0.198915496468544 -0.291346192359924 3.04267430305481
13 13 -0.0990545600652695 -0.153956711292267 3.08807396888733
13 14 -0.148173853754997 -0.588697254657745 3.02815246582031
13 15 -0.152511745691299 -0.95426744222641 3.04470920562744
13 16 -0.155432403087616 -1.0550525188446 2.9648003578186
13 17 0.0485023744404316 -0.153210833668709 3.10041999816895
13 18 0.105616018176079 -0.582134485244751 3.00589418411255
13 19 0.0978897139430046 -0.951577305793762 3.02189707756042
13 20 0.107976868748665 -1.05062830448151 2.95200037956238
14 1 -0.0266164466738701 -0.0815014019608498 3.11144089698792
14 2 -0.0302514173090458 -0.0210053957998753 3.17462682723999
14 3 -0.0339208580553532 0.354938387870789 3.20232725143433
14 4 -0.0330953076481819 0.548281788825989 3.20107245445251
14 5 -0.199499264359474 0.222958445549011 3.18949341773987
14 6 -0.243753612041473 -0.00525173870846629 3.14747858047485
14 7 -0.251398086547852 -0.241903156042099 3.02515578269959
14 8 -0.25401109457016 -0.315790861845016 2.99369764328003
14 9 0.12734055519104 0.231703042984009 3.20687818527222
14 10 0.165387958288193 -0.0188254415988922 3.19534540176392
14 11 0.195067867636681 -0.245897859334946 3.06735348701477
14 12 0.204092592000961 -0.325969159603119 3.02310132980347
14 13 -0.0988242030143738 -0.153749525547028 3.0884997844696
14 14 -0.14865417778492 -0.589177250862122 3.02866101264954
14 15 -0.15212082862854 -0.95546281337738 3.04275798797607
14 16 -0.154156789183617 -1.05392098426819 2.96717762947083
14 17 0.0482156053185463 -0.152905106544495 3.09997272491455
14 18 0.105164058506489 -0.580221474170685 3.00616979598999
14 19 0.0987845957279205 -0.946320474147797 3.02099537849426
14 20 0.108052469789982 -1.04790985584259 2.94491219520569
15 1 -0.0263667926192284 -0.0814457014203072 3.11191868782043
15 2 -0.0304152891039848 -0.0209749322384596 3.1750659942627
15 3 -0.0336390621960163 0.354781866073608 3.20266842842102
15 4 -0.0330345407128334 0.549084544181824 3.20292663574219
15 5 -0.199170380830765 0.223134100437164 3.19041061401367
15 6 -0.243692427873611 -0.00434637768194079 3.14821028709412
15 7 -0.250948935747147 -0.239869773387909 3.02610230445862
15 8 -0.253743201494217 -0.31377899646759 2.99136662483215
15 9 0.128373637795448 0.231575667858124 3.21018314361572
15 10 0.166326567530632 -0.0185612067580223 3.19547033309937
15 11 0.196589440107346 -0.246588930487633 3.06916379928589
15 12 0.204244568943977 -0.323251962661743 3.02425336837769
15 13 -0.0986497402191162 -0.153768792748451 3.08887934684753
15 14 -0.148368567228317 -0.589046120643616 3.02924919128418
15 15 -0.152092069387436 -0.95606392621994 3.04363918304443
15 16 -0.15473198890686 -1.05852591991425 2.96863603591919
15 17 0.0484475530683994 -0.152897864580154 3.10049772262573
15 18 0.105652585625648 -0.579702138900757 3.00753021240234
15 19 0.0990339368581772 -0.944394290447235 3.02429938316345
15 20 0.107608199119568 -1.04812848567963 2.9479615688324
16 1 -0.0260551460087299 -0.0817393660545349 3.11259150505066
16 2 -0.0301521085202694 -0.0214475803077221 3.17573428153992
16 3 -0.0336852073669434 0.353796750307083 3.20398569107056
16 4 -0.0317478217184544 0.549166321754456 3.20473146438599
16 5 -0.199027851223946 0.223026186227798 3.19069147109985
16 6 -0.243310481309891 -0.00774300377815962 3.14893817901611
16 7 -0.251555472612381 -0.239535912871361 3.02800464630127
16 8 -0.253466725349426 -0.311588406562805 2.9949004650116
16 9 0.128902584314346 0.229560419917107 3.209876537323
16 10 0.167335331439972 -0.0191352535039186 3.19948220252991
16 11 0.19610321521759 -0.250839740037918 3.06558179855347
16 12 0.204054817557335 -0.323936462402344 3.02247476577759
16 13 -0.0982839837670326 -0.153899878263474 3.0890691280365
16 14 -0.148429900407791 -0.588932156562805 3.02927279472351
16 15 -0.151442795991898 -0.957943499088287 3.04244780540466
16 16 -0.153782844543457 -1.05621814727783 2.96383619308472
16 17 0.0490037500858307 -0.153438329696655 3.10163998603821
16 18 0.105971857905388 -0.582924485206604 3.00689625740051
16 19 0.0990559905767441 -0.947683095932007 3.01893472671509
16 20 0.107411354780197 -1.04799127578735 2.94874358177185
17 1 -0.0258921813219786 -0.081728994846344 3.11379027366638
17 2 -0.03013064712286 -0.0215052124112844 3.17691159248352
17 3 -0.0336187332868576 0.353859573602676 3.20572400093079
17 4 -0.0303213726729155 0.550856649875641 3.2091338634491
17 5 -0.198537304997444 0.22397418320179 3.19205331802368
17 6 -0.242623582482338 -0.00680181803181767 3.14977812767029
17 7 -0.250844120979309 -0.238151162862778 3.02881169319153
17 8 -0.25264298915863 -0.315185874700546 2.99437522888184
17 9 0.130772724747658 0.228961810469627 3.21211385726929
17 10 0.16692715883255 -0.0195908099412918 3.19911122322083
17 11 0.196276500821114 -0.250250101089478 3.06559252738953
17 12 0.204111576080322 -0.321307748556137 3.0232310295105
17 13 -0.0982920601963997 -0.153947681188583 3.08968877792358
17 14 -0.148427963256836 -0.589021265506744 3.02906346321106
17 15 -0.152254045009613 -0.949372887611389 3.04135155677795
17 16 -0.151891365647316 -1.05466222763062 2.96179986000061
17 17 0.049215417355299 -0.15388485789299 3.10343503952026
17 18 0.106422550976276 -0.582738935947418 3.00791954994202
17 19 0.0982686802744865 -0.950939118862152 3.01960754394531
17 20 0.107109889388084 -1.04910433292389 2.94707942008972
18 1 -0.0252807177603245 -0.0811661705374718 3.11546301841736
18 2 -0.0298953112214804 -0.0212748236954212 3.1786835193634
18 3 -0.0324079804122448 0.353343099355698 3.20833206176758
18 4 -0.0295372847467661 0.551643967628479 3.21335077285767
18 5 -0.198598995804787 0.224148243665695 3.19298124313354
18 6 -0.241625085473061 -0.00431496277451515 3.15100431442261
18 7 -0.250261932611465 -0.23696468770504 3.02983951568604
18 8 -0.251032650470734 -0.318778395652771 2.99030327796936
18 9 0.132237955927849 0.228758990764618 3.21575880050659
18 10 0.167681783437729 -0.0217307638376951 3.20209431648254
18 11 0.19672717154026 -0.249454721808434 3.06945466995239
18 12 0.20478293299675 -0.322298258543015 3.0274932384491
18 13 -0.0980938225984573 -0.153729051351547 3.09075307846069
18 14 -0.148318588733673 -0.588428020477295 3.02801179885864
18 15 -0.150746986269951 -0.955748677253723 3.04571223258972
18 16 -0.151873588562012 -1.05555391311646 2.96337556838989
18 17 0.0500408411026001 -0.15356756746769 3.10480737686157
18 18 0.106966607272625 -0.582182943820953 3.00894546508789
18 19 0.0987090021371841 -0.950474381446838 3.01993632316589
18 20 0.108946725726128 -1.05027914047241 2.94527292251587
19 1 -0.024865435436368 -0.0806553289294243 3.1165726184845
19 2 -0.0298210382461548 -0.0210227183997631 3.17989277839661
19 3 -0.0317589789628983 0.352776318788528 3.21043658256531
19 4 -0.0287947561591864 0.551891028881073 3.2124924659729
19 5 -0.198291718959808 0.224693551659584 3.1943826675415
19 6 -0.241839349269867 -0.00241384701803327 3.15141224861145
19 7 -0.250083297491074 -0.237460672855377 3.02828454971313
19 8 -0.24971966445446 -0.318815976381302 2.98909878730774
19 9 0.134877651929855 0.228072956204414 3.21944379806519
19 10 0.170367702841759 -0.0222583003342152 3.20637798309326
19 11 0.198474243283272 -0.248614862561226 3.07549405097961
19 12 0.208380743861198 -0.325407445430756 3.03667497634888
19 13 -0.0979731604456902 -0.153583690524101 3.09112930297852
19 14 -0.147691622376442 -0.589007973670959 3.02770090103149
19 15 -0.152396351099014 -0.955923974514008 3.04057240486145
19 16 -0.157856777310371 -1.06183195114136 2.95804190635681
19 17 0.0507619976997375 -0.153469562530518 3.10609316825867
19 18 0.108157023787498 -0.580336332321167 3.00979351997375
19 19 0.0996599495410919 -0.950022280216217 3.01958298683167
19 20 0.107021972537041 -1.04983830451965 2.94489121437073
20 1 -0.0241501610726118 -0.0807974115014076 3.11721324920654
20 2 -0.0292011871933937 -0.0211882870644331 3.18047070503235
20 3 -0.0318283401429653 0.352309703826904 3.21042394638062
20 4 -0.0273276194930077 0.549947500228882 3.21034526824951
20 5 -0.197929501533508 0.223438888788223 3.19425868988037
20 6 -0.240737408399582 -0.0045538586564362 3.15012001991272
20 7 -0.249437272548676 -0.234996989369392 3.02983164787292
20 8 -0.248568817973137 -0.320071488618851 2.99093079566956
20 9 0.135888606309891 0.228010073304176 3.21933531761169
20 10 0.169884040951729 -0.0220373384654522 3.20675921440125
20 11 0.199316918849945 -0.243754357099533 3.08174204826355
20 12 0.207652822136879 -0.319994479417801 3.03458046913147
20 13 -0.0973008722066879 -0.154046699404716 3.09169292449951
20 14 -0.146735399961472 -0.58828741312027 3.02731132507324
20 15 -0.151758328080177 -0.953693389892578 3.0421257019043
20 16 -0.158684745430946 -1.06177926063538 2.96340847015381
20 17 0.0519319027662277 -0.153813257813454 3.1070032119751
20 18 0.109759531915188 -0.582149744033813 3.01065802574158
20 19 0.100048840045929 -0.94924658536911 3.01863145828247
20 20 0.108324013650417 -1.05060982704163 2.94595146179199
