1 1 -0.0218956675380468 -0.0786954462528229 3.09759187698364
1 2 -0.0244724676012993 -0.0186988636851311 3.16013884544373
1 3 -0.0294930581003428 0.354791522026062 3.18697237968445
1 4 -0.0316028818488121 0.549204707145691 3.18766832351685
1 5 -0.197665303945541 0.225927382707596 3.17882227897644
1 6 -0.241338312625885 -0.000232865932048298 3.13360595703125
1 7 -0.251033663749695 -0.237232342362404 3.02099370956421
1 8 -0.249408945441246 -0.3202163875103 2.97928643226624
1 9 0.131009414792061 0.234535500407219 3.18916440010071
1 10 0.178023487329483 -0.032865397632122 3.16930532455444
1 11 0.205342978239059 -0.227609038352966 3.07160258293152
1 12 0.206845656037331 -0.317054271697998 3.01532292366028
1 13 -0.0946061015129089 -0.151499450206757 3.07583904266357
1 14 -0.143515422940254 -0.587964951992035 3.01884007453918
1 15 -0.152070462703705 -0.95360803604126 3.03691744804382
1 16 -0.154988303780556 -1.05203604698181 2.96315360069275
1 17 0.0533487573266029 -0.149981558322906 3.08528923988342
1 18 0.109410658478737 -0.584639966487885 3.00515675544739
1 19 0.099577359855175 -0.949209928512573 3.02258324623108
1 20 0.107123121619225 -1.04997885227203 2.94881629943848
2 1 -0.0210164543241262 -0.0775966942310333 3.09843325614929
2 2 -0.023043904453516 -0.0177325271070004 3.16072702407837
2 3 -0.0289005227386951 0.354542821645737 3.18629908561707
2 4 -0.0316909030079842 0.547733664512634 3.18461036682129
2 5 -0.198443859815598 0.226490557193756 3.17955040931702
2 6 -0.241879284381866 -0.00392594188451767 3.13561630249023
2 7 -0.252105176448822 -0.232785597443581 3.02017307281494
2 8 -0.249823182821274 -0.317529678344727 2.97928690910339
2 9 0.1301658898592 0.236207559704781 3.1859757900238
2 10 0.179365575313568 -0.0310278013348579 3.1724956035614
2 11 0.205161824822426 -0.231596738100052 3.06883811950684
2 12 0.206755608320236 -0.319063395261765 3.01649832725525
2 13 -0.0938507243990898 -0.150589868426323 3.07663226127625
2 14 -0.143561318516731 -0.587484180927277 3.01885724067688
2 15 -0.152073234319687 -0.951618731021881 3.03853130340576
2 16 -0.152359843254089 -1.05170226097107 2.96244096755981
2 17 0.0545072853565216 -0.14897982776165 3.08656525611877
2 18 0.109382830560207 -0.583333015441895 3.00470948219299
2 19 0.0983192399144173 -0.953095197677612 3.02225279808044
2 20 0.107951276004314 -1.05140256881714 2.95111322402954
3 1 -0.0202079582959414 -0.0775238797068596 3.09951496124268
3 2 -0.0227567441761494 -0.0176038965582848 3.16169619560242
3 3 -0.0286655370146036 0.353841423988342 3.18674874305725
3 4 -0.0309596005827188 0.548830509185791 3.18464040756226
3 5 -0.198332920670509 0.22675833106041 3.17986392974854
3 6 -0.242564305663109 -0.00236741593107581 3.1371476650238
3 7 -0.254281789064407 -0.233710259199142 3.01882290840149
3 8 -0.252571672201157 -0.318324267864227 2.9791111946106
3 9 0.13115057349205 0.235023066401482 3.18856930732727
3 10 0.180384367704391 -0.0295998007059097 3.17507266998291
3 11 0.205664172768593 -0.223644226789474 3.07474827766418
3 12 0.206783831119537 -0.319329410791397 3.0164258480072
3 13 -0.0929836183786392 -0.150634169578552 3.07725954055786
3 14 -0.143924966454506 -0.587822616100311 3.02085423469543
3 15 -0.151787623763084 -0.956326007843018 3.0391480922699
3 16 -0.152511045336723 -1.05249381065369 2.96411108970642
3 17 0.0554727464914322 -0.148923292756081 3.08895564079285
3 18 0.108876638114452 -0.582037925720215 3.00503492355347
3 19 0.0994414836168289 -0.946904897689819 3.02265310287476
3 20 0.107161834836006 -1.05048751831055 2.94953632354736
4 1 -0.0210282132029533 -0.0778187662363052 3.10131573677063
4 2 -0.0233018025755882 -0.0175439938902855 3.16315388679504
4 3 -0.0284537449479103 0.354324340820313 3.18718814849854
4 4 -0.0279609207063913 0.548367619514465 3.18617630004883
4 5 -0.198529198765755 0.227892458438873 3.18216705322266
4 6 -0.239002019166946 -0.00906505435705185 3.14115405082703
4 7 -0.257227003574371 -0.230042591691017 3.0241334438324
4 8 -0.254732012748718 -0.316443115472794 2.99095797538757
4 9 0.131059974431992 0.234368026256561 3.19046998023987
4 10 0.176794216036797 -0.0295521412044764 3.17966532707214
4 11 0.203059434890747 -0.222250446677208 3.07605242729187
4 12 0.207528367638588 -0.322628378868103 3.01756596565247
4 13 -0.0938740968704224 -0.150883406400681 3.07961392402649
4 14 -0.144507855176926 -0.58738374710083 3.0215802192688
4 15 -0.15163691341877 -0.956281304359436 3.04149079322815
4 16 -0.15303461253643 -1.05268859863281 2.96636080741882
4 17 0.0541713461279869 -0.149938076734543 3.09046769142151
4 18 0.107906855642796 -0.581314623355865 3.00691890716553
4 19 0.0994107350707054 -0.948820054531097 3.02054023742676
4 20 0.107679352164268 -1.05102598667145 2.94993472099304
5 1 -0.0214643757790327 -0.0789039582014084 3.10225176811218
5 2 -0.0237469393759966 -0.0181276556104422 3.16409802436829
5 3 -0.0284467395395041 0.356091171503067 3.18851804733276
5 4 -0.0289406962692738 0.545865058898926 3.18926882743835
5 5 -0.199159294366837 0.22667483985424 3.18280982971191
5 6 -0.240934938192368 -0.0114894500002265 3.14309883117676
5 7 -0.257496178150177 -0.234447956085205 3.02328157424927
5 8 -0.257757991552353 -0.314560115337372 2.99081015586853
5 9 0.130621910095215 0.231096625328064 3.19165229797363
5 10 0.173666149377823 -0.0250896848738194 3.17988848686218
5 11 0.200174868106842 -0.236337125301361 3.0692937374115
5 12 0.206156834959984 -0.322832137346268 3.02343940734863
5 13 -0.0943776443600655 -0.152014628052711 3.08065629005432
5 14 -0.145766332745552 -0.588523328304291 3.02393317222595
5 15 -0.152378648519516 -0.952259600162506 3.04003405570984
5 16 -0.154580160975456 -1.05574798583984 2.95285701751709
5 17 0.0535599328577518 -0.150866344571114 3.09106373786926
5 18 0.107610836625099 -0.582795560359955 3.00610661506653
5 19 0.0988578423857689 -0.953192234039307 3.01873564720154
5 20 0.108171179890633 -1.05244898796082 2.94827771186829
6 1 -0.0220488123595715 -0.0792742744088173 3.1025128364563
6 2 -0.0242037978023291 -0.018594428896904 3.1645827293396
6 3 -0.0295204892754555 0.355972409248352 3.19017624855042
6 4 -0.028965849429369 0.549138188362122 3.19456028938293
6 5 -0.199492603540421 0.226313218474388 3.18404269218445
6 6 -0.241901978850365 -0.0123506402596831 3.14408206939697
6 7 -0.257651567459106 -0.233625859022141 3.02284049987793
6 8 -0.2591792345047 -0.313344299793243 2.98885560035706
6 9 0.130107790231705 0.229798063635826 3.19119572639465
6 10 0.172517508268356 -0.0289434045553207 3.18012762069702
6 11 0.201048254966736 -0.231380313634872 3.07349371910095
6 12 0.205802664160728 -0.321703642606735 3.01976919174194
6 13 -0.0949630364775658 -0.152201071381569 3.08105301856995
6 14 -0.145801439881325 -0.587737441062927 3.02430582046509
6 15 -0.151721149682999 -0.954529881477356 3.0406060218811
6 16 -0.152852177619934 -1.05531871318817 2.96487331390381
6 17 0.0530198290944099 -0.151202514767647 3.09084677696228
6 18 0.107192330062389 -0.58338189125061 3.00547409057617
6 19 0.0986832603812218 -0.955013155937195 3.02111196517944
6 20 0.108732476830482 -1.05466318130493 2.95660161972046
7 1 -0.0220331847667694 -0.0794489607214928 3.10278630256653
7 2 -0.024761013686657 -0.0187816862016916 3.16488647460938
7 3 -0.0287921372801065 0.355846494436264 3.19061875343323
7 4 -0.0275352243334055 0.550130665302277 3.19564962387085
7 5 -0.198884844779968 0.225816637277603 3.18296051025391
7 6 -0.241885244846344 -0.0113461595028639 3.14432525634766
7 7 -0.258397191762924 -0.234481364488602 3.02641773223877
7 8 -0.260133981704712 -0.313015341758728 2.99578332901001
7 9 0.131343111395836 0.228445112705231 3.19366550445557
7 10 0.17667543888092 -0.0276244599372149 3.18358540534973
7 11 0.201684504747391 -0.244321972131729 3.06837844848633
7 12 0.207206398248672 -0.322049289941788 3.0245361328125
7 13 -0.0951503291726112 -0.152290374040604 3.08081960678101
7 14 -0.145611181855202 -0.587725579738617 3.02459931373596
7 15 -0.151746079325676 -0.954282164573669 3.03999400138855
7 16 -0.15499609708786 -1.05690503120422 2.94922161102295
7 17 0.0532415024936199 -0.151708245277405 3.09149193763733
7 18 0.106841407716274 -0.582755923271179 3.00528073310852
7 19 0.0993919372558594 -0.951457262039185 3.02209210395813
7 20 0.11033534258604 -1.0524480342865 2.94988894462585
8 1 -0.022109292447567 -0.0798884108662605 3.10293650627136
8 2 -0.024244200438261 -0.0192072242498398 3.16513204574585
8 3 -0.0279953647404909 0.355257213115692 3.19063448905945
8 4 -0.0289473067969084 0.547011256217957 3.19126915931702
8 5 -0.198553442955017 0.225693315267563 3.18334865570068
8 6 -0.241929739713669 -0.00682441191747785 3.14440536499023
8 7 -0.258546203374863 -0.230244323611259 3.0253381729126
8 8 -0.256251573562622 -0.314898788928986 2.9901340007782
8 9 0.130525693297386 0.229193791747093 3.19139075279236
8 10 0.175059616565704 -0.0244843009859324 3.18616056442261
8 11 0.204238057136536 -0.236701861023903 3.0721390247345
8 12 0.206694796681404 -0.321691960096359 3.02455067634583
8 13 -0.0951959863305092 -0.152539879083633 3.08095049858093
8 14 -0.144988968968391 -0.587370097637177 3.02336025238037
8 15 -0.151909470558167 -0.958096623420715 3.04219436645508
8 16 -0.155073896050453 -1.0566520690918 2.96008491516113
8 17 0.052948959171772 -0.15197429060936 3.09160947799683
8 18 0.106648348271847 -0.582482695579529 3.00452637672424
8 19 0.0994023680686951 -0.951597630977631 3.0235538482666
8 20 0.108789674937725 -1.05251336097717 2.94938826560974
9 1 -0.0218689199537039 -0.0804540142416954 3.10273027420044
9 2 -0.023944441229105 -0.0196784436702728 3.16492366790771
9 3 -0.0279826689511538 0.354208081960678 3.18929934501648
9 4 -0.0255619697272778 0.545893728733063 3.18540358543396
9 5 -0.196459367871284 0.225470632314682 3.18239259719849
9 6 -0.240425378084183 -0.00504628662019968 3.14354968070984
9 7 -0.253623783588409 -0.2391267567873 3.02559590339661
9 8 -0.253182500600815 -0.319218009710312 2.99067974090576
9 9 0.130246862769127 0.230501100420952 3.190190076828
9 10 0.178355023264885 -0.0240595526993275 3.18084120750427
9 11 0.199852883815765 -0.217796176671982 3.07912015914917
9 12 0.205556124448776 -0.316568940877914 3.0227324962616
9 13 -0.0946415364742279 -0.152668654918671 3.08068776130676
9 14 -0.144993424415588 -0.587056219577789 3.02230215072632
9 15 -0.151990488171577 -0.956714034080505 3.04127597808838
9 16 -0.152211412787437 -1.0532283782959 2.96487808227539
9 17 0.0529866740107536 -0.152396574616432 3.09159207344055
9 18 0.10760472714901 -0.582402169704437 3.00437998771667
9 19 0.0984015390276909 -0.951837420463562 3.02131366729736
9 20 0.106307044625282 -1.05156290531158 2.94512915611267
10 1 -0.0210760068148375 -0.0805143117904663 3.10255002975464
10 2 -0.023516446352005 -0.0197464618831873 3.16476058959961
10 3 -0.0276516936719418 0.354037135839462 3.18905878067017
10 4 -0.0204101614654064 0.55077052116394 3.1858217716217
10 5 -0.193389177322388 0.227615296840668 3.18096303939819
10 6 -0.238928154110909 -0.00439627235755324 3.142746925354
10 7 -0.252307236194611 -0.239101380109787 3.02288389205933
10 8 -0.251458644866943 -0.321356415748596 2.99000883102417
10 9 0.131331011652946 0.230441495776176 3.18965649604797
10 10 0.180358871817589 -0.0339785106480122 3.17547917366028
10 11 0.203370630741119 -0.232913240790367 3.069415807724
10 12 0.206398636102676 -0.316155582666397 3.01876449584961
10 13 -0.0932383835315704 -0.152148440480232 3.08015751838684
10 14 -0.143995597958565 -0.586611807346344 3.02128338813782
10 15 -0.152366578578949 -0.952616691589355 3.03842401504517
10 16 -0.153414592146873 -1.05361986160278 2.95794463157654
10 17 0.0537232980132103 -0.152336895465851 3.09173274040222
10 18 0.108622901141644 -0.583411037921906 3.00430297851563
10 19 0.0991546511650085 -0.948658466339111 3.02080035209656
10 20 0.106955096125603 -1.0501275062561 2.9456958770752
11 1 -0.0199905298650265 -0.0806221216917038 3.10244536399841
11 2 -0.0221776179969311 -0.0199005380272865 3.16458487510681
11 3 -0.0264829955995083 0.353225648403168 3.18822741508484
11 4 -0.0205877348780632 0.55116868019104 3.1858377456665
11 5 -0.192877724766731 0.227182254195213 3.18018126487732
11 6 -0.237623646855354 -0.00358753791078925 3.13991928100586
11 7 -0.253444641828537 -0.237175688147545 3.02074432373047
11 8 -0.250307440757751 -0.320781826972961 2.98178863525391
11 9 0.133377581834793 0.230309709906578 3.18718338012695
11 10 0.183302074670792 -0.0322744213044643 3.1774115562439
11 11 0.205129817128181 -0.22676357626915 3.07884740829468
11 12 0.208441510796547 -0.321123987436295 3.01512145996094
11 13 -0.0924393683671951 -0.152212500572205 3.07999229431152
11 14 -0.143538907170296 -0.587053894996643 3.02143406867981
11 15 -0.152325451374054 -0.953485608100891 3.04036998748779
11 16 -0.154089495539665 -1.05283582210541 2.95841836929321
11 17 0.0551894828677177 -0.152692914009094 3.0918390750885
11 18 0.109465606510639 -0.583147644996643 3.00464487075806
11 19 0.0989021360874176 -0.948630273342133 3.02064442634583
11 20 0.107545994222164 -1.0503396987915 2.94646525382996
12 1 -0.0192908905446529 -0.0801710784435272 3.1020085811615
12 2 -0.0217295475304127 -0.0195980370044708 3.16411995887756
12 3 -0.0264761559665203 0.353175342082977 3.18768382072449
12 4 -0.0201797503978014 0.551350235939026 3.18544840812683
12 5 -0.191935300827026 0.227005898952484 3.17821669578552
12 6 -0.23722630739212 -0.00182335951831192 3.1368715763092
12 7 -0.252723455429077 -0.235136926174164 3.02124786376953
12 8 -0.251146554946899 -0.320630609989166 2.98185181617737
12 9 0.135021790862083 0.231340497732162 3.18633913993835
12 10 0.180886343121529 -0.0260329898446798 3.17770504951477
12 11 0.20549088716507 -0.228915557265282 3.07702589035034
12 12 0.207825675606728 -0.319223433732986 3.01565456390381
12 13 -0.0917374938726425 -0.151936873793602 3.07953333854675
12 14 -0.143269404768944 -0.586942851543427 3.02075719833374
12 15 -0.151680573821068 -0.955722630023956 3.04101514816284
12 16 -0.154567807912827 -1.05508327484131 2.96362829208374
12 17 0.0560204572975636 -0.152255639433861 3.09118413925171
12 18 0.1100008264184 -0.58219701051712 3.00511479377747
12 19 0.0982194989919662 -0.950652241706848 3.02052879333496
12 20 0.109921589493752 -1.05035758018494 2.94903898239136
13 1 -0.0188540052622557 -0.0803416967391968 3.10091757774353
13 2 -0.0209411177784204 -0.0196845680475235 3.16301107406616
13 3 -0.0235784649848938 0.352997392416 3.18602609634399
13 4 -0.0231813061982393 0.548407137393951 3.1801917552948
13 5 -0.189824253320694 0.227160945534706 3.17665266990662
13 6 -0.236551910638809 -0.000598112703301013 3.13720607757568
13 7 -0.252798199653625 -0.235524952411652 3.01947045326233
13 8 -0.251106679439545 -0.322154313325882 2.97815537452698
13 9 0.135471254587173 0.232383593916893 3.18459820747375
13 10 0.184601619839668 -0.0375326573848724 3.17137098312378
13 11 0.207650870084763 -0.247631967067719 3.06420254707336
13 12 0.20745424926281 -0.318614095449448 3.01519250869751
13 13 -0.0914673209190369 -0.151943311095238 3.07844018936157
13 14 -0.142642989754677 -0.586938202381134 3.02081346511841
13 15 -0.151412382721901 -0.958275258541107 3.04152607917786
13 16 -0.153428122401237 -1.05393099784851 2.95536160469055
13 17 0.0560052543878555 -0.152283549308777 3.090083360672
13 18 0.110843479633331 -0.582286536693573 3.0048189163208
13 19 0.0980828180909157 -0.95016485452652 3.01937890052795
13 20 0.108013667166233 -1.05088174343109 2.94907855987549
14 1 -0.0189766623079777 -0.0807482823729515 3.09970831871033
14 2 -0.0205821041017771 -0.02010109834373 3.16179084777832
14 3 -0.0251675695180893 0.352440685033798 3.18470788002014
14 4 -0.0257524605840445 0.546440243721008 3.17556071281433
14 5 -0.189987808465958 0.227011948823929 3.1762478351593
14 6 -0.235938370227814 -0.00233344477601349 3.13800668716431
14 7 -0.251812905073166 -0.236819103360176 3.01958775520325
14 8 -0.249882891774178 -0.317937523126602 2.98188042640686
14 9 0.133339822292328 0.233054608106613 3.18068218231201
14 10 0.184376657009125 -0.0294659752398729 3.1688539981842
14 11 0.206346690654755 -0.237600833177567 3.06718111038208
14 12 0.207536250352859 -0.317555785179138 3.01208567619324
14 13 -0.0912177637219429 -0.152042329311371 3.07789731025696
14 14 -0.142917424440384 -0.587030291557312 3.02072644233704
14 15 -0.151782304048538 -0.953467011451721 3.04224276542664
14 16 -0.153951987624168 -1.0525609254837 2.96309018135071
14 17 0.0556121803820133 -0.152208536863327 3.08794069290161
14 18 0.109384812414646 -0.580933570861816 3.00399494171143
14 19 0.0989643037319183 -0.946524322032928 3.01909041404724
14 20 0.108457088470459 -1.04856181144714 2.94727039337158
15 1 -0.0189469829201698 -0.0808366164565086 3.09918165206909
15 2 -0.0207548309117556 -0.0201278999447823 3.16120028495789
15 3 -0.0255134832113981 0.352144956588745 3.18334937095642
15 4 -0.0283693894743919 0.546094596385956 3.1727557182312
15 5 -0.190114706754684 0.226495355367661 3.17511773109436
15 6 -0.237989947199821 -0.00227112369611859 3.13860654830933
15 7 -0.251818865537643 -0.235499948263168 3.02421998977661
15 8 -0.251162499189377 -0.318697690963745 2.98623156547546
15 9 0.133523344993591 0.233446598052979 3.18075013160706
15 10 0.183770358562469 -0.0284793395549059 3.173508644104
15 11 0.199932470917702 -0.226466178894043 3.08202862739563
15 12 0.207754224538803 -0.32164067029953 3.02050352096558
15 13 -0.0912447348237038 -0.152160078287125 3.07762718200684
15 14 -0.143255978822708 -0.586895644664764 3.02090311050415
15 15 -0.152126684784889 -0.953408241271973 3.04050850868225
15 16 -0.156406760215759 -1.05485594272614 2.95938754081726
15 17 0.0558500252664089 -0.152028247714043 3.08724689483643
15 18 0.110047087073326 -0.581328988075256 3.00421810150146
15 19 0.0979432389140129 -0.952672183513641 3.01820540428162
15 20 0.1075299680233 -1.05125844478607 2.94980907440186
16 1 -0.0190558955073357 -0.0810028463602066 3.09908032417297
16 2 -0.0206202138215303 -0.0202596448361874 3.1609034538269
16 3 -0.025421230122447 0.351304739713669 3.18257641792297
16 4 -0.0264452826231718 0.547434747219086 3.17533302307129
16 5 -0.190374031662941 0.227435290813446 3.17571711540222
16 6 -0.237690478563309 -0.00700109731405973 3.13981580734253
16 7 -0.251795083284378 -0.235992804169655 3.02771067619324
16 8 -0.251174956560135 -0.324458390474319 2.98751997947693
16 9 0.133143752813339 0.233839377760887 3.17969608306885
16 10 0.181883826851845 -0.034264050424099 3.17227077484131
16 11 0.203919857740402 -0.251671880483627 3.06632208824158
16 12 0.206077098846436 -0.31691837310791 3.01361751556396
16 13 -0.091252289712429 -0.15239255130291 3.07785773277283
16 14 -0.143796563148499 -0.586446940898895 3.02117872238159
16 15 -0.151897504925728 -0.957750856876373 3.03996896743774
16 16 -0.156064286828041 -1.05502247810364 2.96731400489807
16 17 0.0553882494568825 -0.15205454826355 3.08709359169006
16 18 0.109787963330746 -0.582391500473022 3.00404763221741
16 19 0.0998391807079315 -0.947553873062134 3.02100801467896
16 20 0.108963347971439 -1.05102145671844 2.9520788192749
17 1 -0.0196273028850555 -0.0809542536735535 3.09868359565735
17 2 -0.0211368836462498 -0.0203029178082943 3.16057848930359
17 3 -0.025920731946826 0.35154664516449 3.18295407295227
17 4 -0.0278277341276407 0.546504318714142 3.17598628997803
17 5 -0.190817013382912 0.227398961782455 3.17561841011047
17 6 -0.238140136003494 -0.00984227005392313 3.13852310180664
17 7 -0.250301122665405 -0.238239601254463 3.02714514732361
17 8 -0.251933753490448 -0.322618305683136 2.98975443840027
17 9 0.132538557052612 0.23310860991478 3.17995429039001
17 10 0.180058375000954 -0.0250123217701912 3.17502689361572
17 11 0.202946573495865 -0.223294138908386 3.07266879081726
17 12 0.20727314054966 -0.316517055034637 3.01028108596802
17 13 -0.0917407646775246 -0.152380362153053 3.07783913612366
17 14 -0.144405767321587 -0.586102485656738 3.02060723304749
17 15 -0.152180567383766 -0.952632427215576 3.0380916595459
17 16 -0.154741302132607 -1.0527012348175 2.96530652046204
17 17 0.0545518323779106 -0.151776775717735 3.08682560920715
17 18 0.107790268957615 -0.581911563873291 3.0029730796814
17 19 0.0992579609155655 -0.948183596134186 3.0218026638031
17 20 0.10792376101017 -1.05011081695557 2.95015692710876
18 1 -0.0201557464897633 -0.0805716663599014 3.09844899177551
18 2 -0.0220138486474752 -0.020016971975565 3.16038465499878
18 3 -0.0257772784680128 0.352327466011047 3.18362069129944
18 4 -0.0299823470413685 0.546277761459351 3.17861819267273
18 5 -0.191097006201744 0.226412415504456 3.175621509552
18 6 -0.240090996026993 -0.00788828544318676 3.13625979423523
18 7 -0.250193893909454 -0.239104211330414 3.02293825149536
18 8 -0.24938727915287 -0.321846425533295 2.97890090942383
18 9 0.132772102952003 0.234084770083427 3.18331623077393
18 10 0.179606169462204 -0.0235070772469044 3.17486214637756
18 11 0.203729271888733 -0.222312599420547 3.07754182815552
18 12 0.206451877951622 -0.317477226257324 3.01518774032593
18 13 -0.0923895016312599 -0.152138695120811 3.07728505134583
18 14 -0.144601300358772 -0.587260365486145 3.02091240882874
18 15 -0.152689725160599 -0.954869866371155 3.0400288105011
18 16 -0.155234962701797 -1.05506217479706 2.95703077316284
18 17 0.0540236830711365 -0.151374727487564 3.08665990829468
18 18 0.107445701956749 -0.582244515419006 3.00290942192078
18 19 0.10031932592392 -0.95012503862381 3.02047991752625
18 20 0.106130540370941 -1.05102562904358 2.94738841056824
19 1 -0.0208547003567219 -0.0800979882478714 3.09861207008362
19 2 -0.0233107153326273 -0.0195979177951813 3.16054582595825
19 3 -0.0269779600203037 0.353256106376648 3.1843204498291
19 4 -0.0317341685295105 0.546583652496338 3.1847038269043
19 5 -0.192239850759506 0.226570844650269 3.17685699462891
19 6 -0.24082250893116 -0.00139618711546063 3.13731336593628
19 7 -0.250114649534225 -0.238388761878014 3.01833415031433
19 8 -0.249757692217827 -0.321656316518784 2.97847032546997
19 9 0.132964193820953 0.233847767114639 3.18832802772522
19 10 0.178349241614342 -0.030467526987195 3.17561960220337
19 11 0.203924655914307 -0.224954158067703 3.0776219367981
19 12 0.206515192985535 -0.32027006149292 3.01571917533875
19 13 -0.0931267291307449 -0.151715382933617 3.07738256454468
19 14 -0.144268050789833 -0.58745288848877 3.02101492881775
19 15 -0.152550771832466 -0.956025004386902 3.03952431678772
19 16 -0.15366593003273 -1.05386173725128 2.96385550498962
19 17 0.0532632768154144 -0.151053309440613 3.08694458007813
19 18 0.106745183467865 -0.581782758235931 3.00337219238281
19 19 0.100079327821732 -0.946921050548553 3.02189636230469
19 20 0.106712825596333 -1.05039286613464 2.94729208946228
20 1 -0.0216418690979481 -0.0796441435813904 3.09956622123718
20 2 -0.0242610238492489 -0.0190894640982151 3.16148161888123
20 3 -0.0275239665061235 0.353930056095123 3.18491888046265
20 4 -0.032696396112442 0.549176275730133 3.18856930732727
20 5 -0.195362016558647 0.226573258638382 3.17968440055847
20 6 -0.242155089974403 0.00014343106886372 3.13857889175415
20 7 -0.249598354101181 -0.239191457629204 3.01518106460571
20 8 -0.250224590301514 -0.321650326251984 2.98213338851929
20 9 0.13244540989399 0.230026409029961 3.19066715240479
20 10 0.175453707575798 -0.0265528466552496 3.18396925926209
20 11 0.203822255134583 -0.240975350141525 3.07088422775269
20 12 0.205983325839043 -0.319289058446884 3.01873087882996
20 13 -0.0940860956907272 -0.151631891727448 3.07795715332031
20 14 -0.145082741975784 -0.588519752025604 3.02135229110718
20 15 -0.152981355786324 -0.954852283000946 3.04014706611633
20 16 -0.153267189860344 -1.05367720127106 2.96340918540955
20 17 0.0528174862265587 -0.151238471269608 3.08813834190369
20 18 0.106891132891178 -0.580032408237457 3.00345182418823
20 19 0.0997267439961433 -0.949920058250427 3.0210325717926
20 20 0.107009656727314 -1.0521627664566 2.94921612739563
