1 1 -0.0163154695183039 -0.0491251796483994 3.05077385902405
1 2 -0.0217358861118555 0.00693544372916222 3.11892652511597
1 3 -0.0304935276508331 0.384295433759689 3.17186141014099
1 4 -0.0396359115839005 0.574615359306335 3.1658091545105
1 5 -0.215881586074829 0.252334982156754 3.11550712585449
1 6 -0.2833351790905 0.0120115596801043 3.05010271072388
1 7 -0.262753844261169 -0.24745412170887 2.95059156417847
1 8 -0.250708669424057 -0.335401177406311 2.93290209770203
1 9 0.147140637040138 0.253131717443466 3.13678121566772
1 10 0.230936765670776 -0.0341979786753654 3.10229468345642
1 11 0.232204496860504 -0.253017485141754 2.98082947731018
1 12 0.227510586380959 -0.351757407188416 2.93750023841858
1 13 -0.0951704457402229 -0.128849655389786 3.02095699310303
1 14 -0.089719146490097 -0.664294600486755 3.02638101577759
1 15 -0.0572235733270645 -1.02057838439941 2.97973155975342
1 16 -0.04346564412117 -1.07504749298096 2.93014430999756
1 17 0.0679493993520737 -0.125453472137451 3.03238677978516
1 18 0.0646965131163597 -0.661999225616455 2.99999618530273
1 19 0.0452687479555607 -1.00394141674042 2.96947169303894
1 20 0.0683784484863281 -1.05821716785431 2.90257740020752
2 1 -0.0145771512761712 -0.0489391423761845 3.0527925491333
2 2 -0.0208127107471228 0.00754638202488422 3.12079381942749
2 3 -0.0275238789618015 0.385906279087067 3.17292761802673
2 4 -0.0394970923662186 0.574312925338745 3.16703629493713
2 5 -0.21452696621418 0.252421289682388 3.11408400535584
2 6 -0.280189871788025 0.0109106553718448 3.04728531837463
2 7 -0.262183159589767 -0.247116968035698 2.94928574562073
2 8 -0.249382078647614 -0.336496949195862 2.93042516708374
2 9 0.1501524746418 0.254035413265228 3.14277672767639
2 10 0.23446661233902 -0.0198561698198318 3.11959266662598
2 11 0.233881309628487 -0.252943366765976 2.98923087120056
2 12 0.229905977845192 -0.353893607854843 2.94588708877563
2 13 -0.0939314961433411 -0.128967180848122 3.0218813419342
2 14 -0.089231088757515 -0.665023863315582 3.02917504310608
2 15 -0.0573383718729019 -1.02239072322845 2.98410320281982
2 16 -0.0911319106817245 -1.0736643075943 2.9424843788147
2 17 0.0699753984808922 -0.125617980957031 3.0361487865448
2 18 0.0669770240783691 -0.66539990901947 3.00492882728577
2 19 0.0465580075979233 -1.00545108318329 2.98113918304443
2 20 0.0687103122472763 -1.0632107257843 2.90759134292603
3 1 -0.0144657539203763 -0.0486515387892723 3.05334639549255
3 2 -0.0209929086267948 0.00789817050099373 3.12129282951355
3 3 -0.0255737490952015 0.387044787406921 3.17359972000122
3 4 -0.0388230681419373 0.577030837535858 3.16816997528076
3 5 -0.212949991226196 0.252487897872925 3.11250638961792
3 6 -0.277834355831146 0.00674894545227289 3.04463315010071
3 7 -0.261957973241806 -0.246844589710236 2.94795799255371
3 8 -0.249294400215149 -0.337421298027039 2.92814970016479
3 9 0.151734814047813 0.254155725240707 3.1448073387146
3 10 0.234855324029922 -0.0316591039299965 3.11565756797791
3 11 0.235690265893936 -0.255150705575943 2.99242925643921
3 12 0.233479797840118 -0.355530261993408 2.94953656196594
3 13 -0.0940729007124901 -0.128817990422249 3.02241492271423
3 14 -0.0880830809473991 -0.66459184885025 3.03053259849548
3 15 -0.0597901865839958 -1.02252471446991 2.98535513877869
3 16 -0.0873517245054245 -1.06892156600952 2.93359136581421
3 17 0.0698186904191971 -0.1255002617836 3.03652453422546
3 18 0.0675214752554893 -0.661883056163788 3.00728321075439
3 19 0.0457674041390419 -0.999265193939209 2.98861002922058
3 20 0.0658556222915649 -1.0575578212738 2.91856646537781
4 1 -0.0136540224775672 -0.0486297011375427 3.0538489818573
4 2 -0.020420927554369 0.00803424417972565 3.12173056602478
4 3 -0.0260678324848413 0.386517763137817 3.1732132434845
4 4 -0.0388733446598053 0.580650925636292 3.16768074035645
4 5 -0.212309926748276 0.252783387899399 3.1125922203064
4 6 -0.278448045253754 0.00985573139041662 3.04521489143372
4 7 -0.262335926294327 -0.246566712856293 2.9470100402832
4 8 -0.248728215694427 -0.337677717208862 2.92585968971252
4 9 0.152325227856636 0.254364669322968 3.14559483528137
4 10 0.234348773956299 -0.0345722958445549 3.1168966293335
4 11 0.236070677638054 -0.254944324493408 2.99352097511292
4 12 0.232962265610695 -0.355912238359451 2.95021176338196
4 13 -0.0932596176862717 -0.128856346011162 3.02234172821045
4 14 -0.0882275924086571 -0.666400551795959 3.03106737136841
4 15 -0.0554108545184135 -1.01856350898743 2.98557353019714
4 16 -0.0767193138599396 -1.06758213043213 2.9335343837738
4 17 0.0711591988801956 -0.125685781240463 3.03771615028381
4 18 0.06703832000494 -0.6634920835495 3.00712466239929
4 19 0.0477571077644825 -1.00499629974365 2.98352837562561
4 20 0.0707557126879692 -1.06341230869293 2.90876436233521
5 1 -0.0137600395828485 -0.0483974367380142 3.05410408973694
5 2 -0.0205394141376019 0.00816959887742996 3.12206673622131
5 3 -0.0264556221663952 0.387095332145691 3.17480540275574
5 4 -0.0389968492090702 0.585024654865265 3.16796684265137
5 5 -0.211815476417542 0.2531818151474 3.11293911933899
5 6 -0.279652953147888 0.0127136623486876 3.04569506645203
5 7 -0.262312799692154 -0.246584966778755 2.94794678688049
5 8 -0.249746218323708 -0.336953997612 2.92877507209778
5 9 0.150547444820404 0.254031807184219 3.14603686332703
5 10 0.231676563620567 -0.0345044955611229 3.11658525466919
5 11 0.234547391533852 -0.253621071577072 2.99581098556519
5 12 0.230213239789009 -0.35493391752243 2.95251703262329
5 13 -0.093053326010704 -0.127980053424835 3.02219009399414
5 14 -0.0899361222982407 -0.664965629577637 3.03097438812256
5 15 -0.054928369820118 -1.01772582530975 2.98809766769409
5 16 -0.0869604349136353 -1.06894326210022 2.94377303123474
5 17 0.0703366100788116 -0.125249639153481 3.0380425453186
5 18 0.0690913200378418 -0.660644829273224 3.0064160823822
5 19 0.0426817238330841 -1.00195598602295 2.98557043075562
5 20 0.0600999370217323 -1.05570149421692 2.91664552688599
6 1 -0.0142422150820494 -0.048477940261364 3.05436778068542
6 2 -0.0212017372250557 0.00767015852034092 3.12240648269653
6 3 -0.0289326645433903 0.385314047336578 3.1771125793457
6 4 -0.0408684909343719 0.586278319358826 3.17031693458557
6 5 -0.213068410754204 0.25214621424675 3.11419677734375
6 6 -0.282363742589951 0.0153736853972077 3.04876613616943
6 7 -0.2630794942379 -0.244262397289276 2.94895029067993
6 8 -0.249526262283325 -0.335564494132996 2.93135952949524
6 9 0.149606794118881 0.253261387348175 3.14824032783508
6 10 0.230426996946335 -0.0350302010774612 3.11742258071899
6 11 0.233307048678398 -0.252545446157455 2.99634099006653
6 12 0.2274549305439 -0.354327946901321 2.94912266731262
6 13 -0.0935359224677086 -0.128028407692909 3.02240657806396
6 14 -0.0887904688715935 -0.664430558681488 3.03052258491516
6 15 -0.0593158304691315 -1.01988816261292 2.98835945129395
6 16 -0.094121091067791 -1.06776201725006 2.93988084793091
6 17 0.0698999613523483 -0.125140190124512 3.03786635398865
6 18 0.0688731744885445 -0.661879301071167 3.00635170936584
6 19 0.0382334887981415 -1.00300860404968 2.98666000366211
6 20 0.0635998398065567 -1.0599719285965 2.91901540756226
7 1 -0.0151551384478807 -0.0487587638199329 3.05527520179749
7 2 -0.0223215464502573 0.00720653869211674 3.12364649772644
7 3 -0.030907828360796 0.38553386926651 3.17993140220642
7 4 -0.04262775182724 0.588045418262482 3.16925978660584
7 5 -0.214753121137619 0.252793908119202 3.11645364761353
7 6 -0.281518638134003 0.00523778097704053 3.04812073707581
7 7 -0.262332886457443 -0.248533755540848 2.95004630088806
7 8 -0.248997241258621 -0.336527407169342 2.93350529670715
7 9 0.147750645875931 0.253715634346008 3.14991211891174
7 10 0.229640498757362 -0.0350605696439743 3.11679649353027
7 11 0.233801007270813 -0.251381874084473 2.99889278411865
7 12 0.228114813566208 -0.355168700218201 2.94585180282593
7 13 -0.0941510871052742 -0.128383964300156 3.02313184738159
7 14 -0.0890642553567886 -0.669110417366028 3.03208541870117
7 15 -0.0591564849019051 -1.02239811420441 2.98727035522461
7 16 -0.0697176903486252 -1.0729968547821 2.93253970146179
7 17 0.0685089975595474 -0.125244453549385 3.03867244720459
7 18 0.066225178539753 -0.669055759906769 3.00821256637573
7 19 0.0425194464623928 -1.00531578063965 2.9847457408905
7 20 0.0648015812039375 -1.06267213821411 2.90631413459778
8 1 -0.0162905342876911 -0.0493387058377266 3.05690407752991
8 2 -0.0235337652266026 0.00644323602318764 3.12554121017456
8 3 -0.0339833721518517 0.384472131729126 3.18249726295471
8 4 -0.0440004132688046 0.58955317735672 3.17120742797852
8 5 -0.215610206127167 0.252320259809494 3.11844420433044
8 6 -0.282419174909592 0.00911339931190014 3.05096793174744
8 7 -0.263585984706879 -0.246898144483566 2.95183634757996
8 8 -0.250214248895645 -0.336519330739975 2.93466091156006
8 9 0.146279186010361 0.254587113857269 3.15095973014832
8 10 0.230157643556595 -0.02464291267097 3.12339687347412
8 11 0.232678398489952 -0.252546727657318 2.99943232536316
8 12 0.227903679013252 -0.354891955852509 2.94884181022644
8 13 -0.0947072058916092 -0.129114836454391 3.02523708343506
8 14 -0.0912298783659935 -0.66497802734375 3.03169107437134
8 15 -0.0572972670197487 -1.02024614810944 2.98682069778442
8 16 -0.0925463810563087 -1.06998074054718 2.93955850601196
8 17 0.0677642077207565 -0.125365793704987 3.03950929641724
8 18 0.0663725435733795 -0.665113627910614 3.00661993026733
8 19 0.0452065765857697 -1.00455713272095 2.98468828201294
8 20 0.0653531476855278 -1.06015765666962 2.91105937957764
9 1 -0.0168082937598228 -0.0495414026081562 3.05895638465881
9 2 -0.0240146145224571 0.0063419584184885 3.12763738632202
9 3 -0.0338445529341698 0.384912490844727 3.1843683719635
9 4 -0.044231366366148 0.592041313648224 3.17301154136658
9 5 -0.217391580343246 0.251032948493958 3.12018013000488
9 6 -0.28235524892807 0.00303344964049757 3.05196189880371
9 7 -0.264014095067978 -0.246429800987244 2.95230460166931
9 8 -0.250633239746094 -0.337113916873932 2.93672037124634
9 9 0.146204963326454 0.254341810941696 3.15425682067871
9 10 0.230367988348007 -0.0287840105593205 3.12246894836426
9 11 0.231518507003784 -0.25887343287468 2.99896717071533
9 12 0.225081786513329 -0.354967504739761 2.95219397544861
9 13 -0.0954936593770981 -0.129649445414543 3.02734065055847
9 14 -0.0908315405249596 -0.665197372436523 3.03261399269104
9 15 -0.058451134711504 -1.02067840099335 2.98589849472046
9 16 -0.0929526686668396 -1.06888949871063 2.93891382217407
9 17 0.0677124187350273 -0.125646442174911 3.04182481765747
9 18 0.0654379054903984 -0.662433803081512 3.00870895385742
9 19 0.0440686345100403 -1.00434708595276 2.98482298851013
9 20 0.0629799515008926 -1.06062591075897 2.9119701385498
10 1 -0.0166637860238552 -0.0497600696980953 3.06083559989929
10 2 -0.0243131555616856 0.00630315765738487 3.12949776649475
10 3 -0.0327870585024357 0.385701656341553 3.18658661842346
10 4 -0.0440566316246986 0.59495222568512 3.17523622512817
10 5 -0.217002928256989 0.250245153903961 3.12141442298889
10 6 -0.285186111927032 0.00471558980643749 3.0531165599823
10 7 -0.264025449752808 -0.248562559485435 2.95264768600464
10 8 -0.25090554356575 -0.337197244167328 2.93732905387878
10 9 0.14696492254734 0.254484057426453 3.15807437896729
10 10 0.229840025305748 -0.0309457797557116 3.12333464622498
10 11 0.233139649033546 -0.254604190587997 3.00219106674194
10 12 0.225584954023361 -0.356037437915802 2.95672273635864
10 13 -0.0952693074941635 -0.12987719476223 3.0287926197052
10 14 -0.0900602638721466 -0.668051481246948 3.033531665802
10 15 -0.0623199157416821 -1.02207911014557 2.98689341545105
10 16 -0.0954361632466316 -1.07176756858826 2.94001507759094
10 17 0.0679301396012306 -0.12583614885807 3.04359364509583
10 18 0.0657093673944473 -0.664053499698639 3.01094198226929
10 19 0.0424859896302223 -1.0047287940979 2.98776841163635
10 20 0.0609814822673798 -1.06050264835358 2.92244696617126
11 1 -0.0158364996314049 -0.0497752502560616 3.06251883506775
11 2 -0.0236149188131094 0.00617979280650616 3.13121557235718
11 3 -0.0316208004951477 0.385222792625427 3.18821406364441
11 4 -0.0435015596449375 0.596809029579163 3.17978072166443
11 5 -0.216333255171776 0.249812036752701 3.12206792831421
11 6 -0.281691610813141 0.00561373261734843 3.05461406707764
11 7 -0.263533294200897 -0.247960910201073 2.95465302467346
11 8 -0.25076088309288 -0.335833549499512 2.93841457366943
11 9 0.147868007421494 0.254534155130386 3.16008830070496
11 10 0.230025961995125 -0.0342443995177746 3.12551045417786
11 11 0.233775228261948 -0.254663616418839 3.00346398353577
11 12 0.227331593632698 -0.357521325349808 2.95761632919312
11 13 -0.0946732088923454 -0.12988717854023 3.02951097488403
11 14 -0.0899217575788498 -0.665715217590332 3.03382229804993
11 15 -0.0577976889908314 -1.01782894134521 2.98865675926209
11 16 -0.077694371342659 -1.07680821418762 2.94476461410522
11 17 0.0687800347805023 -0.12596096098423 3.04582095146179
11 18 0.0673079714179039 -0.660375714302063 3.01124405860901
11 19 0.0395064353942871 -1.00394630432129 2.98862886428833
11 20 0.0566388554871082 -1.05967140197754 2.91820597648621
12 1 -0.0152066983282566 -0.0497649721801281 3.06352853775024
12 2 -0.0228120852261782 0.00651915930211544 3.13203430175781
12 3 -0.0295607019215822 0.38580185174942 3.1875741481781
12 4 -0.0434081926941872 0.59897381067276 3.18002104759216
12 5 -0.214894220232964 0.249795123934746 3.12243247032166
12 6 -0.280671209096909 0.00661418214440346 3.05380034446716
12 7 -0.263332217931747 -0.248317018151283 2.95439672470093
12 8 -0.250843971967697 -0.336825013160706 2.93858456611633
12 9 0.148976653814316 0.254916548728943 3.16021156311035
12 10 0.230874508619308 -0.0354729406535625 3.12499356269836
12 11 0.234978258609772 -0.255593836307526 3.00416588783264
12 12 0.227148443460464 -0.355832576751709 2.95961165428162
12 13 -0.0941262021660805 -0.129877164959908 3.03157472610474
12 14 -0.0891083106398582 -0.666968107223511 3.0347912311554
12 15 -0.0578365735709667 -1.01992344856262 2.9904305934906
12 16 -0.0791834071278572 -1.072105884552 2.93860673904419
12 17 0.0691877901554108 -0.126209065318108 3.04658317565918
12 18 0.0670188888907433 -0.663389146327972 3.01149010658264
12 19 0.0430952608585358 -1.00885939598083 2.98617339134216
12 20 0.0559864901006222 -1.06365132331848 2.91718339920044
13 1 -0.0143289305269718 -0.0493030697107315 3.06448173522949
13 2 -0.0217629466205835 0.00701695308089256 3.13303112983704
13 3 -0.0276682153344154 0.387838751077652 3.18852710723877
13 4 -0.0413702540099621 0.602642118930817 3.18808889389038
13 5 -0.2137620896101 0.249796807765961 3.12224435806274
13 6 -0.277923107147217 0.00331654702313244 3.05441951751709
13 7 -0.263244837522507 -0.246869698166847 2.95516180992126
13 8 -0.251210063695908 -0.336159765720367 2.93867516517639
13 9 0.149927273392677 0.254902064800262 3.15927243232727
13 10 0.23176035284996 -0.0381917990744114 3.12576007843018
13 11 0.235925108194351 -0.256996154785156 3.00214099884033
13 12 0.228806674480438 -0.356090486049652 2.95790386199951
13 13 -0.0931464433670044 -0.129636198282242 3.03265857696533
13 14 -0.0896933153271675 -0.666507184505463 3.03486371040344
13 15 -0.0624232925474644 -1.01498413085938 2.98887062072754
13 16 -0.0859280228614807 -1.0716747045517 2.9357750415802
13 17 0.0699285119771957 -0.125564426183701 3.04728507995605
13 18 0.0670965313911438 -0.662299394607544 3.01047372817993
13 19 0.0382198467850685 -1.00581753253937 2.98435878753662
13 20 0.0660893991589546 -1.05952501296997 2.9146523475647
14 1 -0.0135750640183687 -0.0479065217077732 3.06518149375916
14 2 -0.0211915746331215 0.00826571509242058 3.13364386558533
14 3 -0.0274692177772522 0.387857347726822 3.18873858451843
14 4 -0.0410922318696976 0.604055881500244 3.18911790847778
14 5 -0.212834268808365 0.25019297003746 3.12240433692932
14 6 -0.277493983507156 0.00773520302027464 3.05578112602234
14 7 -0.262742877006531 -0.246212393045425 2.95553183555603
14 8 -0.251673400402069 -0.334699034690857 2.93673014640808
14 9 0.152342721819878 0.254511624574661 3.16050434112549
14 10 0.233462259173393 -0.0382921956479549 3.12477922439575
14 11 0.236136749386787 -0.258001834154129 3.00017666816711
14 12 0.230429261922836 -0.355874508619308 2.95540809631348
14 13 -0.0926172956824303 -0.128614351153374 3.03292632102966
14 14 -0.0904984027147293 -0.664889335632324 3.03616833686829
14 15 -0.0620643645524979 -1.0118715763092 2.99018287658691
14 16 -0.0934204831719399 -1.06233263015747 2.94179916381836
14 17 0.070958636701107 -0.124546438455582 3.04825615882874
14 18 0.0689532607793808 -0.658309936523438 3.01187348365784
14 19 0.0400182828307152 -0.999351501464844 2.9922947883606
14 20 0.0642957165837288 -1.05547285079956 2.92133569717407
15 1 -0.0129731958732009 -0.0481847450137138 3.06530952453613
15 2 -0.0206418242305517 0.00799414329230785 3.13378596305847
15 3 -0.02821009978652 0.387289345264435 3.18914484977722
15 4 -0.0398625582456589 0.604408025741577 3.18780708312988
15 5 -0.211365908384323 0.249779134988785 3.12376523017883
15 6 -0.276699364185333 0.0072080479003489 3.05642867088318
15 7 -0.261782705783844 -0.246588304638863 2.9554226398468
15 8 -0.251082330942154 -0.334272146224976 2.9371497631073
15 9 0.153463259339333 0.25458088517189 3.16136431694031
15 10 0.234119772911072 -0.0380938909947872 3.12480878829956
15 11 0.237827807664871 -0.254453212022781 3.0010302066803
15 12 0.23081074655056 -0.356038451194763 2.95782780647278
15 13 -0.0918346494436264 -0.128732368350029 3.03321695327759
15 14 -0.0903451517224312 -0.662719249725342 3.03603148460388
15 15 -0.0569270364940166 -1.00620937347412 2.99354219436646
15 16 -0.0828529596328735 -1.05934286117554 2.94542765617371
15 17 0.0717815309762955 -0.124605990946293 3.04818320274353
15 18 0.0716549456119537 -0.657400727272034 3.01142573356628
15 19 0.0433716550469399 -1.00164639949799 2.98750567436218
15 20 0.0570649355649948 -1.059530377388 2.92096209526062
16 1 -0.0116532007232308 -0.0483684502542019 3.06574535369873
16 2 -0.0194109138101339 0.00792960450053215 3.1342625617981
16 3 -0.0273181684315205 0.387666493654251 3.18960523605347
16 4 -0.0360945984721184 0.606217682361603 3.18961834907532
16 5 -0.21010060608387 0.250637322664261 3.12441182136536
16 6 -0.274994045495987 -0.0052071250975132 3.05718851089478
16 7 -0.260944366455078 -0.248247399926186 2.95551013946533
16 8 -0.250897467136383 -0.334092855453491 2.93612146377563
16 9 0.154109925031662 0.25393545627594 3.16090631484985
16 10 0.235921651124954 -0.0371101349592209 3.12531852722168
16 11 0.23854672908783 -0.256256103515625 3.00132608413696
16 12 0.232165455818176 -0.355636179447174 2.95871877670288
16 13 -0.090379111468792 -0.128863051533699 3.03361821174622
16 14 -0.0897947251796722 -0.663618505001068 3.03656935691834
16 15 -0.0572519861161709 -1.01130270957947 2.99046540260315
16 16 -0.0799408480525017 -1.06204926967621 2.93854212760925
16 17 0.0733055770397186 -0.124651581048965 3.04859924316406
16 18 0.0716544613242149 -0.659426212310791 3.01258993148804
16 19 0.0458853468298912 -1.00149726867676 2.98693871498108
16 20 0.0675749033689499 -1.06100940704346 2.90873026847839
17 1 -0.0112323202192783 -0.0469073243439198 3.06589078903198
17 2 -0.0192179679870605 0.0090505164116621 3.13428449630737
17 3 -0.0264458917081356 0.387810170650482 3.1887788772583
17 4 -0.0331328175961971 0.607277691364288 3.18782234191895
17 5 -0.209217295050621 0.250931471586227 3.12545776367188
17 6 -0.276350557804108 0.00241030496545136 3.05842995643616
17 7 -0.259791016578674 -0.248100414872169 2.95444107055664
17 8 -0.250148802995682 -0.334859579801559 2.93476915359497
17 9 0.159126564860344 0.254243224859238 3.16515350341797
17 10 0.235651701688766 -0.0399702973663807 3.12383794784546
17 11 0.238236635923386 -0.254466950893402 3.00375461578369
17 12 0.232178285717964 -0.354457914829254 2.95953774452209
17 13 -0.0903221815824509 -0.127805545926094 3.03398728370667
17 14 -0.0893100276589394 -0.661792159080505 3.03665590286255
17 15 -0.0626937299966812 -1.00994217395782 2.99181270599365
17 16 -0.0896776765584946 -1.06237840652466 2.944167137146
17 17 0.0739928707480431 -0.123987063765526 3.04842185974121
17 18 0.072857491672039 -0.655235230922699 3.01114416122437
17 19 0.0467594601213932 -0.995878517627716 2.99020433425903
17 20 0.0706428736448288 -1.05044174194336 2.92669200897217
18 1 -0.0109697673469782 -0.046932939440012 3.06567072868347
18 2 -0.0185878723859787 0.00922485999763012 3.13408231735229
18 3 -0.0261990949511528 0.38824725151062 3.18781733512878
18 4 -0.0337666310369968 0.608349859714508 3.18614554405212
18 5 -0.208422988653183 0.250826120376587 3.12500500679016
18 6 -0.274668872356415 -0.00144388689659536 3.05652236938477
18 7 -0.259314566850662 -0.24564191699028 2.95531129837036
18 8 -0.249667122960091 -0.335218071937561 2.93415188789368
18 9 0.156838983297348 0.254298746585846 3.16126227378845
18 10 0.234173133969307 -0.0390587747097015 3.12438893318176
18 11 0.238477379083633 -0.255899965763092 3.00392746925354
18 12 0.233112677931786 -0.355923593044281 2.96031951904297
18 13 -0.0899934396147728 -0.127595633268356 3.03415036201477
18 14 -0.0889111682772636 -0.663160085678101 3.03631949424744
18 15 -0.0612955205142498 -1.01195847988129 2.98779463768005
18 16 -0.0890925675630569 -1.06331157684326 2.93984985351563
18 17 0.0738826915621758 -0.123662292957306 3.04752850532532
18 18 0.0725055113434792 -0.659336924552917 3.01029968261719
18 19 0.0410091876983643 -0.998190999031067 2.98980975151062
18 20 0.0634630918502808 -1.05658650398254 2.91877293586731
19 1 -0.0110234133899212 -0.046904444694519 3.06548976898193
19 2 -0.0185992456972599 0.00928535684943199 3.13393211364746
19 3 -0.027051979675889 0.388130456209183 3.18747591972351
19 4 -0.0328567698597908 0.609093606472015 3.18612360954285
19 5 -0.207923665642738 0.251411020755768 3.12567520141602
19 6 -0.274561524391174 0.000573200173676014 3.05764007568359
19 7 -0.259100586175919 -0.246428489685059 2.95518493652344
19 8 -0.249854028224945 -0.334869146347046 2.93360829353333
19 9 0.157166793942451 0.253035038709641 3.16111540794373
19 10 0.234377220273018 -0.0387786440551281 3.12490296363831
19 11 0.236514210700989 -0.255625545978546 3.00226664543152
19 12 0.231577262282372 -0.354770481586456 2.95991563796997
19 13 -0.0900155156850815 -0.127462074160576 3.03367757797241
19 14 -0.0889600142836571 -0.664059817790985 3.03555178642273
19 15 -0.0655165463685989 -1.01217877864838 2.99202680587769
19 16 -0.0929364860057831 -1.06343567371368 2.94377112388611
19 17 0.0738226994872093 -0.123683236539364 3.04757332801819
19 18 0.0706828236579895 -0.657796025276184 3.01123857498169
19 19 0.0448006577789783 -0.999124467372894 2.9873526096344
19 20 0.0442312657833099 -1.05695271492004 2.93158888816834
20 1 -0.0111794853582978 -0.0468897074460983 3.0654284954071
20 2 -0.0182871930301189 0.00930242240428925 3.13392877578735
20 3 -0.0267256982624531 0.388288527727127 3.18780732154846
20 4 -0.0351405665278435 0.609533429145813 3.1848304271698
20 5 -0.207925617694855 0.252087414264679 3.12626671791077
20 6 -0.27575021982193 0.00328403734602034 3.05748510360718
20 7 -0.259186685085297 -0.247049406170845 2.95503044128418
20 8 -0.249680578708649 -0.335250854492188 2.9341561794281
20 9 0.155361160635948 0.253442287445068 3.15871071815491
20 10 0.234515786170959 -0.0383461713790894 3.12329435348511
20 11 0.23609584569931 -0.25799286365509 3.00225377082825
20 12 0.234928876161575 -0.357360124588013 2.95503973960876
20 13 -0.09001624584198 -0.127199426293373 3.03364372253418
20 14 -0.0889656096696854 -0.662799715995789 3.03624820709229
20 15 -0.0615535899996758 -1.01334846019745 2.99071860313416
20 16 -0.083977684378624 -1.06437802314758 2.93224143981934
20 17 0.073409341275692 -0.123585395514965 3.0475959777832
20 18 0.0706959664821625 -0.661835372447968 3.01012563705444
20 19 0.0451579168438911 -0.997876465320587 2.98910903930664
20 20 0.0622779838740826 -1.05931448936462 2.91228938102722
