1 1 -0.053510244935751 -0.146041959524155 3.13768100738525
1 2 -0.056348841637373 -0.093352422118187 3.20038866996765
1 3 -0.0608152560889721 0.256286084651947 3.24397969245911
1 4 -0.0794322118163109 0.455327808856964 3.25389242172241
1 5 -0.242804050445557 0.132044792175293 3.22595453262329
1 6 -0.273401647806168 -0.124217487871647 3.16672348976135
1 7 -0.260086923837662 -0.339833050966263 3.05929231643677
1 8 -0.255847901105881 -0.409578740596771 3.03286862373352
1 9 0.124239981174469 0.140451595187187 3.2410740852356
1 10 0.160435020923615 -0.14650171995163 3.16299319267273
1 11 0.143427461385727 -0.350321888923645 3.0326144695282
1 12 0.141858369112015 -0.445885121822357 2.99974679946899
1 13 -0.134350121021271 -0.228004679083824 3.11187601089478
1 14 -0.128198459744453 -0.687754571437836 3.11869120597839
1 15 -0.119331575930119 -1.02350175380707 3.05403733253479
1 16 -0.155014351010323 -1.06925559043884 2.99930596351624
1 17 0.0299891531467438 -0.222510188817978 3.11711049079895
1 18 0.0264140665531158 -0.679986834526062 3.08469271659851
1 19 0.00835391599684954 -1.00659501552582 3.04209446907043
1 20 0.0503510758280754 -1.05468940734863 2.96638107299805
2 1 -0.0515265725553036 -0.14677557349205 3.14219570159912
2 2 -0.0565245002508163 -0.0942377597093582 3.20475435256958
2 3 -0.0600043423473835 0.253594696521759 3.24755549430847
2 4 -0.0777591466903687 0.454084604978561 3.25470113754272
2 5 -0.242225393652916 0.13025863468647 3.22285914421082
2 6 -0.272664606571198 -0.12649966776371 3.16506123542786
2 7 -0.259441673755646 -0.34180873632431 3.05652928352356
2 8 -0.257918655872345 -0.412490874528885 3.03480291366577
2 9 0.130137965083122 0.137352749705315 3.25302243232727
2 10 0.159773468971252 -0.146682858467102 3.17251944541931
2 11 0.143137812614441 -0.34825187921524 3.03794121742249
2 12 0.141688302159309 -0.430315315723419 3.0143039226532
2 13 -0.133186995983124 -0.228523060679436 3.11183595657349
2 14 -0.127798736095428 -0.690827906131744 3.1185941696167
2 15 -0.115228764712811 -1.03110814094543 3.06090903282166
2 16 -0.155908405780792 -1.07169282436371 2.98889303207397
2 17 0.0339933522045612 -0.226069003343582 3.12781381607056
2 18 0.0244842302054167 -0.68772691488266 3.09677290916443
2 19 0.000226464588195086 -1.01586186885834 3.05011773109436
2 20 0.0512212887406349 -1.05830407142639 2.98225522041321
3 1 -0.0498443655669689 -0.146436482667923 3.1449933052063
3 2 -0.0554835572838783 -0.0939881354570389 3.20748805999756
3 3 -0.0597216412425041 0.253676980733871 3.25051689147949
3 4 -0.076333574950695 0.454702079296112 3.25507140159607
3 5 -0.241202026605606 0.130090579390526 3.22264337539673
3 6 -0.272757768630981 -0.126326233148575 3.1650652885437
3 7 -0.259544849395752 -0.34216171503067 3.05752873420715
3 8 -0.256965816020966 -0.410840392112732 3.03290629386902
3 9 0.131767436861992 0.136643826961517 3.2564001083374
3 10 0.160030990839005 -0.152330636978149 3.17306041717529
3 11 0.142843842506409 -0.354189217090607 3.03888416290283
3 12 0.142476573586464 -0.428260296583176 3.01340889930725
3 13 -0.131891876459122 -0.228502228856087 3.11237359046936
3 14 -0.127244904637337 -0.691424906253815 3.11789560317993
3 15 -0.115553416311741 -1.02996551990509 3.05675005912781
3 16 -0.158639252185822 -1.07266163825989 2.99509572982788
3 17 0.0361391343176365 -0.226336181163788 3.13189506530762
3 18 0.0244467761367559 -0.688854157924652 3.09923648834229
3 19 0.00718909315764904 -1.01536047458649 3.0519392490387
3 20 0.0521561428904533 -1.05843198299408 2.98357319831848
4 1 -0.0486080534756184 -0.146164894104004 3.14672517776489
4 2 -0.0545064583420753 -0.0934949219226837 3.20925807952881
4 3 -0.0574960000813007 0.255796194076538 3.25204944610596
4 4 -0.0758365392684937 0.454208791255951 3.25621008872986
4 5 -0.240474343299866 0.130130410194397 3.2217960357666
4 6 -0.27317225933075 -0.123653285205364 3.16509580612183
4 7 -0.260084301233292 -0.33986958861351 3.05861282348633
4 8 -0.254916936159134 -0.407353937625885 3.03336071968079
4 9 0.133377224206924 0.136857852339745 3.2585871219635
4 10 0.157575264573097 -0.147510960698128 3.17462086677551
4 11 0.142422705888748 -0.349985778331757 3.04135608673096
4 12 0.141938388347626 -0.426784694194794 3.01511645317078
4 13 -0.130994066596031 -0.228380247950554 3.11319494247437
4 14 -0.127230525016785 -0.689967334270477 3.11789298057556
4 15 -0.118063740432262 -1.02647483348846 3.05093288421631
4 16 -0.155676737427711 -1.07294964790344 2.9921247959137
4 17 0.0372950211167336 -0.226360365748405 3.13417148590088
4 18 0.0251275692135096 -0.689471364021301 3.10056638717651
4 19 0.00700626568868756 -1.0135680437088 3.05383133888245
4 20 0.0524803027510643 -1.05833852291107 2.98787474632263
5 1 -0.0483020953834057 -0.14561653137207 3.14796161651611
5 2 -0.0547719299793243 -0.0929082110524178 3.21026015281677
5 3 -0.0587079115211964 0.254787862300873 3.25063729286194
5 4 -0.0765219256281853 0.454669117927551 3.25583124160767
5 5 -0.240995049476624 0.130255401134491 3.22125816345215
5 6 -0.272037446498871 -0.126687943935394 3.16549348831177
5 7 -0.259753108024597 -0.342677712440491 3.05901765823364
5 8 -0.254779249429703 -0.409532517194748 3.03349733352661
5 9 0.133240833878517 0.140038266777992 3.26202273368835
5 10 0.15827639400959 -0.146897092461586 3.17108607292175
5 11 0.143373161554337 -0.351706624031067 3.04234504699707
5 12 0.143556103110313 -0.42872479557991 3.01522469520569
5 13 -0.130390897393227 -0.228195905685425 3.11432290077209
5 14 -0.127226665616035 -0.688072264194489 3.11871314048767
5 15 -0.116831727325916 -1.02581655979156 3.05277609825134
5 16 -0.155262261629105 -1.06930255889893 2.99139761924744
5 17 0.0375768765807152 -0.226224437355995 3.13511395454407
5 18 0.0261665396392345 -0.687272787094116 3.10102558135986
5 19 0.00363780790939927 -1.01399850845337 3.05302619934082
5 20 0.053005788475275 -1.05844831466675 2.98626446723938
6 1 -0.048128429800272 -0.145834997296333 3.14874482154846
6 2 -0.0542021617293358 -0.0932931452989578 3.21119332313538
6 3 -0.0570290274918079 0.254281789064407 3.25260496139526
6 4 -0.0755059793591499 0.455062329769135 3.25608444213867
6 5 -0.240428060293198 0.130708068609238 3.22400498390198
6 6 -0.272612333297729 -0.124073833227158 3.16711330413818
6 7 -0.259418547153473 -0.339809954166412 3.06008696556091
6 8 -0.253320813179016 -0.406143128871918 3.0343542098999
6 9 0.133449077606201 0.13811306655407 3.26147985458374
6 10 0.1601891964674 -0.150821909308434 3.17410182952881
6 11 0.141410678625107 -0.353389143943787 3.04194259643555
6 12 0.143359512090683 -0.42756575345993 3.01734471321106
6 13 -0.130149006843567 -0.22834224998951 3.11487674713135
6 14 -0.125969454646111 -0.689251124858856 3.11884522438049
6 15 -0.11803637444973 -1.02526926994324 3.05321383476257
6 16 -0.156263664364815 -1.06630253791809 2.99206638336182
6 17 0.0379708968102932 -0.226520463824272 3.13582730293274
6 18 0.0261604525148869 -0.687654733657837 3.10173201560974
6 19 0.00581657094880939 -1.01578664779663 3.0528085231781
6 20 0.0512345358729362 -1.06029832363129 2.98523592948914
7 1 -0.0475891940295696 -0.146220788359642 3.14934134483337
7 2 -0.0537818558514118 -0.0937723889946938 3.21175336837769
7 3 -0.0579753406345844 0.253357648849487 3.25328159332275
7 4 -0.0751047879457474 0.453261852264404 3.25540661811829
7 5 -0.241074204444885 0.129725843667984 3.22469639778137
7 6 -0.272832989692688 -0.123433820903301 3.16792392730713
7 7 -0.259168922901154 -0.339329689741135 3.06124877929688
7 8 -0.253853261470795 -0.375970363616943 3.04814195632935
7 9 0.133206650614738 0.137092843651772 3.26159238815308
7 10 0.159962341189384 -0.152630597352982 3.17334961891174
7 11 0.141350448131561 -0.355069696903229 3.04087710380554
7 12 0.14092630147934 -0.427827298641205 3.01806998252869
7 13 -0.129286706447601 -0.228983104228973 3.11590385437012
7 14 -0.125214993953705 -0.69013512134552 3.12014603614807
7 15 -0.115699879825115 -1.03277790546417 3.06096363067627
7 16 -0.158322632312775 -1.07187259197235 2.98773884773254
7 17 0.0385193601250649 -0.226667821407318 3.13612413406372
7 18 0.0251781158149242 -0.688417255878448 3.10228633880615
7 19 0.0015940397279337 -1.01324546337128 3.05255961418152
7 20 0.0516356900334358 -1.06034576892853 2.98395800590515
8 1 -0.0473142862319946 -0.146222233772278 3.14964818954468
8 2 -0.0536128915846348 -0.093615785241127 3.21194839477539
8 3 -0.0577609464526176 0.253286868333817 3.25125122070313
8 4 -0.0737633556127548 0.45424297451973 3.25718140602112
8 5 -0.240533053874969 0.129737332463264 3.2247953414917
8 6 -0.27176496386528 -0.12540765106678 3.16864681243896
8 7 -0.258742123842239 -0.340807616710663 3.06084561347961
8 8 -0.251681089401245 -0.37840411067009 3.04825949668884
8 9 0.134405508637428 0.136548042297363 3.26216769218445
8 10 0.160609796643257 -0.150160938501358 3.17488169670105
8 11 0.144111678004265 -0.353583335876465 3.04386782646179
8 12 0.144662380218506 -0.425652325153351 3.02121758460999
8 13 -0.129123494029045 -0.22914245724678 3.11632132530212
8 14 -0.12503719329834 -0.690519750118256 3.12013125419617
8 15 -0.118597730994225 -1.03019177913666 3.05658888816834
8 16 -0.156269758939743 -1.07183516025543 2.99551296234131
8 17 0.0388402603566647 -0.22683048248291 3.13651442527771
8 18 0.0260171182453632 -0.690033912658691 3.10204696655273
8 19 0.00561085529625416 -1.01120114326477 3.05244660377502
8 20 0.0538373105227947 -1.0581316947937 2.98164415359497
9 1 -0.0467368960380554 -0.146010115742683 3.15002918243408
9 2 -0.0528741329908371 -0.09332125633955 3.21229958534241
9 3 -0.0560570359230042 0.254521757364273 3.25177907943726
9 4 -0.073495015501976 0.455334573984146 3.25758409500122
9 5 -0.241182774305344 0.129615381360054 3.22584772109985
9 6 -0.271024346351624 -0.128802359104156 3.1678159236908
9 7 -0.258097678422928 -0.344463467597961 3.06031274795532
9 8 -0.250266790390015 -0.388184547424316 3.04506659507751
9 9 0.134421154856682 0.136244267225266 3.2617974281311
9 10 0.15849457681179 -0.152589589357376 3.17271542549133
9 11 0.14350163936615 -0.356560230255127 3.04222226142883
9 12 0.141164898872375 -0.416775822639465 3.0197057723999
9 13 -0.12868170440197 -0.229113578796387 3.11679720878601
9 14 -0.125104546546936 -0.691651701927185 3.12029361724854
9 15 -0.117906332015991 -1.02846086025238 3.05486512184143
9 16 -0.157253921031952 -1.06990671157837 2.99011492729187
9 17 0.0398358181118965 -0.226651057600975 3.1369514465332
9 18 0.0271597914397717 -0.69005423784256 3.10181879997253
9 19 0.00805199611932039 -1.01242065429688 3.05268216133118
9 20 0.0538071319460869 -1.05861759185791 2.98515105247498
10 1 -0.0463899895548821 -0.146384418010712 3.15041399002075
10 2 -0.0526617728173733 -0.0935216918587685 3.21260213851929
10 3 -0.0557056702673435 0.25514355301857 3.2522873878479
10 4 -0.0724155977368355 0.455850005149841 3.25932240486145
10 5 -0.240007981657982 0.129192709922791 3.22539401054382
10 6 -0.270762145519257 -0.126903370022774 3.16990423202515
10 7 -0.256782948970795 -0.341933310031891 3.0610408782959
10 8 -0.24894642829895 -0.388434737920761 3.04506468772888
10 9 0.134931117296219 0.136143282055855 3.26220560073853
10 10 0.168097004294395 -0.142727091908455 3.19010353088379
10 11 0.145618766546249 -0.344199180603027 3.0484402179718
10 12 0.146922871470451 -0.435188412666321 3.02070903778076
10 13 -0.127990484237671 -0.229622662067413 3.11744427680969
10 14 -0.124489009380341 -0.691568195819855 3.12062788009644
10 15 -0.118106633424759 -1.0309317111969 3.05775499343872
10 16 -0.155952170491219 -1.07008194923401 2.9888162612915
10 17 0.0400514118373394 -0.226753070950508 3.13721704483032
10 18 0.0273365844041109 -0.689571619033813 3.10208487510681
10 19 0.0101175019517541 -1.01163601875305 3.05293536186218
10 20 0.0526310279965401 -1.05841839313507 2.98603439331055
11 1 -0.0459699407219887 -0.146995782852173 3.15114521980286
11 2 -0.0523587092757225 -0.0945906713604927 3.2134964466095
11 3 -0.0573528222739697 0.25242954492569 3.25523233413696
11 4 -0.0708139389753342 0.454561233520508 3.26203083992004
11 5 -0.238710194826126 0.129241794347763 3.22648739814758
11 6 -0.269912749528885 -0.130183711647987 3.17065072059631
11 7 -0.256764858961105 -0.345803827047348 3.06327986717224
11 8 -0.248978808522224 -0.410420477390289 3.0372052192688
11 9 0.135712191462517 0.135613352060318 3.26308298110962
11 10 0.161617860198021 -0.150402516126633 3.17584180831909
11 11 0.143277332186699 -0.353524208068848 3.04450726509094
11 12 0.145458549261093 -0.429283082485199 3.02058863639832
11 13 -0.12735515832901 -0.229912906885147 3.11782455444336
11 14 -0.123820684850216 -0.692249953746796 3.12180924415588
11 15 -0.116305083036423 -1.03255903720856 3.06204867362976
11 16 -0.153764337301254 -1.07085871696472 2.98966956138611
11 17 0.0405800007283688 -0.227498546242714 3.13826560974121
11 18 0.027490446344018 -0.688682615756989 3.10291695594788
11 19 0.00730783445760608 -1.01210844516754 3.05259656906128
11 20 0.0523290373384953 -1.05879020690918 2.98323345184326
12 1 -0.0456895977258682 -0.14766189455986 3.15279960632324
12 2 -0.0519891493022442 -0.0953450575470924 3.21534705162048
12 3 -0.0556896515190601 0.252108991146088 3.25767755508423
12 4 -0.0713373869657516 0.45526659488678 3.26172924041748
12 5 -0.238798514008522 0.12881250679493 3.22794771194458
12 6 -0.270742267370224 -0.128575056791306 3.17150354385376
12 7 -0.25551238656044 -0.343591094017029 3.06299018859863
12 8 -0.24904876947403 -0.408466339111328 3.03842639923096
12 9 0.135790318250656 0.135332450270653 3.26460528373718
12 10 0.163092166185379 -0.150448724627495 3.18449783325195
12 11 0.147247046232224 -0.351948171854019 3.04999423027039
12 12 0.131856068968773 -0.409995526075363 3.01467323303223
12 13 -0.127132371068001 -0.23018416762352 3.11878657341003
12 14 -0.124111212790012 -0.69382780790329 3.12211513519287
12 15 -0.114404156804085 -1.03401136398315 3.06195569038391
12 16 -0.156554281711578 -1.07253861427307 2.98308396339417
12 17 0.0405537411570549 -0.228099897503853 3.13942050933838
12 18 0.0278526600450277 -0.689286768436432 3.10363602638245
12 19 -0.00332267070189118 -1.01604461669922 3.0568163394928
12 20 0.0529734380543232 -1.05853509902954 2.9863543510437
13 1 -0.0448243282735348 -0.147503346204758 3.15377116203308
13 2 -0.0511951260268688 -0.0951141938567162 3.21635150909424
13 3 -0.0567367784678936 0.252934455871582 3.25778102874756
13 4 -0.0734309926629066 0.453548312187195 3.26401686668396
13 5 -0.240089654922485 0.12857349216938 3.22969675064087
13 6 -0.270184993743896 -0.134009942412376 3.17216992378235
13 7 -0.257373064756393 -0.34876412153244 3.06295418739319
13 8 -0.250883758068085 -0.380727469921112 3.05020618438721
13 9 0.135668694972992 0.135285884141922 3.26608872413635
13 10 0.165670573711395 -0.143245801329613 3.19159507751465
13 11 0.145087018609047 -0.349834620952606 3.05189514160156
13 12 0.123788893222809 -0.402312606573105 3.01136803627014
13 13 -0.126582831144333 -0.230356350541115 3.11932158470154
13 14 -0.124509751796722 -0.693409442901611 3.12270522117615
13 15 -0.114996388554573 -1.03225612640381 3.06130170822144
13 16 -0.154022216796875 -1.06978821754456 2.98630380630493
13 17 0.0421231277287006 -0.228054612874985 3.14046144485474
13 18 0.0271806120872498 -0.687950372695923 3.10394430160522
13 19 0.00606460962444544 -1.01337194442749 3.05548453330994
13 20 0.0551415421068668 -1.06040966510773 2.99043202400208
14 1 -0.0463205091655254 -0.14723439514637 3.1530487537384
14 2 -0.0521143823862076 -0.0951772183179855 3.21593308448792
14 3 -0.0573336258530617 0.252929747104645 3.25997400283813
14 4 -0.075218178331852 0.455121546983719 3.26337099075317
14 5 -0.240882486104965 0.128053724765778 3.23110342025757
14 6 -0.271777004003525 -0.127959460020065 3.17230796813965
14 7 -0.257466435432434 -0.343366533517838 3.06477117538452
14 8 -0.252244353294373 -0.379265069961548 3.05080366134644
14 9 0.132316753268242 0.140418142080307 3.2656683921814
14 10 0.160965219140053 -0.148980528116226 3.18203735351563
14 11 0.144489422440529 -0.352321267127991 3.05092740058899
14 12 0.144650161266327 -0.421609342098236 3.02442288398743
14 13 -0.128218933939934 -0.230437755584717 3.1208164691925
14 14 -0.124725908041 -0.693686187267303 3.12228226661682
14 15 -0.118811599910259 -1.02640795707703 3.0532763004303
14 16 -0.150367513298988 -1.06961393356323 2.98513197898865
14 17 0.0392204001545906 -0.225129783153534 3.13441061973572
14 18 0.0248264390975237 -0.682682693004608 3.09380149841309
14 19 0.00579902902245522 -1.00825715065002 3.04252910614014
14 20 0.052252508699894 -1.05359792709351 2.96690368652344
15 1 -0.0472864396870136 -0.147119849920273 3.15244603157043
15 2 -0.0526410266757011 -0.0951502397656441 3.21539068222046
15 3 -0.061825267970562 0.252355694770813 3.25962686538696
15 4 -0.0767048001289368 0.454508811235428 3.26272296905518
15 5 -0.242643713951111 0.127795666456223 3.23402905464172
15 6 -0.272229552268982 -0.129263356328011 3.17420530319214
15 7 -0.258054196834564 -0.344031661748886 3.06627774238586
15 8 -0.252778351306915 -0.378990113735199 3.05074906349182
15 9 0.130401268601418 0.141140177845955 3.26339364051819
15 10 0.164677709341049 -0.13612674176693 3.19400310516357
15 11 0.144772872328758 -0.34711891412735 3.05332040786743
15 12 0.143774539232254 -0.419680237770081 3.02801370620728
15 13 -0.129083573818207 -0.230758622288704 3.12171792984009
15 14 -0.126411586999893 -0.693494975566864 3.1214280128479
15 15 -0.117791131138802 -1.02707922458649 3.05385518074036
15 16 -0.154903277754784 -1.07158267498016 2.98489093780518
15 17 0.0390388779342175 -0.224509477615356 3.13289165496826
15 18 0.024459820240736 -0.683899164199829 3.09309935569763
15 19 0.00913611240684986 -1.01088428497314 3.03993272781372
15 20 0.0508045703172684 -1.05452632904053 2.96497416496277
16 1 -0.0482875853776932 -0.147906795144081 3.1517186164856
16 2 -0.0530818291008472 -0.0959241762757301 3.21492981910706
16 3 -0.063758447766304 0.253434151411057 3.26174640655518
16 4 -0.08015326410532 0.453320652246475 3.26289391517639
16 5 -0.243112415075302 0.127438336610794 3.23422622680664
16 6 -0.272299766540527 -0.129840552806854 3.17236876487732
16 7 -0.259377479553223 -0.345213890075684 3.0656852722168
16 8 -0.257833302021027 -0.371413052082062 3.05617785453796
16 9 0.124200507998466 0.138973221182823 3.2572717666626
16 10 0.162875011563301 -0.143473863601685 3.18671751022339
16 11 0.144953861832619 -0.345774263143539 3.054438829422
16 12 0.143826961517334 -0.422505766153336 3.02513194084167
16 13 -0.129529431462288 -0.230932280421257 3.1218101978302
16 14 -0.127172365784645 -0.692514955997467 3.12117505073547
16 15 -0.117275401949883 -1.02654945850372 3.05415081977844
16 16 -0.156361564993858 -1.07039523124695 2.99134588241577
16 17 0.0381440259516239 -0.224410772323608 3.13171052932739
16 18 0.0243152771145105 -0.683794796466827 3.09296441078186
16 19 0.0098540373146534 -1.0091804265976 3.0417218208313
16 20 0.0509387999773026 -1.05730772018433 2.97132253646851
17 1 -0.048896312713623 -0.147795855998993 3.15175104141235
17 2 -0.054004367440939 -0.0958874374628067 3.21504092216492
17 3 -0.0637919455766678 0.252786695957184 3.26172304153442
17 4 -0.0806792974472046 0.453834354877472 3.26428008079529
17 5 -0.244108781218529 0.126765683293343 3.23369693756104
17 6 -0.27315154671669 -0.126932770013809 3.17326736450195
17 7 -0.258372932672501 -0.342702776193619 3.06793546676636
17 8 -0.254991918802261 -0.406361728906631 3.04137682914734
17 9 0.12529045343399 0.142167001962662 3.26044511795044
17 10 0.16594186425209 -0.138433218002319 3.19273090362549
17 11 0.144850820302963 -0.346143484115601 3.05272722244263
17 12 0.145184859633446 -0.434920221567154 3.02359890937805
17 13 -0.130208313465118 -0.231142684817314 3.12232518196106
17 14 -0.127464815974236 -0.693309247493744 3.12100100517273
17 15 -0.119445934891701 -1.03046429157257 3.05704760551453
17 16 -0.157272294163704 -1.07252740859985 2.98890233039856
17 17 0.0375707186758518 -0.224127575755119 3.1314902305603
17 18 0.0245922915637493 -0.684718072414398 3.09343004226685
17 19 0.00965872313827276 -1.01229512691498 3.04099535942078
17 20 0.0514011457562447 -1.0563747882843 2.96753978729248
18 1 -0.0495425015687943 -0.147291630506516 3.15188050270081
18 2 -0.0545678287744522 -0.0958576798439026 3.21517825126648
18 3 -0.0631031915545464 0.251798242330551 3.26300239562988
18 4 -0.080811619758606 0.453614711761475 3.26567578315735
18 5 -0.244326740503311 0.12714621424675 3.2340931892395
18 6 -0.273598223924637 -0.125629410147667 3.17357850074768
18 7 -0.259241312742233 -0.340346157550812 3.06601667404175
18 8 -0.255874514579773 -0.40528592467308 3.04333329200745
18 9 0.127563312649727 0.141312599182129 3.2609121799469
18 10 0.161395668983459 -0.136789456009865 3.18684887886047
18 11 0.14413446187973 -0.348032385110855 3.05243754386902
18 12 0.145949497818947 -0.431122452020645 3.02105760574341
18 13 -0.131204500794411 -0.231028199195862 3.12243294715881
18 14 -0.12793704867363 -0.693519234657288 3.12086582183838
18 15 -0.119027316570282 -1.02413964271545 3.05248785018921
18 16 -0.154300779104233 -1.06906425952911 2.98523569107056
18 17 0.0368875116109848 -0.223943948745728 3.13147783279419
18 18 0.0233982913196087 -0.683855473995209 3.09238123893738
18 19 0.00951405521482229 -1.01048815250397 3.03992509841919
18 20 0.0511348880827427 -1.05524337291718 2.96717381477356
19 1 -0.0493472367525101 -0.147111415863037 3.15166783332825
19 2 -0.0540017932653427 -0.0956988409161568 3.21522307395935
19 3 -0.0615465380251408 0.252255767583847 3.26373243331909
19 4 -0.0788683295249939 0.455712288618088 3.2659649848938
19 5 -0.244324013590813 0.127607077360153 3.23481774330139
19 6 -0.272640883922577 -0.129034996032715 3.17255902290344
19 7 -0.258728444576263 -0.344064891338348 3.06573605537415
19 8 -0.254031240940094 -0.375282645225525 3.05570578575134
19 9 0.125341475009918 0.140838012099266 3.25941228866577
19 10 0.159676373004913 -0.14735472202301 3.17887854576111
19 11 0.143980115652084 -0.351793110370636 3.05091619491577
19 12 0.142866402864456 -0.418607443571091 3.02315068244934
19 13 -0.131084337830544 -0.23072712123394 3.12230706214905
19 14 -0.127732247114182 -0.69225949048996 3.12066268920898
19 15 -0.118582658469677 -1.02699756622314 3.0536425113678
19 16 -0.153236269950867 -1.06978631019592 2.9927773475647
19 17 0.0371226109564304 -0.22359836101532 3.13080859184265
19 18 0.0239764079451561 -0.683285117149353 3.09183549880981
19 19 0.00983498338609934 -1.00947690010071 3.03832936286926
19 20 0.0512409135699272 -1.05534696578979 2.96552014350891
20 1 -0.049106877297163 -0.147062674164772 3.15167784690857
20 2 -0.0537764504551888 -0.0952129811048508 3.2151939868927
20 3 -0.0596425905823708 0.253668755292892 3.26173830032349
20 4 -0.0792961195111275 0.454487353563309 3.26636552810669
20 5 -0.24420528113842 0.127411350607872 3.23481440544128
20 6 -0.273208767175674 -0.127621427178383 3.17443609237671
20 7 -0.25802356004715 -0.343696713447571 3.07074856758118
20 8 -0.254655539989471 -0.378702044487 3.05257177352905
20 9 0.127084374427795 0.140533283352852 3.26109743118286
20 10 0.158465951681137 -0.151984557509422 3.18069410324097
20 11 0.144012272357941 -0.354520887136459 3.04960942268372
20 12 0.145184308290482 -0.421423405408859 3.02671575546265
20 13 -0.131069123744965 -0.230760365724564 3.12259268760681
20 14 -0.12738274037838 -0.69297868013382 3.12074732780457
20 15 -0.119411244988441 -1.02666008472443 3.05281186103821
20 16 -0.153315007686615 -1.06938517093658 2.98756551742554
20 17 0.0372302830219269 -0.223462641239166 3.13088297843933
20 18 0.0226970799267292 -0.682985126972198 3.09168601036072
20 19 0.00373699585907161 -1.01244568824768 3.04265809059143
20 20 0.0504385717213154 -1.05426681041718 2.96586036682129
