1 1 -0.0241769794374704 -0.0807125717401505 3.1068422794342
1 2 -0.0268033966422081 -0.0201770514249802 3.16931223869324
1 3 -0.0325523354113102 0.355367243289948 3.19687795639038
1 4 -0.0377200357615948 0.550575911998749 3.19552540779114
1 5 -0.198297098278999 0.22537750005722 3.18743562698364
1 6 -0.240508809685707 -0.000312944408506155 3.13845539093018
1 7 -0.242441207170486 -0.236101523041725 3.02997493743896
1 8 -0.246166154742241 -0.322624295949936 2.99578475952148
1 9 0.127759397029877 0.231075152754784 3.19654488563538
1 10 0.184900045394897 -0.0381061397492886 3.18656516075134
1 11 0.208853393793106 -0.234978884458542 3.07546281814575
1 12 0.207775458693504 -0.319905191659927 3.02576494216919
1 13 -0.0964701101183891 -0.153275579214096 3.08574223518372
1 14 -0.144312039017677 -0.588554501533508 3.02463436126709
1 15 -0.152697652578354 -0.957767307758331 3.04201340675354
1 16 -0.15579155087471 -1.05645966529846 2.95930075645447
1 17 0.0505092926323414 -0.1515232026577 3.0946352481842
1 18 0.10962251573801 -0.578209698200226 3.00600695610046
1 19 0.099019356071949 -0.949751198291779 3.02140593528748
1 20 0.106102980673313 -1.05089461803436 2.94972610473633
2 1 -0.0247310232371092 -0.0804777070879936 3.1071949005127
2 2 -0.0276557207107544 -0.0197592303156853 3.16981863975525
2 3 -0.0342639982700348 0.357518523931503 3.19792628288269
2 4 -0.039090134203434 0.549455285072327 3.19253063201904
2 5 -0.199131041765213 0.225039348006248 3.18765211105347
2 6 -0.241006851196289 -0.00228168745525181 3.13876867294312
2 7 -0.244811281561852 -0.23533633351326 3.02808785438538
2 8 -0.246230930089951 -0.32237833738327 2.99289655685425
2 9 0.127181932330132 0.233108177781105 3.19891905784607
2 10 0.181966513395309 -0.0386129915714264 3.18476462364197
2 11 0.208437830209732 -0.237802684307098 3.07605314254761
2 12 0.206856369972229 -0.320748507976532 3.02334237098694
2 13 -0.0969592928886414 -0.152999609708786 3.08630990982056
2 14 -0.145427063107491 -0.587485015392303 3.02386569976807
2 15 -0.152579694986343 -0.955308079719543 3.04354453086853
2 16 -0.154597774147987 -1.05401170253754 2.96126198768616
2 17 0.0501314736902714 -0.151336163282394 3.09452986717224
2 18 0.10837034881115 -0.578411817550659 3.00621342658997
2 19 0.0976180583238602 -0.953911244869232 3.02015852928162
2 20 0.106680296361446 -1.05228817462921 2.95101356506348
3 1 -0.0256402548402548 -0.0802297368645668 3.10717082023621
3 2 -0.0284475274384022 -0.0194760374724865 3.16981363296509
3 3 -0.0345348492264748 0.357205450534821 3.19689869880676
3 4 -0.0374801009893417 0.548652112483978 3.19448137283325
3 5 -0.199993103742599 0.224944442510605 3.18781471252441
3 6 -0.240376681089401 -0.0124838016927242 3.1375036239624
3 7 -0.244808882474899 -0.233938992023468 3.02817726135254
3 8 -0.245802953839302 -0.321124374866486 2.99208831787109
3 9 0.12724781036377 0.233516022562981 3.19917702674866
3 10 0.177920639514923 -0.0254457984119654 3.19431138038635
3 11 0.208128780126572 -0.234298780560493 3.08009457588196
3 12 0.203160062432289 -0.322312891483307 3.0232298374176
3 13 -0.0980218648910522 -0.152932077646255 3.08644223213196
3 14 -0.145455896854401 -0.587309658527374 3.02458906173706
3 15 -0.152672827243805 -0.954036831855774 3.04278373718262
3 16 -0.154914453625679 -1.05363774299622 2.95575046539307
3 17 0.049260538071394 -0.15117834508419 3.09427046775818
3 18 0.108166202902794 -0.580864071846008 3.00635075569153
3 19 0.0971266329288483 -0.954769372940063 3.0215311050415
3 20 0.107672423124313 -1.05251669883728 2.95135259628296
4 1 -0.0259455591440201 -0.0802026391029358 3.10717582702637
4 2 -0.0287384800612926 -0.0192825570702553 3.16983294487
4 3 -0.032994169741869 0.356759488582611 3.19492554664612
4 4 -0.0369302481412888 0.548987925052643 3.1931324005127
4 5 -0.199849143624306 0.224631577730179 3.1870379447937
4 6 -0.242010340094566 -0.00219779135659337 3.13554525375366
4 7 -0.245308741927147 -0.235225439071655 3.02545523643494
4 8 -0.244207590818405 -0.32060369849205 2.98894286155701
4 9 0.127276256680489 0.232705637812614 3.19945192337036
4 10 0.174917578697205 -0.0182710699737072 3.19849610328674
4 11 0.207888171076775 -0.23369412124157 3.08073329925537
4 12 0.204061761498451 -0.322929412126541 3.02299404144287
4 13 -0.0984404757618904 -0.152551978826523 3.08594751358032
4 14 -0.145558819174767 -0.587535560131073 3.02518939971924
4 15 -0.15238231420517 -0.946152448654175 3.0424370765686
4 16 -0.152415215969086 -1.05207824707031 2.96202087402344
4 17 0.0487805679440498 -0.151425540447235 3.0944938659668
4 18 0.108036272227764 -0.57957535982132 3.00684833526611
4 19 0.0987155511975288 -0.950843870639801 3.0216007232666
4 20 0.108435079455376 -1.05150949954987 2.94959425926209
5 1 -0.0257047116756439 -0.0801722481846809 3.1071240901947
5 2 -0.0287958290427923 -0.0193237587809563 3.16970896720886
5 3 -0.033000722527504 0.356656700372696 3.19490814208984
5 4 -0.0368080921471119 0.549232840538025 3.19320797920227
5 5 -0.199410244822502 0.224490612745285 3.18656039237976
5 6 -0.241219058632851 0.00023182418954093 3.13590359687805
5 7 -0.242200136184692 -0.238897323608398 3.02072644233704
5 8 -0.243790149688721 -0.323961436748505 2.98321342468262
5 9 0.127829283475876 0.2337666451931 3.20038366317749
5 10 0.179073333740234 -0.023978229612112 3.19603252410889
5 11 0.207108706235886 -0.23668497800827 3.07853126525879
5 12 0.206241339445114 -0.322604984045029 3.02484607696533
5 13 -0.0981012582778931 -0.15267089009285 3.08581900596619
5 14 -0.145872592926025 -0.587036907672882 3.02449464797974
5 15 -0.152277380228043 -0.95174366235733 3.04354619979858
5 16 -0.156329184770584 -1.05703210830688 2.96019268035889
5 17 0.0491496101021767 -0.15124985575676 3.09476113319397
5 18 0.108740851283073 -0.582306861877441 3.00722408294678
5 19 0.0986229702830315 -0.950006186962128 3.02112126350403
5 20 0.10809513181448 -1.05237984657288 2.95110416412354
6 1 -0.0254617370665073 -0.0803776159882545 3.10702776908875
6 2 -0.0287088546901941 -0.0193626955151558 3.16956901550293
6 3 -0.0318633355200291 0.356833845376968 3.19403004646301
6 4 -0.0362034253776073 0.547685086727142 3.19196057319641
6 5 -0.19937539100647 0.224307686090469 3.18634438514709
6 6 -0.240212813019753 0.00162348395679146 3.1357536315918
6 7 -0.243584021925926 -0.234973967075348 3.02278304100037
6 8 -0.246578603982925 -0.323178887367249 2.98884677886963
6 9 0.128368377685547 0.233116403222084 3.20167994499207
6 10 0.177496284246445 -0.0235522892326117 3.19471263885498
6 11 0.207233041524887 -0.238200530409813 3.07781314849854
6 12 0.206993907690048 -0.319248974323273 3.02745151519775
6 13 -0.0979108884930611 -0.152909457683563 3.08575749397278
6 14 -0.145449176430702 -0.587812602519989 3.02444911003113
6 15 -0.151927381753922 -0.954834759235382 3.04211497306824
6 16 -0.154651686549187 -1.05603039264679 2.96035957336426
6 17 0.0493676327168942 -0.151487290859222 3.09492135047913
6 18 0.108845181763172 -0.581554293632507 3.00700974464417
6 19 0.0988855361938477 -0.952545523643494 3.01973581314087
6 20 0.109211847186089 -1.04881739616394 2.95248627662659
7 1 -0.024990726262331 -0.0803269296884537 3.10721874237061
7 2 -0.0281966812908649 -0.0192811414599419 3.16959404945374
7 3 -0.0316645912826061 0.35590785741806 3.19301652908325
7 4 -0.0341130048036575 0.547875642776489 3.19292020797729
7 5 -0.198898702859879 0.224904045462608 3.18647527694702
7 6 -0.239577561616898 -0.000100951408967376 3.13710999488831
7 7 -0.241419419646263 -0.231765866279602 3.02982807159424
7 8 -0.244305968284607 -0.324025362730026 2.98788285255432
7 9 0.129403412342072 0.231025591492653 3.20048666000366
7 10 0.177919805049896 -0.0185239501297474 3.1981782913208
7 11 0.20879265666008 -0.232649147510529 3.08325600624084
7 12 0.208324670791626 -0.32033771276474 3.02682089805603
7 13 -0.0974766984581947 -0.152820035815239 3.08581638336182
7 14 -0.145065292716026 -0.58722972869873 3.0240523815155
7 15 -0.151935204863548 -0.952254951000214 3.04116153717041
7 16 -0.153618991374969 -1.05263221263885 2.9571225643158
7 17 0.0500446297228336 -0.151747658848763 3.09550404548645
7 18 0.108762472867966 -0.579831957817078 3.0065016746521
7 19 0.0995059534907341 -0.948437392711639 3.01982975006104
7 20 0.109142474830151 -1.04898917675018 2.95021724700928
8 1 -0.0249619744718075 -0.0805513560771942 3.10708737373352
8 2 -0.0282808821648359 -0.019469378516078 3.16934895515442
8 3 -0.0318963825702667 0.3547403216362 3.19174671173096
8 4 -0.0330652371048927 0.547633171081543 3.19274401664734
8 5 -0.197833448648453 0.224636554718018 3.18646383285522
8 6 -0.239354535937309 -0.000677619827911258 3.13826513290405
8 7 -0.240589886903763 -0.232544958591461 3.03029084205627
8 8 -0.244702711701393 -0.321731448173523 2.99211859703064
8 9 0.129872366786003 0.230616301298141 3.20150852203369
8 10 0.176122933626175 -0.0205365847796202 3.19767355918884
8 11 0.208255499601364 -0.242493167519569 3.07631587982178
8 12 0.207619741559029 -0.320320606231689 3.02683305740356
8 13 -0.0973807200789452 -0.153005585074425 3.08568811416626
8 14 -0.145210087299347 -0.587894260883331 3.02421379089355
8 15 -0.151846766471863 -0.9552081823349 3.04305171966553
8 16 -0.153981193900108 -1.0545859336853 2.9649543762207
8 17 0.0500504337251186 -0.152070268988609 3.09557175636292
8 18 0.107938848435879 -0.579383850097656 3.0057315826416
8 19 0.100031740963459 -0.94950008392334 3.02115559577942
8 20 0.108219005167484 -1.04976868629456 2.94953608512878
9 1 -0.024718314409256 -0.080746054649353 3.10738277435303
9 2 -0.0281642414629459 -0.01965356990695 3.16953778266907
9 3 -0.0315809659659863 0.354265749454498 3.1916389465332
9 4 -0.0332638211548328 0.545410990715027 3.19323968887329
9 5 -0.197265848517418 0.224170178174973 3.18631219863892
9 6 -0.237037286162376 -0.00553948525339365 3.13741707801819
9 7 -0.240687727928162 -0.231575325131416 3.03053665161133
9 8 -0.24496653676033 -0.320983201265335 2.99029016494751
9 9 0.130771204829216 0.230462238192558 3.20221567153931
9 10 0.177585199475288 -0.0248773489147425 3.19737458229065
9 11 0.206929326057434 -0.241184383630753 3.08054900169373
9 12 0.207029610872269 -0.324689269065857 3.02784585952759
9 13 -0.0970973074436188 -0.153208673000336 3.08599615097046
9 14 -0.144685193896294 -0.589366793632507 3.02485466003418
9 15 -0.152378663420677 -0.955148577690125 3.04577445983887
9 16 -0.154705300927162 -1.05741500854492 2.95981454849243
9 17 0.0502160377800465 -0.152282640337944 3.09614205360413
9 18 0.108187131583691 -0.578347623348236 3.00567173957825
9 19 0.0989522114396095 -0.953160643577576 3.02027010917664
9 20 0.109155863523483 -1.05203366279602 2.94896078109741
10 1 -0.0244678985327482 -0.0804942846298218 3.10758996009827
10 2 -0.0280599389225245 -0.0196999832987785 3.16970038414001
10 3 -0.0308632086962461 0.353961020708084 3.19315767288208
10 4 -0.0328425876796246 0.545299589633942 3.19417119026184
10 5 -0.196610420942307 0.224263250827789 3.18621110916138
10 6 -0.237950176000595 -0.00396671146154404 3.13564801216125
10 7 -0.239781320095062 -0.231224671006203 3.03336429595947
10 8 -0.24610111117363 -0.322109431028366 2.99143624305725
10 9 0.131715774536133 0.230530485510826 3.20320463180542
10 10 0.175117999315262 -0.0229019206017256 3.19778180122375
10 11 0.206754803657532 -0.244019150733948 3.07729935646057
10 12 0.204592421650887 -0.324399292469025 3.02920126914978
10 13 -0.0969073325395584 -0.152974545955658 3.08554220199585
10 14 -0.145118832588196 -0.58734667301178 3.02366924285889
10 15 -0.152474418282509 -0.952282071113586 3.04288578033447
10 16 -0.155878037214279 -1.05459380149841 2.96040678024292
10 17 0.0506460070610046 -0.152468487620354 3.09705328941345
10 18 0.109167024493217 -0.582790493965149 3.00611877441406
10 19 0.0994883701205254 -0.953644275665283 3.01970434188843
10 20 0.106567949056625 -1.05143809318542 2.95182609558105
11 1 -0.024468744173646 -0.0799109041690826 3.10805082321167
11 2 -0.0280367564409971 -0.0191227644681931 3.1701865196228
11 3 -0.031423807144165 0.354996174573898 3.19424867630005
11 4 -0.0320066660642624 0.547102451324463 3.19557785987854
11 5 -0.196800887584686 0.226755365729332 3.18756580352783
11 6 -0.239436432719231 -0.000136743678012863 3.13771963119507
11 7 -0.239122688770294 -0.228939548134804 3.03449892997742
11 8 -0.245870888233185 -0.320089668035507 2.99739789962769
11 9 0.131029561161995 0.231338381767273 3.2037045955658
11 10 0.174818724393845 -0.0213382728397846 3.19735288619995
11 11 0.205479055643082 -0.23376676440239 3.08308696746826
11 12 0.206407338380814 -0.325615167617798 3.02649855613709
11 13 -0.0969111174345016 -0.152192294597626 3.08582043647766
11 14 -0.144949659705162 -0.587055265903473 3.02372670173645
11 15 -0.152557745575905 -0.953481554985046 3.04273104667664
11 16 -0.154828816652298 -1.05432748794556 2.95878076553345
11 17 0.0505175851285458 -0.152152270078659 3.09745073318481
11 18 0.107928358018398 -0.581022560596466 3.00605654716492
11 19 0.0985220596194267 -0.951828360557556 3.02263879776001
11 20 0.107690654695034 -1.05120182037354 2.95161080360413
12 1 -0.0243937354534864 -0.0796865746378899 3.10822987556458
12 2 -0.0279573388397694 -0.0188019834458828 3.17036080360413
12 3 -0.0316884033381939 0.355268746614456 3.19353032112122
12 4 -0.0332064181566238 0.548254609107971 3.19648289680481
12 5 -0.197273552417755 0.226264968514442 3.18785119056702
12 6 -0.23988750576973 -0.000152656546561047 3.14088606834412
12 7 -0.239278644323349 -0.229228407144547 3.03399014472961
12 8 -0.245121151208878 -0.32194110751152 2.99437928199768
12 9 0.131922900676727 0.230294525623322 3.20388698577881
12 10 0.174894243478775 -0.0254863519221544 3.19631791114807
12 11 0.207322627305984 -0.233638063073158 3.08442187309265
12 12 0.205237165093422 -0.325309902429581 3.02724194526672
12 13 -0.0970670655369759 -0.15211421251297 3.08588600158691
12 14 -0.144759178161621 -0.587194859981537 3.02433729171753
12 15 -0.152655944228172 -0.95217502117157 3.04000210762024
12 16 -0.153596818447113 -1.05530571937561 2.95970869064331
12 17 0.050862330943346 -0.152083903551102 3.09773755073547
12 18 0.107367604970932 -0.582028746604919 3.00641226768494
12 19 0.0994531065225601 -0.950856864452362 3.0208842754364
12 20 0.110931426286697 -1.04989731311798 2.94871425628662
13 1 -0.0245703347027302 -0.0799897462129593 3.10821914672852
13 2 -0.0281651485711336 -0.0192660167813301 3.17046999931335
13 3 -0.0314528085291386 0.355273872613907 3.19564628601074
13 4 -0.0331636406481266 0.54581218957901 3.19472932815552
13 5 -0.196688696742058 0.225152850151062 3.18670701980591
13 6 -0.238825231790543 -0.00495863566175103 3.13776326179504
13 7 -0.239731401205063 -0.227648109197617 3.03562951087952
13 8 -0.245716020464897 -0.321663528680801 2.99488615989685
13 9 0.131923213601112 0.230324968695641 3.20368695259094
13 10 0.17690321803093 -0.0222343318164349 3.20070433616638
13 11 0.205816194415092 -0.232668802142143 3.0852997303009
13 12 0.20689269900322 -0.324371665716171 3.03045773506165
13 13 -0.0973266065120697 -0.152349799871445 3.08572936058044
13 14 -0.145421952009201 -0.588563442230225 3.02400207519531
13 15 -0.152406007051468 -0.954465329647064 3.04113292694092
13 16 -0.155962482094765 -1.05642139911652 2.948890209198
13 17 0.050611674785614 -0.152291476726532 3.09759855270386
13 18 0.107683502137661 -0.58083438873291 3.0066499710083
13 19 0.0989669412374496 -0.950852513313293 3.02144718170166
13 20 0.113772086799145 -1.05263948440552 2.95226573944092
14 1 -0.0246282517910004 -0.0800927206873894 3.10795187950134
14 2 -0.0282230339944363 -0.0192678906023502 3.17025375366211
14 3 -0.0313522070646286 0.355019688606262 3.19438219070435
14 4 -0.0336902551352978 0.544624924659729 3.19578218460083
14 5 -0.197236493229866 0.224938049912453 3.18589639663696
14 6 -0.240407347679138 0.00103206932544708 3.13677954673767
14 7 -0.23915322124958 -0.230579644441605 3.03213572502136
14 8 -0.24490113556385 -0.319365084171295 2.99297475814819
14 9 0.131250411272049 0.230243682861328 3.20332360267639
14 10 0.175221309065819 -0.025413891300559 3.19408106803894
14 11 0.205722272396088 -0.229537338018417 3.08418893814087
14 12 0.207249790430069 -0.321717262268066 3.02832007408142
14 13 -0.0974750146269798 -0.152442902326584 3.08521389961243
14 14 -0.145423635840416 -0.587565243244171 3.02408409118652
14 15 -0.152189210057259 -0.95805412530899 3.04458785057068
14 16 -0.152202054858208 -1.05450546741486 2.95978188514709
14 17 0.0504203140735626 -0.152345478534698 3.09736824035645
14 18 0.107382759451866 -0.580989599227905 3.00712990760803
14 19 0.0980951339006424 -0.953716039657593 3.02048516273499
14 20 0.110817886888981 -1.04990744590759 2.94889211654663
15 1 -0.0250482112169266 -0.0800015702843666 3.10755276679993
15 2 -0.0280774384737015 -0.0191815812140703 3.16985464096069
15 3 -0.0321997068822384 0.355151206254959 3.19366240501404
15 4 -0.0346015095710754 0.546066522598267 3.1942982673645
15 5 -0.198040962219238 0.225133970379829 3.18562984466553
15 6 -0.240972802042961 0.00144259398803115 3.13531064987183
15 7 -0.241483420133591 -0.231484681367874 3.03029632568359
15 8 -0.245537295937538 -0.323384970426559 2.98839068412781
15 9 0.129175364971161 0.232388243079185 3.19956183433533
15 10 0.174034237861633 -0.0179019346833229 3.1930775642395
15 11 0.205363929271698 -0.237330734729767 3.07764172554016
15 12 0.208333060145378 -0.318178653717041 3.02846336364746
15 13 -0.0978477597236633 -0.152425527572632 3.085205078125
15 14 -0.145341619849205 -0.58843320608139 3.02457809448242
15 15 -0.151935160160065 -0.955447375774384 3.04441118240356
15 16 -0.152340948581696 -1.05769717693329 2.94795608520508
15 17 0.0499977581202984 -0.152015626430511 3.09663939476013
15 18 0.107007049024105 -0.580588102340698 3.0071485042572
15 19 0.0983207896351814 -0.951452195644379 3.02036809921265
15 20 0.108801417052746 -1.05110251903534 2.94983792304993
16 1 -0.0252894181758165 -0.0800973996520042 3.10689687728882
16 2 -0.0280677732080221 -0.0193655639886856 3.16941356658936
16 3 -0.0326730348169804 0.356779485940933 3.19553399085999
16 4 -0.034048318862915 0.548145532608032 3.1935088634491
16 5 -0.198897004127502 0.225025191903114 3.18531060218811
16 6 -0.236886590719223 -0.0290744546800852 3.13121581077576
16 7 -0.242634385824203 -0.230424985289574 3.02727556228638
16 8 -0.24500972032547 -0.323048830032349 2.98674607276917
16 9 0.127934396266937 0.232363253831863 3.19752717018127
16 10 0.173355296254158 -0.0169213376939297 3.1907684803009
16 11 0.203340649604797 -0.243230193853378 3.07014155387878
16 12 0.207531407475471 -0.318422347307205 3.02574419975281
16 13 -0.0979458093643188 -0.152347698807716 3.08463072776794
16 14 -0.144808486104012 -0.58811092376709 3.02534008026123
16 15 -0.151484414935112 -0.956132709980011 3.04242563247681
16 16 -0.153981864452362 -1.05511558055878 2.95985507965088
16 17 0.0494939498603344 -0.151677474379539 3.09530210494995
16 18 0.106646969914436 -0.580611050128937 3.00623917579651
16 19 0.0986191853880882 -0.950069487094879 3.0217809677124
16 20 0.108502149581909 -1.05011975765228 2.95022654533386
17 1 -0.0256310626864433 -0.0801325365900993 3.10565304756165
17 2 -0.0284661632031202 -0.0194753296673298 3.16837358474731
17 3 -0.0326673462986946 0.356456875801086 3.19487690925598
17 4 -0.0356975197792053 0.547949135303497 3.19213390350342
17 5 -0.198943540453911 0.225275576114655 3.18453574180603
17 6 -0.240642130374908 -0.00150996330194175 3.13280844688416
17 7 -0.241068661212921 -0.237596273422241 3.02590799331665
17 8 -0.244517505168915 -0.319927453994751 2.98595666885376
17 9 0.128980726003647 0.231830358505249 3.1972758769989
17 10 0.172352269291878 -0.01755784265697 3.19302701950073
17 11 0.201368987560272 -0.225583642721176 3.07725214958191
17 12 0.207287609577179 -0.31935065984726 3.02233147621155
17 13 -0.0981713309884071 -0.152123808860779 3.08297491073608
17 14 -0.145221799612045 -0.587965250015259 3.02489972114563
17 15 -0.152529418468475 -0.95374596118927 3.04213309288025
17 16 -0.157793313264847 -1.05748200416565 2.95192646980286
17 17 0.0489061325788498 -0.151657357811928 3.09394288063049
17 18 0.10626470297575 -0.579522252082825 3.00552535057068
17 19 0.0995184853672981 -0.948057353496552 3.02063822746277
17 20 0.108739949762821 -1.04722762107849 2.94908308982849
18 1 -0.0259330999106169 -0.0797297060489655 3.10414838790894
18 2 -0.0291479080915451 -0.0193786472082138 3.16688299179077
18 3 -0.0333149321377277 0.355555444955826 3.19320631027222
18 4 -0.0355756618082523 0.545825839042664 3.19145107269287
18 5 -0.198904469609261 0.22452001273632 3.18266892433167
18 6 -0.241582974791527 0.0044034393504262 3.13173723220825
18 7 -0.242784932255745 -0.232594892382622 3.02485466003418
18 8 -0.243455588817596 -0.322808295488358 2.98085618019104
18 9 0.13025489449501 0.232643023133278 3.19758677482605
18 10 0.172025814652443 -0.0186445340514183 3.19009327888489
18 11 0.202340021729469 -0.240171372890472 3.07034134864807
18 12 0.206411644816399 -0.319495141506195 3.01806163787842
18 13 -0.0985440015792847 -0.15220233798027 3.08163285255432
18 14 -0.145781397819519 -0.587793707847595 3.024080991745
18 15 -0.152169480919838 -0.958335995674133 3.04209017753601
18 16 -0.154313668608665 -1.05508804321289 2.96302175521851
18 17 0.0489140152931213 -0.151433140039444 3.09228730201721
18 18 0.106304459273815 -0.582664489746094 3.00421118736267
18 19 0.0992495939135551 -0.949130177497864 3.02077889442444
18 20 0.106909818947315 -1.04932451248169 2.94911336898804
19 1 -0.0256147626787424 -0.0798078551888466 3.10303640365601
19 2 -0.0287691783159971 -0.0194280967116356 3.16571593284607
19 3 -0.0331175476312637 0.354132741689682 3.190922498703
19 4 -0.0346397086977959 0.544677078723907 3.18592929840088
19 5 -0.19829273223877 0.224189639091492 3.18189692497253
19 6 -0.242434620857239 0.00542835844680667 3.13173794746399
19 7 -0.245444536209106 -0.22964534163475 3.02073526382446
19 8 -0.243388131260872 -0.321200162172318 2.98084783554077
19 9 0.130966886878014 0.231179639697075 3.19592571258545
19 10 0.173013046383858 -0.0277704931795597 3.18485331535339
19 11 0.200811892747879 -0.235121563076973 3.07606744766235
19 12 0.206956744194031 -0.320480644702911 3.01851391792297
19 13 -0.0983626693487167 -0.152249827980995 3.08083128929138
19 14 -0.146485164761543 -0.586563587188721 3.02429056167603
19 15 -0.151024729013443 -0.954571664333344 3.03974056243896
19 16 -0.153108492493629 -1.05342578887939 2.96451425552368
19 17 0.0495043657720089 -0.151480406522751 3.09105372428894
19 18 0.106306537985802 -0.581315279006958 3.00303435325623
19 19 0.0988421067595482 -0.948705077171326 3.01821351051331
19 20 0.106762558221817 -1.04942119121552 2.94771337509155
20 1 -0.0256242491304874 -0.080314464867115 3.10154795646667
20 2 -0.0287211183458567 -0.0198469869792461 3.16413497924805
20 3 -0.0334556251764297 0.354346126317978 3.18999624252319
20 4 -0.0322022251784801 0.546075224876404 3.18452763557434
20 5 -0.19753435254097 0.224363580346107 3.1799738407135
20 6 -0.242277130484581 0.00481414748355746 3.1308445930481
20 7 -0.244927376508713 -0.229099750518799 3.02022242546082
20 8 -0.242052555084229 -0.321209728717804 2.98005938529968
20 9 0.130814611911774 0.230920523405075 3.19308137893677
20 10 0.172381401062012 -0.0334641300141811 3.1803994178772
20 11 0.201819449663162 -0.239937365055084 3.0746283531189
20 12 0.205571502447128 -0.320856690406799 3.01953601837158
20 13 -0.0982912182807922 -0.152664825320244 3.0792555809021
20 14 -0.14736071228981 -0.591660439968109 3.02576589584351
20 15 -0.151016190648079 -0.959813237190247 3.03953790664673
20 16 -0.150457367300987 -1.05701243877411 2.96164655685425
20 17 0.0494882240891457 -0.151835203170776 3.08940839767456
20 18 0.106242291629314 -0.580224990844727 3.0020067691803
20 19 0.0988883152604103 -0.949897646903992 3.01703524589539
20 20 0.106380946934223 -1.04944980144501 2.94811296463013
