1 1 -0.0152841145172715 -0.0543761253356934 3.07598495483398
1 2 -0.0240143444389105 0.00223767943680286 3.14451932907104
1 3 -0.0362543351948261 0.383284628391266 3.19821667671204
1 4 -0.0414210967719555 0.591551303863525 3.20971655845642
1 5 -0.212588801980019 0.248884946107864 3.1324610710144
1 6 -0.277723014354706 -0.000113886577310041 3.06122469902039
1 7 -0.260409414768219 -0.249293714761734 2.95940828323364
1 8 -0.247088849544525 -0.339838057756424 2.93947744369507
1 9 0.151028424501419 0.254794955253601 3.17168068885803
1 10 0.232518509030342 -0.0386798270046711 3.13405966758728
1 11 0.2377690076828 -0.259048789739609 3.01024651527405
1 12 0.232614994049072 -0.357393622398376 2.9685423374176
1 13 -0.0933532267808914 -0.13508665561676 3.04422616958618
1 14 -0.0917720645666122 -0.665491700172424 3.03968381881714
1 15 -0.0628235638141632 -1.01123881340027 2.99444580078125
1 16 -0.0862240195274353 -1.05976855754852 2.94246125221252
1 17 0.070451058447361 -0.130882114171982 3.05956220626831
1 18 0.0719223171472549 -0.658826529979706 3.01294803619385
1 19 0.0429433472454548 -1.00255990028381 2.99121165275574
1 20 0.0636630952358246 -1.05034935474396 2.92946457862854
2 1 -0.0153390979394317 -0.0540990382432938 3.07691240310669
2 2 -0.0243514217436314 0.00243335776031017 3.14553284645081
2 3 -0.0368950739502907 0.383802235126495 3.199866771698
2 4 -0.0431940108537674 0.596007466316223 3.21290516853333
2 5 -0.214052692055702 0.247837990522385 3.13383364677429
2 6 -0.280653387308121 -0.0126253226771951 3.06028914451599
2 7 -0.26122722029686 -0.248813465237617 2.96171641349792
2 8 -0.247015997767448 -0.340087980031967 2.94311356544495
2 9 0.150273159146309 0.25517275929451 3.17536067962646
2 10 0.230169460177422 -0.0389966554939747 3.13502264022827
2 11 0.237559169530869 -0.258139431476593 3.01476073265076
2 12 0.231181785464287 -0.35731640458107 2.97376608848572
2 13 -0.0937238410115242 -0.134947314858437 3.04542851448059
2 14 -0.0924100428819656 -0.668329834938049 3.04078960418701
2 15 -0.0658780038356781 -1.02307319641113 2.99153304100037
2 16 -0.0935452431440353 -1.06714916229248 2.93867659568787
2 17 0.0700402185320854 -0.130167976021767 3.06065678596497
2 18 0.0696729421615601 -0.658103585243225 3.01430797576904
2 19 0.0384473651647568 -1.00538635253906 2.99152207374573
2 20 0.0532241053879261 -1.05732274055481 2.92069745063782
3 1 -0.0162113774567842 -0.053840596228838 3.07745838165283
3 2 -0.0248981565237045 0.00272745452821255 3.14613747596741
3 3 -0.0364611968398094 0.384453743696213 3.20048356056213
3 4 -0.0426020547747612 0.600268363952637 3.21486377716064
3 5 -0.21432600915432 0.249282211065292 3.13650226593018
3 6 -0.279894560575485 -0.00722226174548268 3.06254005432129
3 7 -0.261370182037354 -0.24928292632103 2.9616870880127
3 8 -0.247184425592422 -0.339870601892471 2.9448573589325
3 9 0.149756148457527 0.255260020494461 3.17633414268494
3 10 0.228814348578453 -0.038432028144598 3.13550353050232
3 11 0.235011488199234 -0.262040436267853 3.0120689868927
3 12 0.228736773133278 -0.3566555082798 2.9687647819519
3 13 -0.0944667607545853 -0.134428054094315 3.04561471939087
3 14 -0.0917932540178299 -0.670702278614044 3.04281210899353
3 15 -0.0619790367782116 -1.02132248878479 2.99369645118713
3 16 -0.0910910591483116 -1.07086908817291 2.9470202922821
3 17 0.0692043751478195 -0.129874169826508 3.0609278678894
3 18 0.0686510503292084 -0.66107177734375 3.01492762565613
3 19 0.0409282110631466 -1.00269305706024 2.99318623542786
3 20 0.0618636682629585 -1.05726075172424 2.92206120491028
4 1 -0.0163813680410385 -0.0534182637929916 3.0773811340332
4 2 -0.0247571021318436 0.00328024663031101 3.14610552787781
4 3 -0.0354129523038864 0.385063797235489 3.20009422302246
4 4 -0.0398521572351456 0.603476226329803 3.21242690086365
4 5 -0.213086515665054 0.24875882267952 3.13641834259033
4 6 -0.278238892555237 -0.00459466269239783 3.06324529647827
4 7 -0.261280626058578 -0.250864803791046 2.96275424957275
4 8 -0.247143521904945 -0.33990541100502 2.94493937492371
4 9 0.150587379932404 0.255350977182388 3.17550659179688
4 10 0.229528978466988 -0.0377265177667141 3.1344895362854
4 11 0.235630586743355 -0.260881304740906 3.01313233375549
4 12 0.228567034006119 -0.356232792139053 2.96871638298035
4 13 -0.0948345363140106 -0.133787870407104 3.04550647735596
4 14 -0.0916155576705933 -0.669893026351929 3.0413932800293
4 15 -0.0577148385345936 -1.0205442905426 2.99243569374084
4 16 -0.0949514284729958 -1.0655415058136 2.94752287864685
4 17 0.0688085183501244 -0.129748672246933 3.06054329872131
4 18 0.0669708847999573 -0.66387403011322 3.01291465759277
4 19 0.0468008629977703 -1.00376999378204 2.98753476142883
4 20 0.0617336928844452 -1.0589325428009 2.91559219360352
5 1 -0.0160290710628033 -0.0534015223383904 3.07687187194824
5 2 -0.0240919906646013 0.00357574038207531 3.14558458328247
5 3 -0.0334521643817425 0.385143518447876 3.19785404205322
5 4 -0.0407139584422112 0.605104684829712 3.20718336105347
5 5 -0.213078767061234 0.248537600040436 3.1365749835968
5 6 -0.278501182794571 -0.00554336793720722 3.062575340271
5 7 -0.260276854038239 -0.25081804394722 2.96294236183167
5 8 -0.248317539691925 -0.339510381221771 2.9427592754364
5 9 0.1523217856884 0.254860609769821 3.17440009117126
5 10 0.230812877416611 -0.0385368391871452 3.13467931747437
5 11 0.235323920845985 -0.259638518095016 3.01116847991943
5 12 0.229582846164703 -0.355427831411362 2.96878409385681
5 13 -0.0948090925812721 -0.133980646729469 3.0447690486908
5 14 -0.0907510742545128 -0.6690633893013 3.04118967056274
5 15 -0.0578990392386913 -1.02228498458862 2.98960900306702
5 16 -0.0932669043540955 -1.06932771205902 2.9456524848938
5 17 0.0695556551218033 -0.130364269018173 3.06036758422852
5 18 0.0678545609116554 -0.665056347846985 3.01321339607239
5 19 0.0434947423636913 -1.00426876544952 2.9861843585968
5 20 0.0666562467813492 -1.06004881858826 2.90955376625061
6 1 -0.0152614004909992 -0.0529803410172462 3.07608699798584
6 2 -0.0234078280627728 0.00415882468223572 3.14459848403931
6 3 -0.0328184254467487 0.384984940290451 3.19486308097839
6 4 -0.0404997952282429 0.606946885585785 3.20637440681458
6 5 -0.211906418204308 0.247595593333244 3.13441061973572
6 6 -0.276437997817993 -0.00680158939212561 3.06063461303711
6 7 -0.258283108472824 -0.249732002615929 2.96130418777466
6 8 -0.247222006320953 -0.339747041463852 2.94200563430786
6 9 0.154223501682281 0.25295153260231 3.17247843742371
6 10 0.231701970100403 -0.039160743355751 3.13407182693481
6 11 0.235137119889259 -0.259639233350754 3.01113486289978
6 12 0.229532390832901 -0.355552405118942 2.97073888778687
6 13 -0.0942995846271515 -0.133934989571571 3.044184923172
6 14 -0.0910243764519691 -0.664576590061188 3.04040956497192
6 15 -0.0630517527461052 -1.00766158103943 2.99452018737793
6 16 -0.0920045524835587 -1.06119334697723 2.9509289264679
6 17 0.071260042488575 -0.129850670695305 3.05915474891663
6 18 0.0723961889743805 -0.653245627880096 3.01201701164246
6 19 0.0433050841093063 -0.996486902236938 2.99404716491699
6 20 0.058007325977087 -1.05028593540192 2.93596649169922
7 1 -0.0138445030897856 -0.0526434406638145 3.07518434524536
7 2 -0.0221049375832081 0.00445479154586792 3.14338278770447
7 3 -0.031656701117754 0.38324648141861 3.19148921966553
7 4 -0.037286102771759 0.606768727302551 3.20139122009277
7 5 -0.211209133267403 0.24750280380249 3.13333892822266
7 6 -0.276849329471588 -0.0117649752646685 3.0601441860199
7 7 -0.255880206823349 -0.249921262264252 2.9595673084259
7 8 -0.246300637722015 -0.339669346809387 2.94244289398193
7 9 0.156106740236282 0.251546531915665 3.17097353935242
7 10 0.233004257082939 -0.038950365036726 3.13515186309814
7 11 0.235930263996124 -0.258121192455292 3.01213002204895
7 12 0.230313718318939 -0.356455266475677 2.97075533866882
7 13 -0.0933181941509247 -0.134197533130646 3.04408526420593
7 14 -0.0898134335875511 -0.663229584693909 3.0404200553894
7 15 -0.0634522959589958 -1.00979280471802 2.99349522590637
7 16 -0.092991828918457 -1.06938433647156 2.95681643486023
7 17 0.0731897726655006 -0.129252791404724 3.05774593353271
7 18 0.0718470811843872 -0.652810335159302 3.01292133331299
7 19 0.0426950752735138 -0.995342373847961 2.99444723129272
7 20 0.0601476281881332 -1.04870688915253 2.93830990791321
8 1 -0.0126106152310967 -0.051893450319767 3.07489323616028
8 2 -0.021134540438652 0.00493889860808849 3.14291453361511
8 3 -0.0317034311592579 0.382838040590286 3.19059944152832
8 4 -0.0334795042872429 0.607779145240784 3.20063066482544
8 5 -0.211322396993637 0.247511744499207 3.13291931152344
8 6 -0.277133464813232 -0.00544748734682798 3.0611252784729
8 7 -0.253176957368851 -0.248116910457611 2.96217632293701
8 8 -0.244701385498047 -0.34013956785202 2.94386577606201
8 9 0.157575398683548 0.250681906938553 3.17106318473816
8 10 0.234605699777603 -0.0390819720923901 3.13523054122925
8 11 0.236810937523842 -0.259749323129654 3.01145839691162
8 12 0.233577504754066 -0.356569200754166 2.97062110900879
8 13 -0.0923442244529724 -0.133764609694481 3.04390788078308
8 14 -0.0906583964824677 -0.661383152008057 3.03971409797668
8 15 -0.0615388639271259 -1.01151394844055 2.99354481697083
8 16 -0.0975306704640388 -1.06361401081085 2.95026779174805
8 17 0.074922502040863 -0.128958895802498 3.05752968788147
8 18 0.0730883181095123 -0.650995373725891 3.01281762123108
8 19 0.0380444824695587 -0.997635126113892 2.99255752563477
8 20 0.0582333765923977 -1.04810929298401 2.93474221229553
9 1 -0.0110078696161509 -0.05086924508214 3.07506704330444
9 2 -0.0198571253567934 0.00544768199324608 3.14288210868835
9 3 -0.031309898942709 0.381478130817413 3.19071578979492
9 4 -0.0304367858916521 0.608083724975586 3.20256423950195
9 5 -0.210808709263802 0.2479118257761 3.13314366340637
9 6 -0.277988165616989 -0.00473466049879789 3.0621919631958
9 7 -0.252081602811813 -0.245332479476929 2.96173810958862
9 8 -0.244943290948868 -0.33895418047905 2.94358849525452
9 9 0.161673933267593 0.248553588986397 3.17139887809753
9 10 0.237384900450706 -0.0410418659448624 3.13488245010376
9 11 0.240170478820801 -0.260137677192688 3.0129406452179
9 12 0.235193118453026 -0.35759162902832 2.96589994430542
9 13 -0.0908355489373207 -0.132915928959846 3.04373025894165
9 14 -0.089424766600132 -0.661810994148254 3.04014015197754
9 15 -0.0617134645581245 -1.00913989543915 2.9926586151123
9 16 -0.0956839323043823 -1.06437349319458 2.94969010353088
9 17 0.0770115032792091 -0.128433883190155 3.0579617023468
9 18 0.0721474289894104 -0.650480806827545 3.01319861412048
9 19 0.0394768044352531 -0.996597826480865 2.99339079856873
9 20 0.0621868968009949 -1.0466285943985 2.93677186965942
10 1 -0.00932310149073601 -0.0491495206952095 3.07522439956665
10 2 -0.0181934740394354 0.00674286857247353 3.14283800125122
10 3 -0.0282227545976639 0.381019026041031 3.19037389755249
10 4 -0.0292545612901449 0.609248876571655 3.20695519447327
10 5 -0.209338992834091 0.248705133795738 3.13392329216003
10 6 -0.277748346328735 -0.00415115244686604 3.06159210205078
10 7 -0.252048164606094 -0.247297033667564 2.95959711074829
10 8 -0.244522631168365 -0.337308883666992 2.94113707542419
10 9 0.164434030652046 0.249124318361282 3.17404699325562
10 10 0.237869456410408 -0.0407758913934231 3.13338732719421
10 11 0.242382511496544 -0.258714705705643 3.01240158081055
10 12 0.234920263290405 -0.356999516487122 2.96903276443481
10 13 -0.0895066261291504 -0.131489738821983 3.04296183586121
10 14 -0.0886081457138062 -0.657455503940582 3.03993964195251
10 15 -0.0587439797818661 -1.00914514064789 2.99214005470276
10 16 -0.0994671434164047 -1.06329441070557 2.95223426818848
10 17 0.0785112529993057 -0.127274602651596 3.05860900878906
10 18 0.0741533637046814 -0.648271679878235 3.01330471038818
10 19 0.0422273725271225 -0.99638420343399 2.99123215675354
10 20 0.0626498982310295 -1.04877936840057 2.93627166748047
11 1 -0.00846170261502266 -0.0493217222392559 3.07506203651428
11 2 -0.0167680792510509 0.00664357654750347 3.14269590377808
11 3 -0.0266997255384922 0.3817358314991 3.19109964370728
11 4 -0.0285203903913498 0.60790479183197 3.20691609382629
11 5 -0.208188340067863 0.249517872929573 3.13464188575745
11 6 -0.279255986213684 0.000965034996625036 3.06270051002502
11 7 -0.251484662294388 -0.246562346816063 2.96017265319824
11 8 -0.244911342859268 -0.336315006017685 2.94121360778809
11 9 0.16200478374958 0.25113120675087 3.17156982421875
11 10 0.239125177264214 -0.0407655723392963 3.13286209106445
11 11 0.2435702085495 -0.257480770349503 3.00934481620789
11 12 0.236644238233566 -0.357829302549362 2.96559381484985
11 13 -0.0881190672516823 -0.131514564156532 3.04322242736816
11 14 -0.0869178473949432 -0.659877896308899 3.04115056991577
11 15 -0.0584716349840164 -1.00974130630493 2.99291968345642
11 16 -0.0980012789368629 -1.06631827354431 2.95366549491882
11 17 0.0787181183695793 -0.127103984355927 3.05849838256836
11 18 0.0746879205107689 -0.649656414985657 3.01324105262756
11 19 0.0411874055862427 -0.997342050075531 2.99247241020203
11 20 0.0635258555412292 -1.04916989803314 2.93662166595459
12 1 -0.00703995069488883 -0.0493387207388878 3.07516145706177
12 2 -0.0154284872114658 0.00672813318669796 3.14274311065674
12 3 -0.0244165509939194 0.381861478090286 3.19103097915649
12 4 -0.0290049873292446 0.608662486076355 3.20480942726135
12 5 -0.207012802362442 0.249531492590904 3.13404750823975
12 6 -0.279060244560242 0.0040947156958282 3.06047677993774
12 7 -0.251828104257584 -0.245978206396103 2.95930290222168
12 8 -0.244028434157372 -0.336539566516876 2.94134473800659
12 9 0.164149686694145 0.251070439815521 3.17301678657532
12 10 0.240408569574356 -0.0390527099370956 3.13079166412354
12 11 0.244625762104988 -0.257351696491241 3.00994229316711
12 12 0.236910820007324 -0.357982724905014 2.96645665168762
12 13 -0.086714081466198 -0.131715625524521 3.04279351234436
12 14 -0.087113082408905 -0.655980825424194 3.04123854637146
12 15 -0.0580926761031151 -1.00813269615173 2.99305582046509
12 16 -0.100285947322845 -1.06228744983673 2.95175838470459
12 17 0.0797509029507637 -0.126941949129105 3.05893898010254
12 18 0.0753008276224136 -0.64674174785614 3.01324772834778
12 19 0.0448785722255707 -0.996303677558899 2.99320554733276
12 20 0.0584410801529884 -1.04971408843994 2.93505167961121
13 1 -0.00554157141596079 -0.0491663292050362 3.07477474212646
13 2 -0.0144147500395775 0.00685126520693302 3.14237856864929
13 3 -0.0239735580980778 0.381752908229828 3.19106292724609
13 4 -0.0265685003250837 0.609407603740692 3.20393800735474
13 5 -0.205179616808891 0.250438958406448 3.13340950012207
13 6 -0.278522849082947 0.0072205476462841 3.05884838104248
13 7 -0.248340681195259 -0.247425496578217 2.95908212661743
13 8 -0.239187657833099 -0.337153255939484 2.94581627845764
13 9 0.164858967065811 0.252511322498322 3.17454385757446
13 10 0.240258723497391 -0.036011815071106 3.1293089389801
13 11 0.245082318782806 -0.260760098695755 3.0087628364563
13 12 0.237875312566757 -0.358503758907318 2.9675989151001
13 13 -0.0846125334501266 -0.131609484553337 3.04224419593811
13 14 -0.0869790241122246 -0.658138751983643 3.04152131080627
13 15 -0.0597990527749062 -1.00679397583008 2.99259209632874
13 16 -0.0884111076593399 -1.0628148317337 2.94186425209045
13 17 0.0810411870479584 -0.126394376158714 3.05863499641418
13 18 0.0774940103292465 -0.645739138126373 3.0138566493988
13 19 0.0469967387616634 -0.993729948997498 2.99425435066223
13 20 0.056959331035614 -1.04896008968353 2.93545627593994
14 1 -0.00512608978897333 -0.0489384010434151 3.07427215576172
14 2 -0.0144920870661736 0.00723765604197979 3.14173126220703
14 3 -0.0238038711249828 0.38216444849968 3.18957757949829
14 4 -0.0262002069503069 0.61065012216568 3.20144367218018
14 5 -0.203302532434464 0.251634150743485 3.13011169433594
14 6 -0.278058260679245 0.00909418892115355 3.05847930908203
14 7 -0.246945008635521 -0.24474872648716 2.95918655395508
14 8 -0.237271696329117 -0.336857438087463 2.94521141052246
14 9 0.16658228635788 0.252674907445908 3.17473793029785
14 10 0.24300879240036 -0.0362358801066875 3.13271522521973
14 11 0.244882568717003 -0.259947419166565 3.00869679450989
14 12 0.2381252348423 -0.358135730028152 2.96615552902222
14 13 -0.0842399969696999 -0.131395190954208 3.04175925254822
14 14 -0.0861222743988037 -0.657087385654449 3.04191970825195
14 15 -0.0643984973430634 -1.00673544406891 2.99477887153625
14 16 -0.0963525474071503 -1.05982291698456 2.94243597984314
14 17 0.0815882906317711 -0.126199692487717 3.05797553062439
14 18 0.0777037516236305 -0.647588610649109 3.01448893547058
14 19 0.0454449243843555 -0.992759585380554 2.99458837509155
14 20 0.063409760594368 -1.04695987701416 2.93698024749756
15 1 -0.00457997433841228 -0.0500058345496655 3.07303857803345
15 2 -0.0138294938951731 0.00618606619536877 3.14066529273987
15 3 -0.0234593637287617 0.381564855575562 3.1895227432251
15 4 -0.0244427565485239 0.610093832015991 3.19683432579041
15 5 -0.201946705579758 0.25073254108429 3.12775707244873
15 6 -0.277061700820923 0.00865615531802177 3.05606746673584
15 7 -0.246124863624573 -0.244915634393692 2.95864057540894
15 8 -0.239414557814598 -0.337014049291611 2.94187879562378
15 9 0.164089545607567 0.252677708864212 3.17103171348572
15 10 0.24156579375267 -0.0367411561310291 3.13060402870178
15 11 0.245522439479828 -0.261118859052658 3.00838804244995
15 12 0.238163247704506 -0.356971561908722 2.96802186965942
15 13 -0.0835229605436325 -0.131800249218941 3.04069590568542
15 14 -0.0857404619455338 -0.659628391265869 3.0401873588562
15 15 -0.0690339952707291 -1.01231241226196 2.99089503288269
15 16 -0.086663156747818 -1.06263339519501 2.92582988739014
15 17 0.0817883238196373 -0.126903876662254 3.05674028396606
15 18 0.07888063788414 -0.646242260932922 3.01311755180359
15 19 0.049440324306488 -0.992512881755829 2.99402403831482
15 20 0.0666420757770538 -1.0475686788559 2.93495297431946
16 1 -0.0043640648946166 -0.0494783893227577 3.07253932952881
16 2 -0.0134556945413351 0.00655648112297058 3.14018106460571
16 3 -0.0235560573637486 0.381579101085663 3.18951010704041
16 4 -0.0253180880099535 0.609741032123566 3.19768452644348
16 5 -0.202531650662422 0.25027996301651 3.12721538543701
16 6 -0.276301890611649 0.00403913389891386 3.05453038215637
16 7 -0.246313065290451 -0.24383644759655 2.95836734771729
16 8 -0.23789456486702 -0.336977899074554 2.94194650650024
16 9 0.16393606364727 0.252337515354156 3.16958808898926
16 10 0.241205886006355 -0.0376525223255157 3.13078951835632
16 11 0.245265170931816 -0.261230826377869 3.00785756111145
16 12 0.238486230373383 -0.358204990625381 2.96660304069519
16 13 -0.0834541097283363 -0.131140068173409 3.03997611999512
16 14 -0.0846169218420982 -0.656414151191711 3.04009461402893
16 15 -0.0616962239146233 -1.00684320926666 2.99197268486023
16 16 -0.0969157665967941 -1.06217908859253 2.94271016120911
16 17 0.0821978077292442 -0.126320853829384 3.0560131072998
16 18 0.0774084031581879 -0.646070778369904 3.01287961006165
16 19 0.0471407137811184 -0.993904829025269 2.99366235733032
16 20 0.0675994008779526 -1.0478937625885 2.93538784980774
17 1 -0.00400939397513866 -0.0491772592067719 3.07223558425903
17 2 -0.0130526153370738 0.00678300112485886 3.13990998268127
17 3 -0.0233888383954763 0.381619691848755 3.18947315216064
17 4 -0.0254948139190674 0.609923779964447 3.19465136528015
17 5 -0.20305360853672 0.250548392534256 3.12657284736633
17 6 -0.276291370391846 0.0079280324280262 3.0565025806427
17 7 -0.245828419923782 -0.243972450494766 2.95911359786987
17 8 -0.236414089798927 -0.337231040000916 2.94194030761719
17 9 0.163204431533813 0.253084093332291 3.16868305206299
17 10 0.242177709937096 -0.0380411855876446 3.12916588783264
17 11 0.246267557144165 -0.259087741374969 3.00943946838379
17 12 0.238230526447296 -0.357897192239761 2.96860647201538
17 13 -0.0829553157091141 -0.130685538053513 3.03891587257385
17 14 -0.0869171395897865 -0.656740963459015 3.0401611328125
17 15 -0.0632992833852768 -1.01229631900787 2.99120450019836
17 16 -0.101666398346424 -1.06468224525452 2.93882751464844
17 17 0.0824113041162491 -0.125885754823685 3.05600690841675
17 18 0.0771232917904854 -0.646259963512421 3.01274228096008
17 19 0.0458863526582718 -0.993142127990723 2.9924910068512
17 20 0.0665946900844574 -1.04971253871918 2.93636322021484
18 1 -0.00424312520772219 -0.0482901260256767 3.07230162620544
18 2 -0.0132410321384668 0.00742263719439507 3.13986659049988
18 3 -0.0234984084963799 0.381495833396912 3.18893766403198
18 4 -0.0285864397883415 0.609424412250519 3.18912172317505
18 5 -0.204632788896561 0.250733137130737 3.12775850296021
18 6 -0.275765895843506 -0.00217143213376403 3.05330324172974
18 7 -0.246022284030914 -0.243710026144981 2.95971274375916
18 8 -0.236799418926239 -0.336646020412445 2.94298672676086
18 9 0.162026107311249 0.253232210874558 3.17005324363709
18 10 0.242634952068329 -0.0370366498827934 3.13078832626343
18 11 0.245627194643021 -0.258662700653076 3.01276636123657
18 12 0.237828463315964 -0.358083128929138 2.96986150741577
18 13 -0.0832611322402954 -0.130058616399765 3.03888440132141
18 14 -0.0866660475730896 -0.656471192836761 3.03914022445679
18 15 -0.0648711323738098 -1.00901997089386 2.99163293838501
18 16 -0.097916916012764 -1.07068955898285 2.94732642173767
18 17 0.0821234658360481 -0.125341460108757 3.05653405189514
18 18 0.0768813043832779 -0.646117269992828 3.01266145706177
18 19 0.0461983419954777 -0.99397599697113 2.99299097061157
18 20 0.0672047808766365 -1.04912388324738 2.93489050865173
19 1 -0.00447208667173982 -0.0486133843660355 3.07233119010925
19 2 -0.0134642031043768 0.00714714266359806 3.13984346389771
19 3 -0.0236463844776154 0.381026536226273 3.18893074989319
19 4 -0.0277540646493435 0.61052405834198 3.19507312774658
19 5 -0.205544158816338 0.249478787183762 3.12737965583801
19 6 -0.277125597000122 5.54020516574383E-05 3.05592274665833
19 7 -0.247057601809502 -0.243700966238976 2.9597806930542
19 8 -0.238391548395157 -0.339267194271088 2.94430041313171
19 9 0.161695629358292 0.25229212641716 3.17001438140869
19 10 0.240912586450577 -0.0382682085037231 3.13084816932678
19 11 0.244761198759079 -0.261353850364685 3.01111149787903
19 12 0.237171992659569 -0.359068870544434 2.97027850151062
19 13 -0.0836109220981598 -0.130483150482178 3.03885579109192
19 14 -0.0862922742962837 -0.657874584197998 3.03963994979858
19 15 -0.0638629347085953 -1.01030349731445 2.99211120605469
19 16 -0.0987565666437149 -1.06830453872681 2.94427895545959
19 17 0.0818432942032814 -0.125821009278297 3.05693387985229
19 18 0.0784087404608727 -0.651541471481323 3.0129828453064
19 19 0.0465153120458126 -0.99589478969574 2.99009895324707
19 20 0.0642226710915565 -1.04996836185455 2.92869567871094
20 1 -0.00528999185189605 -0.0480242595076561 3.07245492935181
20 2 -0.0141376499086618 0.00753054767847061 3.13991594314575
20 3 -0.0239077229052782 0.38089907169342 3.18912529945374
20 4 -0.0268521998077631 0.610449552536011 3.19863414764404
20 5 -0.205983743071556 0.249555319547653 3.12818312644959
20 6 -0.27744796872139 -0.00325499312020838 3.05667972564697
20 7 -0.247284576296806 -0.244671523571014 2.96038436889648
20 8 -0.24038752913475 -0.338572144508362 2.94419002532959
20 9 0.162417218089104 0.251683950424194 3.17081999778748
20 10 0.241585567593575 -0.0359339863061905 3.1395480632782
20 11 0.243996441364288 -0.261090815067291 3.00990843772888
20 12 0.237005859613419 -0.35823979973793 2.97178602218628
20 13 -0.0845922529697418 -0.129744410514832 3.0389244556427
20 14 -0.0867869332432747 -0.653420746326447 3.04065680503845
20 15 -0.0658130496740341 -1.00549471378326 2.99241518974304
20 16 -0.0934832617640495 -1.06938779354095 2.94664716720581
20 17 0.080644391477108 -0.125361621379852 3.05711197853088
20 18 0.0786486119031906 -0.648758888244629 3.01237678527832
20 19 0.0458554178476334 -0.994217276573181 2.99136400222778
20 20 0.0641512051224709 -1.06001341342926 2.94362688064575
