1 1 -0.0559535548090935 -0.141999930143356 3.15778827667236
1 2 -0.0661300346255302 -0.0896881967782974 3.22484040260315
1 3 -0.0776790902018547 0.274034857749939 3.2851197719574
1 4 -0.0908495560288429 0.479933977127075 3.27854704856873
1 5 -0.241901397705078 0.153691813349724 3.24062013626099
1 6 -0.282698750495911 -0.0994768217206001 3.1737973690033
1 7 -0.272534042596817 -0.303743362426758 3.07338643074036
1 8 -0.270769685506821 -0.352658450603485 3.0539083480835
1 9 0.102600052952766 0.160706788301468 3.28951787948608
1 10 0.147098943591118 -0.0945108011364937 3.23196768760681
1 11 0.143910497426987 -0.343020409345627 3.06625747680664
1 12 0.146993637084961 -0.395534127950668 3.03705430030823
1 13 -0.130186527967453 -0.217899069190025 3.12347674369812
1 14 -0.137852624058723 -0.688784539699554 3.12564420700073
1 15 -0.12639345228672 -1.02116227149963 3.0562469959259
1 16 -0.161352515220642 -1.06989896297455 3.00473976135254
1 17 0.0258077550679445 -0.214054644107819 3.1406557559967
1 18 0.0348019972443581 -0.686101019382477 3.10793089866638
1 19 0.0151960020884871 -1.00805020332336 3.04404330253601
1 20 0.048498447984457 -1.05383336544037 2.97124457359314
2 1 -0.0567852891981602 -0.142250120639801 3.15652799606323
2 2 -0.0669194385409355 -0.0899025648832321 3.2235848903656
2 3 -0.0791777446866035 0.272980630397797 3.28379654884338
2 4 -0.0903355777263641 0.478955209255219 3.27997994422913
2 5 -0.242099642753601 0.151807218790054 3.23849368095398
2 6 -0.283419251441956 -0.0998523980379105 3.17138838768005
2 7 -0.271935760974884 -0.303799092769623 3.07089471817017
2 8 -0.269817650318146 -0.353431165218353 3.04997944831848
2 9 0.104038812220097 0.159889757633209 3.28800082206726
2 10 0.146369144320488 -0.0942371785640717 3.22869563102722
2 11 0.143352478742599 -0.341122895479202 3.06782126426697
2 12 0.142992034554482 -0.409705758094788 3.0342230796814
2 13 -0.130931198596954 -0.218170285224915 3.12137961387634
2 14 -0.138157576322556 -0.689158082008362 3.12546753883362
2 15 -0.12612572312355 -1.02028167247772 3.05613803863525
2 16 -0.160610184073448 -1.06853890419006 2.99911284446716
2 17 0.0248324014246464 -0.214792475104332 3.14020562171936
2 18 0.0345852039754391 -0.687829196453094 3.108966588974
2 19 0.0184305533766747 -1.01102840900421 3.04387331008911
2 20 0.0546575635671616 -1.05574190616608 2.9671790599823
3 1 -0.0566671714186668 -0.142266988754272 3.15614557266235
3 2 -0.0671501979231834 -0.0894384011626244 3.22289490699768
3 3 -0.0793569982051849 0.273448348045349 3.27924299240112
3 4 -0.0905630737543106 0.477906376123428 3.27159833908081
3 5 -0.241528883576393 0.151981145143509 3.23597550392151
3 6 -0.283323407173157 -0.0998364612460136 3.17106819152832
3 7 -0.272246748209 -0.303960859775543 3.07149720191956
3 8 -0.271278858184814 -0.350474238395691 3.05297303199768
3 9 0.103351958096027 0.161070361733437 3.28697752952576
3 10 0.147552520036697 -0.0936433672904968 3.22992348670959
3 11 0.140232622623444 -0.339966297149658 3.0658962726593
3 12 0.140649855136871 -0.392712652683258 3.03669428825378
3 13 -0.130597114562988 -0.218283966183662 3.12097144126892
3 14 -0.138924404978752 -0.688040614128113 3.12459492683411
3 15 -0.124973505735397 -1.02005791664124 3.05663013458252
3 16 -0.162453517317772 -1.0681244134903 3.0059380531311
3 17 0.0251723453402519 -0.214704617857933 3.14082980155945
3 18 0.0351225472986698 -0.68803733587265 3.10904932022095
3 19 0.0177318975329399 -1.01082980632782 3.0455436706543
3 20 0.05373615026474 -1.05612134933472 2.97362279891968
4 1 -0.0567347966134548 -0.14136067032814 3.1558849811554
4 2 -0.067304253578186 -0.0889313220977783 3.2224292755127
4 3 -0.079125702381134 0.272984087467194 3.28001499176025
4 4 -0.0905669629573822 0.479558914899826 3.27426385879517
4 5 -0.242283657193184 0.15289306640625 3.23556065559387
4 6 -0.282876998186111 -0.0987797006964684 3.17103862762451
4 7 -0.272218227386475 -0.303150951862335 3.07259368896484
4 8 -0.272117137908936 -0.35103577375412 3.05179309844971
4 9 0.103827349841595 0.16314822435379 3.28824377059937
4 10 0.147688016295433 -0.0915631949901581 3.22852945327759
4 11 0.142426013946533 -0.33792108297348 3.06723690032959
4 12 0.133262321352959 -0.412969291210175 3.03657650947571
4 13 -0.130793377757072 -0.217486172914505 3.12048149108887
4 14 -0.139066159725189 -0.688397884368896 3.12401127815247
4 15 -0.125153854489326 -1.01886701583862 3.05576419830322
4 16 -0.160551264882088 -1.06859290599823 2.99744272232056
4 17 0.0253082998096943 -0.213942423462868 3.1410117149353
4 18 0.0354618951678276 -0.687263607978821 3.10900545120239
4 19 0.0167454779148102 -1.00985193252563 3.04557633399963
4 20 0.0520872175693512 -1.05330526828766 2.9707453250885
5 1 -0.0570174753665924 -0.140853345394135 3.15572285652161
5 2 -0.0678669512271881 -0.0883609727025032 3.22209286689758
5 3 -0.0790227800607681 0.273241579532623 3.27917695045471
5 4 -0.0911702066659927 0.481313586235046 3.27575707435608
5 5 -0.242253378033638 0.153454631567001 3.23497653007507
5 6 -0.282860785722733 -0.0989013463258743 3.17058444023132
5 7 -0.272552192211151 -0.303186476230621 3.07211303710938
5 8 -0.272340476512909 -0.3506780564785 3.05289244651794
5 9 0.10599822551012 0.162236422300339 3.29034042358398
5 10 0.146409660577774 -0.0930080413818359 3.229248046875
5 11 0.143936336040497 -0.322140276432037 3.0768678188324
5 12 0.149649143218994 -0.395020663738251 3.0406756401062
5 13 -0.131423369050026 -0.217073455452919 3.11981821060181
5 14 -0.139351412653923 -0.688890278339386 3.1242356300354
5 15 -0.126022145152092 -1.02068054676056 3.05600953102112
5 16 -0.160948842763901 -1.07038450241089 2.99702835083008
5 17 0.0248984172940254 -0.213994815945625 3.1414954662323
5 18 0.0356675162911415 -0.687007546424866 3.1094183921814
5 19 0.014359493739903 -1.01236140727997 3.04658889770508
5 20 0.048780906945467 -1.05318522453308 2.97287392616272
6 1 -0.0567849762737751 -0.140795946121216 3.15556025505066
6 2 -0.0679500252008438 -0.0882383733987808 3.22179460525513
6 3 -0.0794157311320305 0.273228377103806 3.2784698009491
6 4 -0.0917620584368706 0.4796282351017 3.27346801757813
6 5 -0.242754071950912 0.151603683829308 3.23315811157227
6 6 -0.282487899065018 -0.101952284574509 3.16986489295959
6 7 -0.273423463106155 -0.305432140827179 3.0694568157196
6 8 -0.272126913070679 -0.351500958204269 3.04859662055969
6 9 0.105371870100498 0.162951156497002 3.29037380218506
6 10 0.146115005016327 -0.0934705436229706 3.22753977775574
6 11 0.142648667097092 -0.336825460195541 3.06935787200928
6 12 0.141109302639961 -0.389789253473282 3.04045748710632
6 13 -0.131074383854866 -0.217209443449974 3.11981081962585
6 14 -0.139579832553864 -0.687993943691254 3.12396907806396
6 15 -0.123753488063812 -1.01978361606598 3.05693221092224
6 16 -0.164641574025154 -1.06787347793579 3.0019474029541
6 17 0.0256581045687199 -0.213848814368248 3.14137864112854
6 18 0.0354930944740772 -0.687574326992035 3.10985255241394
6 19 0.0160750094801188 -1.01140189170837 3.04666757583618
6 20 0.0523619838058949 -1.05508804321289 2.97220683097839
7 1 -0.0566687136888504 -0.140679001808167 3.15531468391418
7 2 -0.0679655373096466 -0.0875739008188248 3.22127413749695
7 3 -0.0793110281229019 0.274120569229126 3.27536201477051
7 4 -0.0913399010896683 0.47990545630455 3.27375626564026
7 5 -0.242397591471672 0.152020364999771 3.23318910598755
7 6 -0.282847672700882 -0.101104132831097 3.16893172264099
7 7 -0.273134112358093 -0.304896771907806 3.06959795951843
7 8 -0.270526587963104 -0.353766977787018 3.0509352684021
7 9 0.105083078145981 0.161719113588333 3.28930497169495
7 10 0.145789191126823 -0.089845284819603 3.2275230884552
7 11 0.140098601579666 -0.339890718460083 3.0673623085022
7 12 0.145091205835342 -0.393146872520447 3.03973436355591
7 13 -0.131271660327911 -0.217030331492424 3.11963939666748
7 14 -0.139073476195335 -0.685253798961639 3.12480616569519
7 15 -0.124153956770897 -1.02041018009186 3.05552077293396
7 16 -0.166109055280685 -1.07004010677338 3.01023459434509
7 17 0.0257162023335695 -0.21394644677639 3.14188003540039
7 18 0.0359273068606853 -0.686670303344727 3.10979890823364
7 19 0.0162307620048523 -1.00877153873444 3.04792284965515
7 20 0.0525965839624405 -1.05429577827454 2.97210168838501
8 1 -0.0572512149810791 -0.140627190470695 3.15508580207825
8 2 -0.0685703754425049 -0.087426595389843 3.22099614143372
8 3 -0.0788491740822792 0.274835050106049 3.27389025688171
8 4 -0.0912350341677666 0.479880899190903 3.27331781387329
8 5 -0.241175144910812 0.153161138296127 3.2322473526001
8 6 -0.282816082239151 -0.100716598331928 3.16886305809021
8 7 -0.273296773433685 -0.304628044366837 3.07019829750061
8 8 -0.272312343120575 -0.351403892040253 3.05235457420349
8 9 0.105025835335255 0.161837339401245 3.28991365432739
8 10 0.145312890410423 -0.0892356038093567 3.22845840454102
8 11 0.140021681785583 -0.339345216751099 3.06548666954041
8 12 0.143356218934059 -0.398410379886627 3.04326772689819
8 13 -0.131712362170219 -0.216910034418106 3.11914801597595
8 14 -0.139582321047783 -0.688813805580139 3.12435269355774
8 15 -0.125502213835716 -1.02259790897369 3.05480670928955
8 16 -0.161402359604836 -1.07321214675903 2.99994730949402
8 17 0.0246265102177858 -0.214295491576195 3.14239692687988
8 18 0.0341520197689533 -0.687716662883759 3.1116099357605
8 19 0.0120390979573131 -1.01113390922546 3.04679608345032
8 20 0.0542021356523037 -1.05290377140045 2.96684169769287
9 1 -0.0575745925307274 -0.140358284115791 3.15521955490112
9 2 -0.0687637403607368 -0.0870031118392944 3.22088003158569
9 3 -0.0791792720556259 0.274803698062897 3.27244806289673
9 4 -0.0902294814586639 0.479444533586502 3.27207207679749
9 5 -0.242015913128853 0.15357506275177 3.23216724395752
9 6 -0.283665657043457 -0.102779738605022 3.16755938529968
9 7 -0.273976922035217 -0.308259516954422 3.07039332389832
9 8 -0.273213922977448 -0.349699974060059 3.05447602272034
9 9 0.10519590228796 0.16193263232708 3.28926682472229
9 10 0.144946694374084 -0.0929580181837082 3.22847461700439
9 11 0.142283141613007 -0.343403875827789 3.06564426422119
9 12 0.143208190798759 -0.397175937891006 3.03979063034058
9 13 -0.13229638338089 -0.217049598693848 3.11985206604004
9 14 -0.140079259872437 -0.688127100467682 3.1244101524353
9 15 -0.125171735882759 -1.02025783061981 3.05500507354736
9 16 -0.159776106476784 -1.06929564476013 2.99860906600952
9 17 0.024231743067503 -0.214253500103951 3.14278817176819
9 18 0.0340009368956089 -0.688771784305573 3.1130702495575
9 19 0.0169151276350021 -1.01107907295227 3.04539799690247
9 20 0.0534795336425304 -1.05359888076782 2.96695470809937
10 1 -0.0588049627840519 -0.140464395284653 3.1550600528717
10 2 -0.0693427547812462 -0.0871522352099419 3.22074556350708
10 3 -0.0800021886825562 0.275867491960526 3.27499556541443
10 4 -0.091878280043602 0.479845255613327 3.27474617958069
10 5 -0.243636935949326 0.153400614857674 3.23299074172974
10 6 -0.28452131152153 -0.105044886469841 3.16666889190674
10 7 -0.274241149425507 -0.309969365596771 3.07061839103699
10 8 -0.273334443569183 -0.350658506155014 3.05161023139954
10 9 0.102525323629379 0.162661910057068 3.28714680671692
10 10 0.144376620650291 -0.0928021669387817 3.2278265953064
10 11 0.141028434038162 -0.345813691616058 3.06780052185059
10 12 0.13496270775795 -0.420425474643707 3.03736138343811
10 13 -0.133116021752357 -0.216913968324661 3.11959266662598
10 14 -0.140708297491074 -0.689085245132446 3.12446689605713
10 15 -0.125171318650246 -1.02001774311066 3.05540108680725
10 16 -0.158803179860115 -1.07114458084106 2.99778437614441
10 17 0.0224145036190748 -0.214182630181313 3.14226484298706
10 18 0.0340222977101803 -0.688643634319305 3.11235547065735
10 19 0.0149778285995126 -1.01015901565552 3.04631161689758
10 20 0.0534878820180893 -1.05386090278625 2.97028183937073
11 1 -0.0591305382549763 -0.140388861298561 3.15508365631104
11 2 -0.0695790797472 -0.0870112329721451 3.2207715511322
11 3 -0.0805599093437195 0.275438606739044 3.27425909042358
11 4 -0.0930591225624084 0.47746542096138 3.27299761772156
11 5 -0.245284050703049 0.1529630869627 3.23289322853088
11 6 -0.285798788070679 -0.106891825795174 3.16615080833435
11 7 -0.275240898132324 -0.311795890331268 3.06968855857849
11 8 -0.275533705949783 -0.349680691957474 3.05206727981567
11 9 0.101069130003452 0.1634930819273 3.28650283813477
11 10 0.144324734807014 -0.0911846682429314 3.22979021072388
11 11 0.140323370695114 -0.346688687801361 3.0640561580658
11 12 0.137600064277649 -0.395806342363358 3.0301513671875
11 13 -0.133501127362251 -0.217051357030869 3.11968398094177
11 14 -0.141173824667931 -0.686548948287964 3.12407851219177
11 15 -0.125519648194313 -1.01977860927582 3.05574154853821
11 16 -0.161982193589211 -1.07072389125824 2.99911642074585
11 17 0.0224045738577843 -0.213900685310364 3.1423716545105
11 18 0.0346232578158379 -0.687562942504883 3.11144876480103
11 19 0.0146851046010852 -1.01021027565002 3.04715609550476
11 20 0.0538971573114395 -1.05435907840729 2.97219014167786
12 1 -0.059096023440361 -0.140041127800941 3.15542674064636
12 2 -0.069666787981987 -0.0865752547979355 3.22096824645996
12 3 -0.0805163383483887 0.275623500347137 3.27319836616516
12 4 -0.0936894118785858 0.478494942188263 3.27351832389832
12 5 -0.246156811714172 0.153640106320381 3.23320913314819
12 6 -0.285595715045929 -0.105649217963219 3.16766166687012
12 7 -0.274766176939011 -0.310803353786469 3.07161927223206
12 8 -0.275534182786942 -0.350870341062546 3.05254817008972
12 9 0.103679336607456 0.161166444420815 3.28642749786377
12 10 0.144845381379128 -0.0898015350103378 3.22978377342224
12 11 0.140457332134247 -0.346708238124847 3.06630778312683
12 12 0.142800092697144 -0.399767845869064 3.0399808883667
12 13 -0.133654594421387 -0.217199087142944 3.11989212036133
12 14 -0.14126817882061 -0.686638832092285 3.12443041801453
12 15 -0.125111520290375 -1.02105188369751 3.05727648735046
12 16 -0.163736581802368 -1.07134926319122 3.00087833404541
12 17 0.0231439750641584 -0.213819652795792 3.14284753799438
12 18 0.0351035930216312 -0.687531888484955 3.1112117767334
12 19 0.0134819457307458 -1.01029062271118 3.04726314544678
12 20 0.054233256727457 -1.05409228801727 2.9690260887146
13 1 -0.059376135468483 -0.140262559056282 3.15547394752502
13 2 -0.070027694106102 -0.0869315788149834 3.22105360031128
13 3 -0.0806845277547836 0.274672299623489 3.27439188957214
13 4 -0.0930972695350647 0.475774168968201 3.27344918251038
13 5 -0.245310246944427 0.154089912772179 3.23356819152832
13 6 -0.28688257932663 -0.106881707906723 3.16664385795593
13 7 -0.274531841278076 -0.312339603900909 3.07130074501038
13 8 -0.27513712644577 -0.351284086704254 3.0532751083374
13 9 0.104420974850655 0.160291314125061 3.28702425956726
13 10 0.144987374544144 -0.092164658010006 3.22701144218445
13 11 0.140874847769737 -0.343777537345886 3.06548881530762
13 12 0.136730015277863 -0.396376579999924 3.03913259506226
13 13 -0.134143188595772 -0.217359200119972 3.1200590133667
13 14 -0.141509905457497 -0.68791252374649 3.12450385093689
13 15 -0.126134812831879 -1.0197069644928 3.05652952194214
13 16 -0.161912083625793 -1.07055592536926 2.99722194671631
13 17 0.0228411182761192 -0.214074462652206 3.14278745651245
13 18 0.0350882224738598 -0.687661945819855 3.11087441444397
13 19 0.0169855169951916 -1.0071941614151 3.04841494560242
13 20 0.0551446564495564 -1.05240631103516 2.96725153923035
14 1 -0.0598303936421871 -0.14002189040184 3.15506267547607
14 2 -0.0699463486671448 -0.0866685435175896 3.22065496444702
14 3 -0.0813648626208305 0.27473920583725 3.27343559265137
14 4 -0.0940271019935608 0.476108551025391 3.27278923988342
14 5 -0.246135324239731 0.154084429144859 3.23455882072449
14 6 -0.286141693592072 -0.105321139097214 3.1668004989624
14 7 -0.274212390184402 -0.310953319072723 3.07175040245056
14 8 -0.274643182754517 -0.351064562797546 3.0525016784668
14 9 0.101761147379875 0.162009358406067 3.28394293785095
14 10 0.145096451044083 -0.0905195325613022 3.22880673408508
14 11 0.139561980962753 -0.34123831987381 3.06642270088196
14 12 0.145645096898079 -0.394577324390411 3.04231429100037
14 13 -0.13489405810833 -0.217555999755859 3.12016558647156
14 14 -0.141009330749512 -0.688926696777344 3.12488055229187
14 15 -0.126098453998566 -1.02078568935394 3.05619621276855
14 16 -0.162834450602531 -1.07165539264679 2.99393486976624
14 17 0.0228551123291254 -0.213444918394089 3.14163565635681
14 18 0.0336744859814644 -0.686523914337158 3.10931706428528
14 19 0.0127745298668742 -1.00730669498444 3.04848670959473
14 20 0.0522496253252029 -1.05199539661407 2.97103571891785
15 1 -0.0603282637894154 -0.1399245262146 3.15455079078674
15 2 -0.0698358491063118 -0.0866886526346207 3.22035503387451
15 3 -0.0816264450550079 0.275106817483902 3.27454090118408
15 4 -0.0947789996862412 0.47891628742218 3.27273178100586
15 5 -0.246843710541725 0.155880019068718 3.23580598831177
15 6 -0.284751027822495 -0.104204945266247 3.16668319702148
15 7 -0.273861110210419 -0.310167223215103 3.07217383384705
15 8 -0.273814260959625 -0.351285755634308 3.05334210395813
15 9 0.0990593433380127 0.163797229528427 3.28136277198792
15 10 0.145114004611969 -0.0886267125606537 3.22887873649597
15 11 0.139253631234169 -0.339518487453461 3.06507444381714
15 12 0.137551978230476 -0.388252854347229 3.03209495544434
15 13 -0.135253682732582 -0.21701879799366 3.12005662918091
15 14 -0.140632122755051 -0.690101027488709 3.12465667724609
15 15 -0.125659510493279 -1.02157580852509 3.0569634437561
15 16 -0.161218971014023 -1.07106912136078 2.99954581260681
15 17 0.0216417200863361 -0.213081076741219 3.14014077186584
15 18 0.0334998741745949 -0.685369789600372 3.10751914978027
15 19 0.0193063616752625 -1.00345945358276 3.04475450515747
15 20 0.0504146292805672 -1.05248832702637 2.97172522544861
16 1 -0.0600849650800228 -0.139823123812675 3.15401005744934
16 2 -0.0700462609529495 -0.0863140225410461 3.21969318389893
16 3 -0.0812644213438034 0.275515228509903 3.27192330360413
16 4 -0.0940383747220039 0.48027116060257 3.27277040481567
16 5 -0.245863541960716 0.155251294374466 3.23378992080688
16 6 -0.283504396677017 -0.103106021881104 3.16807222366333
16 7 -0.272960484027863 -0.308812707662582 3.07265520095825
16 8 -0.274201244115829 -0.350955814123154 3.05373740196228
16 9 0.100865475833416 0.164343237876892 3.28302001953125
16 10 0.145033597946167 -0.0904840379953384 3.22654414176941
16 11 0.140455767512321 -0.338633835315704 3.0642204284668
16 12 0.132265955209732 -0.389608204364777 3.03373289108276
16 13 -0.134720683097839 -0.217033848166466 3.11966705322266
16 14 -0.140300959348679 -0.690791845321655 3.12467861175537
16 15 -0.127957969903946 -1.02412867546082 3.05551838874817
16 16 -0.161142125725746 -1.07279896736145 2.99821925163269
16 17 0.0220723189413548 -0.212612047791481 3.13954305648804
16 18 0.0343291945755482 -0.683960139751434 3.10726189613342
16 19 0.016842395067215 -1.00706136226654 3.04406404495239
16 20 0.0457143969833851 -1.05160570144653 2.96768355369568
17 1 -0.060805294662714 -0.139265075325966 3.1534366607666
17 2 -0.0706587955355644 -0.0858436524868011 3.21896028518677
17 3 -0.0815758407115936 0.275346249341965 3.27023720741272
17 4 -0.0960388034582138 0.47865417599678 3.27016258239746
17 5 -0.246365457773209 0.154479384422302 3.23273968696594
17 6 -0.284547090530396 -0.103536367416382 3.16709208488464
17 7 -0.272246479988098 -0.309518665075302 3.07244300842285
17 8 -0.274232745170593 -0.351079642772675 3.05238890647888
17 9 0.101656712591648 0.163005992770195 3.28227353096008
17 10 0.145507499575615 -0.0900404155254364 3.22536993026733
17 11 0.142063334584236 -0.341852813959122 3.06595325469971
17 12 0.142301291227341 -0.392807453870773 3.03742909431458
17 13 -0.136049970984459 -0.216406777501106 3.11939191818237
17 14 -0.140348672866821 -0.688172399997711 3.12382769584656
17 15 -0.126645922660828 -1.0222829580307 3.05483365058899
17 16 -0.160821154713631 -1.06885147094727 3.00333380699158
17 17 0.0215305369347334 -0.212212592363358 3.13905715942383
17 18 0.0346950143575668 -0.683810234069824 3.10592699050903
17 19 0.0127301281318069 -1.00936377048492 3.04255199432373
17 20 0.0480944253504276 -1.05329406261444 2.96780157089233
18 1 -0.0611406378448009 -0.138903602957726 3.15232038497925
18 2 -0.0707115978002548 -0.0852320194244385 3.21782875061035
18 3 -0.0803650692105293 0.276279836893082 3.26828646659851
18 4 -0.0967230126261711 0.479520797729492 3.26969170570374
18 5 -0.247807085514069 0.153152048587799 3.23163557052612
18 6 -0.283894181251526 -0.103172406554222 3.16639065742493
18 7 -0.27297705411911 -0.308526456356049 3.0699200630188
18 8 -0.273651301860809 -0.350262641906738 3.04979228973389
18 9 0.102111250162125 0.163390189409256 3.28150248527527
18 10 0.145188108086586 -0.0906915813684464 3.224764585495
18 11 0.143221408128738 -0.339605242013931 3.0662841796875
18 12 0.139805495738983 -0.389675140380859 3.03679370880127
18 13 -0.136585414409637 -0.216379925608635 3.11888551712036
18 14 -0.139811381697655 -0.688686907291412 3.1234564781189
18 15 -0.125791996717453 -1.0220867395401 3.05548167228699
18 16 -0.161331593990326 -1.07081043720245 3.00414824485779
18 17 0.0210419129580259 -0.211900472640991 3.13759231567383
18 18 0.0348938405513763 -0.684413313865662 3.10537719726563
18 19 0.0139861069619656 -1.00932288169861 3.04249358177185
18 20 0.0481532514095306 -1.05413484573364 2.9694287776947
19 1 -0.0609650127589703 -0.137963354587555 3.15177607536316
19 2 -0.0704183429479599 -0.0843939930200577 3.21721816062927
19 3 -0.0795027539134026 0.27699214220047 3.26784253120422
19 4 -0.0961929187178612 0.480559051036835 3.26980829238892
19 5 -0.248643279075623 0.153168991208076 3.2319324016571
19 6 -0.283740401268005 -0.103667847812176 3.16629981994629
19 7 -0.273903220891953 -0.309165626764297 3.07010388374329
19 8 -0.274343878030777 -0.350864231586456 3.04934096336365
19 9 0.103749811649323 0.163129165768623 3.28115344047546
19 10 0.146023467183113 -0.0884016901254654 3.22482919692993
19 11 0.142154842615128 -0.341221779584885 3.06224989891052
19 12 0.138255625963211 -0.39875066280365 3.03144955635071
19 13 -0.13693143427372 -0.21579672396183 3.11857748031616
19 14 -0.139594286680222 -0.68805605173111 3.12290287017822
19 15 -0.124225229024887 -1.02099633216858 3.0567684173584
19 16 -0.162512242794037 -1.06977355480194 3.0027482509613
19 17 0.021684929728508 -0.211083725094795 3.13674998283386
19 18 0.0359560400247574 -0.682420670986176 3.10500025749207
19 19 0.0165369845926762 -1.00840878486633 3.04295587539673
19 20 0.0498846024274826 -1.05323398113251 2.96963953971863
20 1 -0.0610824562609196 -0.137669309973717 3.15113520622253
20 2 -0.0703235566616058 -0.0840588882565498 3.21651482582092
20 3 -0.0790532156825066 0.277106612920761 3.26673769950867
20 4 -0.0955578908324242 0.480191886425018 3.26832580566406
20 5 -0.247451573610306 0.154175534844398 3.23168444633484
20 6 -0.28364822268486 -0.104968823492527 3.16616940498352
20 7 -0.274092435836792 -0.311431497335434 3.07227087020874
20 8 -0.273010045289993 -0.351069331169128 3.05150151252747
20 9 0.101848155260086 0.1640914529562 3.27938675880432
20 10 0.144705966114998 -0.090909369289875 3.2214150428772
20 11 0.142265483736992 -0.338384211063385 3.06283593177795
20 12 0.13917301595211 -0.388208508491516 3.03310203552246
20 13 -0.136885806918144 -0.215464472770691 3.11811995506287
20 14 -0.139468386769295 -0.687926113605499 3.12276196479797
20 15 -0.124745607376099 -1.01990127563477 3.05646681785584
20 16 -0.162912651896477 -1.0666880607605 3.00038361549377
20 17 0.0213801953941584 -0.210508406162262 3.13608384132385
20 18 0.0358135215938091 -0.681546807289124 3.10458874702454
20 19 0.0160660482943058 -1.00905632972717 3.04309630393982
20 20 0.0483389608561993 -1.05431175231934 2.9729106426239
