1 1 -0.0450972132384777 -0.141163364052773 3.13478136062622
1 2 -0.0498046912252903 -0.0884165465831757 3.19629335403442
1 3 -0.0535461232066154 0.256926089525223 3.23360824584961
1 4 -0.0718540251255035 0.454486787319183 3.24495506286621
1 5 -0.237853959202766 0.13140569627285 3.2175657749176
1 6 -0.268245816230774 -0.122302241623402 3.15967321395874
1 7 -0.255206406116486 -0.339234054088593 3.0508508682251
1 8 -0.250890582799912 -0.3721764087677 3.04277658462524
1 9 0.137012839317322 0.142569810152054 3.24637246131897
1 10 0.17166443169117 -0.132098361849785 3.17128205299377
1 11 0.150578767061234 -0.342130661010742 3.04650282859802
1 12 0.146124511957169 -0.417058885097504 3.01353049278259
1 13 -0.127684041857719 -0.224637255072594 3.10627245903015
1 14 -0.127525895833969 -0.689720928668976 3.11604189872742
1 15 -0.117415070533752 -1.02308285236359 3.04840683937073
1 16 -0.158734038472176 -1.06831550598145 2.99061870574951
1 17 0.0409059561789036 -0.22021721303463 3.11825370788574
1 18 0.0259733181446791 -0.67990517616272 3.08547949790955
1 19 0.010325450450182 -1.01063323020935 3.03890228271484
1 20 0.0500020124018192 -1.05561542510986 2.96690797805786
2 1 -0.0446050390601158 -0.14234858751297 3.13609743118286
2 2 -0.0494173243641853 -0.0895294025540352 3.19764947891235
2 3 -0.0563868880271912 0.255248606204987 3.23469805717468
2 4 -0.0705988183617592 0.455370277166367 3.24947261810303
2 5 -0.237001240253448 0.130894765257835 3.21626210212708
2 6 -0.269607067108154 -0.120523869991302 3.1614556312561
2 7 -0.254726469516754 -0.336612731218338 3.05244874954224
2 8 -0.247692674398422 -0.405079543590546 3.02991271018982
2 9 0.134926810860634 0.140340521931648 3.24263834953308
2 10 0.167555198073387 -0.156232908368111 3.16304206848145
2 11 0.148899152874947 -0.372833102941513 3.03319907188416
2 12 0.156563311815262 -0.448053658008575 3.01479554176331
2 13 -0.126483723521233 -0.225305840373039 3.10678339004517
2 14 -0.125904649496078 -0.69015371799469 3.11507868766785
2 15 -0.115870900452137 -1.02302992343903 3.04779720306396
2 16 -0.15532560646534 -1.06792759895325 2.98952078819275
2 17 0.0416049286723137 -0.22123359143734 3.1211678981781
2 18 0.0256027653813362 -0.681931138038635 3.08821439743042
2 19 0.0106950327754021 -1.01236629486084 3.04054355621338
2 20 0.0496288165450096 -1.05876922607422 2.97442102432251
3 1 -0.0442959107458591 -0.141366988420486 3.13685917854309
3 2 -0.0493995882570744 -0.0886472761631012 3.1983597278595
3 3 -0.0542818605899811 0.255843997001648 3.23547768592834
3 4 -0.0692159309983253 0.455371171236038 3.25022768974304
3 5 -0.236264020204544 0.131998240947723 3.21600127220154
3 6 -0.268712401390076 -0.117362126708031 3.16180443763733
3 7 -0.256232112646103 -0.332932651042938 3.05291366577148
3 8 -0.250016748905182 -0.37207704782486 3.04391932487488
3 9 0.137731850147247 0.140733882784843 3.24528193473816
3 10 0.169145256280899 -0.132662951946259 3.17231750488281
3 11 0.152706652879715 -0.347734749317169 3.04747819900513
3 12 0.158242538571358 -0.441520661115646 3.01794147491455
3 13 -0.126391187310219 -0.224386319518089 3.10698628425598
3 14 -0.125855699181557 -0.691950380802155 3.11494112014771
3 15 -0.119376048445702 -1.02431523799896 3.04806637763977
3 16 -0.154221564531326 -1.06856834888458 2.99008655548096
3 17 0.0417967289686203 -0.221062585711479 3.12179183959961
3 18 0.0260222014039755 -0.683100044727325 3.08987259864807
3 19 0.0120284305885434 -1.01309943199158 3.04418540000916
3 20 0.0502585954964161 -1.05904459953308 2.97297382354736
4 1 -0.0441575385630131 -0.140858396887779 3.13717484474182
4 2 -0.0489934273064137 -0.0880944058299065 3.1986768245697
4 3 -0.052628330886364 0.25642204284668 3.23560523986816
4 4 -0.0687136426568031 0.456184238195419 3.24803185462952
4 5 -0.236112162470818 0.132024109363556 3.21619844436646
4 6 -0.268403947353363 -0.121809333562851 3.16148328781128
4 7 -0.256089478731155 -0.336337715387344 3.05077147483826
4 8 -0.25161811709404 -0.370756447315216 3.04371619224548
4 9 0.139400869607925 0.141172677278519 3.24518609046936
4 10 0.16685639321804 -0.155461862683296 3.15970516204834
4 11 0.14998260140419 -0.364531069993973 3.03837132453918
4 12 0.146828427910805 -0.433858960866928 3.01542568206787
4 13 -0.126786917448044 -0.224122300744057 3.10668444633484
4 14 -0.126091331243515 -0.68983656167984 3.11519718170166
4 15 -0.119389735162258 -1.02511465549469 3.04819893836975
4 16 -0.155146092176437 -1.07036089897156 2.98858046531677
4 17 0.0420529507100582 -0.220923468470573 3.12246537208557
4 18 0.0267500188201666 -0.683116018772125 3.09082579612732
4 19 0.0102691305801272 -1.01373219490051 3.04680514335632
4 20 0.0524843037128448 -1.05961883068085 2.97835206985474
5 1 -0.0442112311720848 -0.140892520546913 3.13721060752869
5 2 -0.0484357848763466 -0.0880185812711716 3.19870114326477
5 3 -0.0523889511823654 0.256969720125198 3.23530840873718
5 4 -0.0691730529069901 0.456587255001068 3.24714493751526
5 5 -0.236572191119194 0.131749048829079 3.21641325950623
5 6 -0.26697251200676 -0.124893084168434 3.15829133987427
5 7 -0.256082385778427 -0.340120762586594 3.04811406135559
5 8 -0.252003759145737 -0.36949235200882 3.04276275634766
5 9 0.136080682277679 0.142706125974655 3.2413341999054
5 10 0.166853189468384 -0.156617969274521 3.16029047966003
5 11 0.149275884032249 -0.36506986618042 3.03713130950928
5 12 0.147944703698158 -0.457268089056015 3.0044252872467
5 13 -0.126784637570381 -0.224128767848015 3.10664796829224
5 14 -0.126297727227211 -0.690347731113434 3.11451625823975
5 15 -0.11825966835022 -1.02471494674683 3.04734826087952
5 16 -0.155103385448456 -1.06967341899872 2.99187898635864
5 17 0.0418702736496925 -0.220746606588364 3.12255549430847
5 18 0.0269763991236687 -0.682527959346771 3.090172290802
5 19 0.0114142959937453 -1.01106595993042 3.04500603675842
5 20 0.0526550188660622 -1.05756831169128 2.97658586502075
6 1 -0.0444786436855793 -0.141476958990097 3.13691067695618
6 2 -0.0491323433816433 -0.0886079967021942 3.19827485084534
6 3 -0.0551517009735107 0.255148082971573 3.23386526107788
6 4 -0.0698248222470284 0.45419779419899 3.24706101417542
6 5 -0.236278757452965 0.131020948290825 3.21504092216492
6 6 -0.26896533370018 -0.121841371059418 3.16002058982849
6 7 -0.256262302398682 -0.337361961603165 3.05034112930298
6 8 -0.252142429351807 -0.37319278717041 3.04275012016296
6 9 0.134658932685852 0.143770724534988 3.24119853973389
6 10 0.166897967457771 -0.148946940898895 3.1615583896637
6 11 0.151437804102898 -0.358995795249939 3.04082107543945
6 12 0.147314116358757 -0.450987637042999 3.00532364845276
6 13 -0.126756563782692 -0.224303290247917 3.1061840057373
6 14 -0.126179710030556 -0.692537069320679 3.1142246723175
6 15 -0.119305744767189 -1.02490139007568 3.04794335365295
6 16 -0.15143746137619 -1.07241177558899 2.98855185508728
6 17 0.0414096936583519 -0.221046507358551 3.1223304271698
6 18 0.0265073701739311 -0.683847427368164 3.09007668495178
6 19 0.0113976588472724 -1.01024329662323 3.04436755180359
6 20 0.050740011036396 -1.05947589874268 2.9750189781189
7 1 -0.0453355051577091 -0.141213953495026 3.13727498054504
7 2 -0.0500826723873615 -0.0885249823331833 3.19855332374573
7 3 -0.0554321557283401 0.255533337593079 3.23513317108154
7 4 -0.0711538717150688 0.4539794921875 3.24707388877869
7 5 -0.236688956618309 0.130391463637352 3.21454477310181
7 6 -0.267754077911377 -0.128110557794571 3.16076064109802
7 7 -0.256378561258316 -0.34216034412384 3.04710984230042
7 8 -0.252909153699875 -0.369772613048553 3.04252433776855
7 9 0.135944664478302 0.142231240868568 3.24281525611877
7 10 0.165327653288841 -0.15381221473217 3.16033506393433
7 11 0.146283268928528 -0.363308489322662 3.03310322761536
7 12 0.15240353345871 -0.449388086795807 3.01307988166809
7 13 -0.127485409379005 -0.224366322159767 3.10632395744324
7 14 -0.126583263278008 -0.693183243274689 3.11422538757324
7 15 -0.118290364742279 -1.02845680713654 3.05080151557922
7 16 -0.150525867938995 -1.07201719284058 2.98709630966187
7 17 0.040551632642746 -0.220848545432091 3.12281894683838
7 18 0.0238325949758291 -0.68336021900177 3.09051895141602
7 19 0.0108079686760902 -1.00992298126221 3.04406261444092
7 20 0.0512089356780052 -1.05777847766876 2.97557020187378
8 1 -0.0453587472438812 -0.141218245029449 3.13781428337097
8 2 -0.0506065413355827 -0.0886994227766991 3.19911980628967
8 3 -0.0559081323444843 0.254952639341354 3.23625016212463
8 4 -0.0720726475119591 0.451507121324539 3.24940800666809
8 5 -0.236465826630592 0.13025376200676 3.21365976333618
8 6 -0.268719017505646 -0.127548143267632 3.16001987457275
8 7 -0.256287813186646 -0.342682659626007 3.04809546470642
8 8 -0.252089947462082 -0.370948791503906 3.04308867454529
8 9 0.137084811925888 0.140606865286827 3.24481678009033
8 10 0.166557967662811 -0.156050160527229 3.16122317314148
8 11 0.150998517870903 -0.36494779586792 3.0370774269104
8 12 0.151223093271255 -0.458166420459747 3.00447607040405
8 13 -0.127464711666107 -0.224287271499634 3.10641479492188
8 14 -0.127229124307632 -0.690439283847809 3.114577293396
8 15 -0.118691727519035 -1.02405440807343 3.04876971244812
8 16 -0.154395565390587 -1.07146394252777 2.99308013916016
8 17 0.0406881384551525 -0.221390187740326 3.12393140792847
8 18 0.0247653424739838 -0.68513149023056 3.09183263778687
8 19 0.00851733051240444 -1.01046872138977 3.04360580444336
8 20 0.0529847256839275 -1.05662250518799 2.96982359886169
9 1 -0.0462488792836666 -0.14167246222496 3.13811826705933
9 2 -0.0514597147703171 -0.0890074521303177 3.19944071769714
9 3 -0.0578588098287582 0.256485164165497 3.23779439926147
9 4 -0.0717540383338928 0.455260574817657 3.2520318031311
9 5 -0.236525610089302 0.129949912428856 3.21376037597656
9 6 -0.269996851682663 -0.124329335987568 3.16119360923767
9 7 -0.256651371717453 -0.340046495199203 3.05080890655518
9 8 -0.250309109687805 -0.408869445323944 3.026198387146
9 9 0.135938137769699 0.139587104320526 3.24344110488892
9 10 0.1644456833601 -0.157923996448517 3.15973854064941
9 11 0.149470686912537 -0.367129057645798 3.03621339797974
9 12 0.150171309709549 -0.460051715373993 3.00132369995117
9 13 -0.128096267580986 -0.22442227602005 3.10648059844971
9 14 -0.128043681383133 -0.690945565700531 3.11474370956421
9 15 -0.115987807512283 -1.02822780609131 3.05132508277893
9 16 -0.155045166611671 -1.0719006061554 2.98889708518982
9 17 0.0396982468664646 -0.221859186887741 3.12434196472168
9 18 0.0251589249819517 -0.685205519199371 3.09257245063782
9 19 0.00984177365899086 -1.01114010810852 3.04387092590332
9 20 0.052380908280611 -1.0583803653717 2.97728419303894
10 1 -0.0466319285333157 -0.141879379749298 3.1384973526001
10 2 -0.0516228154301643 -0.0888539776206017 3.19983768463135
10 3 -0.0573593825101852 0.258288502693176 3.23678874969482
10 4 -0.0718776881694794 0.455334693193436 3.25147795677185
10 5 -0.237328916788101 0.129764944314957 3.21504998207092
10 6 -0.269737124443054 -0.125394135713577 3.16264033317566
10 7 -0.257903218269348 -0.341037392616272 3.05155897140503
10 8 -0.251563400030136 -0.409613579511642 3.02496266365051
10 9 0.136218145489693 0.138267695903778 3.24319934844971
10 10 0.167879730463028 -0.15688145160675 3.16261291503906
10 11 0.146840259432793 -0.364596396684647 3.03697991371155
10 12 0.151781320571899 -0.456155836582184 2.99737119674683
10 13 -0.128835305571556 -0.224799185991287 3.10695099830627
10 14 -0.12869194149971 -0.692568182945251 3.11489033699036
10 15 -0.119460292160511 -1.02895188331604 3.0516676902771
10 16 -0.154149919748306 -1.07204854488373 2.98642349243164
10 17 0.0392451845109463 -0.222316816449165 3.12489461898804
10 18 0.0239240024238825 -0.688052535057068 3.09296679496765
10 19 0.0107316020876169 -1.0125504732132 3.0432710647583
10 20 0.0513569116592407 -1.05792200565338 2.96851062774658
11 1 -0.047323152422905 -0.142000451683998 3.13939619064331
11 2 -0.0526196248829365 -0.0893130823969841 3.20073533058167
11 3 -0.0590020976960659 0.256061762571335 3.23844623565674
11 4 -0.0718235895037651 0.454075694084167 3.25452065467834
11 5 -0.237838208675385 0.128998547792435 3.21617674827576
11 6 -0.268920928239822 -0.129883781075478 3.1621105670929
11 7 -0.254559904336929 -0.345113039016724 3.0501492023468
11 8 -0.25002983212471 -0.41456937789917 3.02604031562805
11 9 0.136065796017647 0.139608085155487 3.24554395675659
11 10 0.1655483096838 -0.154361128807068 3.16682267189026
11 11 0.147051438689232 -0.361197829246521 3.03887391090393
11 12 0.151188522577286 -0.453636199235916 3.00186109542847
11 13 -0.129172623157501 -0.224968865513802 3.10756874084473
11 14 -0.128626674413681 -0.691483080387115 3.11537098884583
11 15 -0.11956462264061 -1.02680575847626 3.04941296577454
11 16 -0.15248329937458 -1.0711008310318 2.98848176002502
11 17 0.0391051173210144 -0.222239330410957 3.12567973136902
11 18 0.0258080530911684 -0.684307396411896 3.09218454360962
11 19 0.00870206765830517 -1.0122777223587 3.04473304748535
11 20 0.0498615875840187 -1.05787432193756 2.97591876983643
12 1 -0.0467578358948231 -0.141856238245964 3.14076137542725
12 2 -0.0522949174046516 -0.089506097137928 3.20226263999939
12 3 -0.0581193454563618 0.255381911993027 3.24176406860352
12 4 -0.0711905509233475 0.454418808221817 3.25496864318848
12 5 -0.237718150019646 0.129007861018181 3.21700024604797
12 6 -0.268798172473907 -0.129197895526886 3.16300630569458
12 7 -0.256487965583801 -0.344609200954437 3.05095171928406
12 8 -0.250178426504135 -0.413343638181686 3.02499222755432
12 9 0.137506246566772 0.137787088751793 3.24792003631592
12 10 0.166344046592712 -0.154090911149979 3.16578197479248
12 11 0.144818425178528 -0.362082600593567 3.04029703140259
12 12 0.150202885270119 -0.434630364179611 3.01362204551697
12 13 -0.128604456782341 -0.224846020340919 3.10844564437866
12 14 -0.128342136740685 -0.692286550998688 3.11569929122925
12 15 -0.119570851325989 -1.02694272994995 3.0489330291748
12 16 -0.155221104621887 -1.07272052764893 2.98631143569946
12 17 0.0398678779602051 -0.22206062078476 3.1271071434021
12 18 0.0252714678645134 -0.684567987918854 3.09264135360718
12 19 0.0113584501668811 -1.01302337646484 3.04512786865234
12 20 0.0501350611448288 -1.05830335617065 2.97542381286621
13 1 -0.0457712262868881 -0.141339480876923 3.14232802391052
13 2 -0.0515540353953838 -0.0893012285232544 3.20405650138855
13 3 -0.0564723610877991 0.255783915519714 3.24534058570862
13 4 -0.0708449184894562 0.453753650188446 3.25398516654968
13 5 -0.237351894378662 0.12959349155426 3.21894073486328
13 6 -0.268308609724045 -0.131517872214317 3.16436123847961
13 7 -0.256089478731155 -0.346264779567719 3.05065965652466
13 8 -0.250810325145721 -0.376320391893387 3.04431295394897
13 9 0.139020591974258 0.140365049242973 3.25313210487366
13 10 0.166509538888931 -0.15614852309227 3.168372631073
13 11 0.147633478045464 -0.362244486808777 3.03880500793457
13 12 0.150491386651993 -0.456304728984833 3.00591683387756
13 13 -0.127746716141701 -0.224547296762466 3.10989212989807
13 14 -0.128057315945625 -0.693092167377472 3.11602544784546
13 15 -0.11607500910759 -1.02646481990814 3.05034470558167
13 16 -0.15483857691288 -1.07253754138947 2.98752164840698
13 17 0.0408167839050293 -0.221386760473251 3.12782192230225
13 18 0.0255035571753979 -0.683312892913818 3.09317946434021
13 19 0.0113511914387345 -1.01087248325348 3.04442071914673
13 20 0.0504182390868664 -1.0565083026886 2.97459554672241
14 1 -0.0457527078688145 -0.141329035162926 3.14246296882629
14 2 -0.0506952628493309 -0.0892452895641327 3.20433592796326
14 3 -0.0546515211462975 0.254979312419891 3.24460363388062
14 4 -0.0710945203900337 0.455055207014084 3.25242376327515
14 5 -0.237306579947472 0.130288794636726 3.22219085693359
14 6 -0.266962647438049 -0.130741208791733 3.16496634483337
14 7 -0.253533005714417 -0.345214903354645 3.0507595539093
14 8 -0.24801854789257 -0.41413488984108 3.02733564376831
14 9 0.136684104800224 0.141204074025154 3.25122761726379
14 10 0.167782813310623 -0.150648683309555 3.16877961158752
14 11 0.150282755494118 -0.35895299911499 3.04292941093445
14 12 0.14674799144268 -0.419849336147308 3.02341055870056
14 13 -0.127883091568947 -0.224372997879982 3.11110949516296
14 14 -0.12773984670639 -0.693668305873871 3.11635971069336
14 15 -0.117596827447414 -1.0246045589447 3.04933047294617
14 16 -0.155267909169197 -1.0713632106781 2.98610329627991
14 17 0.0400380119681358 -0.220293238759041 3.12621068954468
14 18 0.0260179992765188 -0.68324089050293 3.09016585350037
14 19 0.0108582470566034 -1.01034367084503 3.04207491874695
14 20 0.048477865755558 -1.05521214008331 2.97035789489746
15 1 -0.0451231002807617 -0.141172781586647 3.14213156700134
15 2 -0.0495368093252182 -0.0890089720487595 3.20410537719727
15 3 -0.0531653724610806 0.255435973405838 3.24407839775085
15 4 -0.0686880499124527 0.455263435840607 3.25307369232178
15 5 -0.236290916800499 0.131238520145416 3.2245888710022
15 6 -0.267304927110672 -0.125542253255844 3.16750407218933
15 7 -0.254017442464828 -0.340220540761948 3.05354022979736
15 8 -0.246158868074417 -0.408152401447296 3.02933526039124
15 9 0.135881870985031 0.142144054174423 3.25013208389282
15 10 0.166562244296074 -0.153688207268715 3.16669487953186
15 11 0.150113210082054 -0.362495720386505 3.04146480560303
15 12 0.154083013534546 -0.420795232057571 3.01827526092529
15 13 -0.1269411444664 -0.2239990234375 3.1120297908783
15 14 -0.127431586384773 -0.693464696407318 3.11693334579468
15 15 -0.116878256201744 -1.0248886346817 3.04896712303162
15 16 -0.154809817671776 -1.07073366641998 2.98636293411255
15 17 0.0401535518467426 -0.219514042139053 3.12451696395874
15 18 0.0263199619948864 -0.683625102043152 3.08947110176086
15 19 0.0124925347045064 -1.00940680503845 3.04107189178467
15 20 0.0498767197132111 -1.0538489818573 2.96412372589111
16 1 -0.0439420454204082 -0.142383053898811 3.14199137687683
16 2 -0.0476100742816925 -0.0901437178254128 3.20415782928467
16 3 -0.051990918815136 0.254854619503021 3.24522066116333
16 4 -0.0655930414795876 0.452527195215225 3.25073790550232
16 5 -0.235518559813499 0.131672665476799 3.22554183006287
16 6 -0.265222102403641 -0.127698481082916 3.16734671592712
16 7 -0.254223495721817 -0.34255039691925 3.05340528488159
16 8 -0.24524162709713 -0.380036860704422 3.04759955406189
16 9 0.130602493882179 0.140685722231865 3.24460554122925
16 10 0.170354127883911 -0.146141320466995 3.16938257217407
16 11 0.154613733291626 -0.356591641902924 3.04710531234741
16 12 0.145559340715408 -0.421830743551254 3.01786589622498
16 13 -0.125168412923813 -0.224123045802116 3.11264872550964
16 14 -0.126354187726974 -0.691182851791382 3.11789345741272
16 15 -0.116040743887424 -1.02441883087158 3.05062246322632
16 16 -0.155636414885521 -1.06744730472565 2.99219608306885
16 17 0.0407712496817112 -0.219756603240967 3.12423062324524
16 18 0.0276225470006466 -0.682678520679474 3.08791160583496
16 19 0.0114867789670825 -1.00853419303894 3.03922271728516
16 20 0.0511354394257069 -1.0544855594635 2.9640839099884
17 1 -0.0434310249984264 -0.141780093312263 3.14269185066223
17 2 -0.0471960566937923 -0.0893118157982826 3.20468497276306
17 3 -0.0500598140060902 0.256243467330933 3.24438953399658
17 4 -0.0648112744092941 0.455153584480286 3.25150084495544
17 5 -0.234585791826248 0.132782980799675 3.22784376144409
17 6 -0.265208154916763 -0.124999783933163 3.16811585426331
17 7 -0.254393875598907 -0.340924680233002 3.05647873878479
17 8 -0.248855799436569 -0.371823906898499 3.04976963996887
17 9 0.136898130178452 0.1413933634758 3.24959254264832
17 10 0.173624277114868 -0.138628929853439 3.17393231391907
17 11 0.155659466981888 -0.348877251148224 3.05160713195801
17 12 0.156164243817329 -0.420176118612289 3.02024030685425
17 13 -0.125053390860558 -0.22395646572113 3.11476683616638
17 14 -0.126334920525551 -0.69245833158493 3.11828207969666
17 15 -0.117313422262669 -1.02481174468994 3.05027627944946
17 16 -0.153773441910744 -1.06986618041992 2.98953127861023
17 17 0.0411900840699673 -0.21968874335289 3.12450766563416
17 18 0.0278631877154112 -0.684971511363983 3.08849048614502
17 19 0.0124950520694256 -1.00926780700684 3.03879284858704
17 20 0.0489836111664772 -1.05464911460876 2.96712946891785
18 1 -0.0429365187883377 -0.142191052436829 3.14312481880188
18 2 -0.0466068312525749 -0.0897288098931313 3.20525598526001
18 3 -0.048876728862524 0.255956500768662 3.24583768844604
18 4 -0.064105898141861 0.454275637865067 3.25157928466797
18 5 -0.234418198466301 0.132662206888199 3.22784113883972
18 6 -0.265704333782196 -0.123061276972294 3.17015051841736
18 7 -0.254079252481461 -0.338453084230423 3.05793809890747
18 8 -0.246140003204346 -0.372278481721878 3.04807496070862
18 9 0.136755615472794 0.140569418668747 3.24867796897888
18 10 0.168639436364174 -0.15921089053154 3.1682493686676
18 11 0.156100854277611 -0.36739981174469 3.04173898696899
18 12 0.156586900353432 -0.412671208381653 3.02378225326538
18 13 -0.124848745763302 -0.22451177239418 3.11525011062622
18 14 -0.126291930675507 -0.692561388015747 3.1185884475708
18 15 -0.118598788976669 -1.02443218231201 3.04864501953125
18 16 -0.153257608413696 -1.07041096687317 2.98771739006042
18 17 0.0418390408158302 -0.220035418868065 3.12464427947998
18 18 0.0270155183970928 -0.685012102127075 3.08854413032532
18 19 0.0131478989496827 -1.00825476646423 3.0396614074707
18 20 0.0518614649772644 -1.05534732341766 2.96631336212158
19 1 -0.0429411791265011 -0.14235582947731 3.1432147026062
19 2 -0.0461485311388969 -0.0899002924561501 3.20528793334961
19 3 -0.0505003780126572 0.255438536405563 3.24520921707153
19 4 -0.0635644122958183 0.454514563083649 3.25173950195313
19 5 -0.23414421081543 0.133434534072876 3.22928094863892
19 6 -0.265305608510971 -0.12146683037281 3.16972851753235
19 7 -0.253541350364685 -0.33712774515152 3.05849099159241
19 8 -0.247000455856323 -0.370619058609009 3.04791641235352
19 9 0.135190308094025 0.140804320573807 3.24596190452576
19 10 0.17271488904953 -0.14541682600975 3.17513918876648
19 11 0.15743213891983 -0.353653967380524 3.04937720298767
19 12 0.153184622526169 -0.422028452157974 3.01989126205444
19 13 -0.124710559844971 -0.224655672907829 3.11558985710144
19 14 -0.126097396016121 -0.692898988723755 3.11870622634888
19 15 -0.117012716829777 -1.02661061286926 3.05237460136414
19 16 -0.15463037788868 -1.07137656211853 2.98474192619324
19 17 0.0418024249374866 -0.220097482204437 3.12468409538269
19 18 0.0276148039847612 -0.685044705867767 3.08797073364258
19 19 -0.00145460618659854 -1.01131916046143 3.03636121749878
19 20 0.0526333004236221 -1.05462408065796 2.96440172195435
20 1 -0.042383536696434 -0.142144113779068 3.14341521263123
20 2 -0.0458858422935009 -0.0898115187883377 3.2054295539856
20 3 -0.0495357885956764 0.255144983530045 3.24556660652161
20 4 -0.0638675168156624 0.454689025878906 3.25062394142151
20 5 -0.23393926024437 0.133591309189796 3.2295458316803
20 6 -0.263161182403564 -0.123988762497902 3.16853904724121
20 7 -0.252058386802673 -0.34094101190567 3.06011390686035
20 8 -0.24301466345787 -0.375838965177536 3.04808354377747
20 9 0.137304306030273 0.140753209590912 3.2483913898468
20 10 0.172246158123016 -0.152890935540199 3.17078590393066
20 11 0.158655881881714 -0.362367212772369 3.04712414741516
20 12 0.155309125781059 -0.421821475028992 3.01956558227539
20 13 -0.124428272247314 -0.224583745002747 3.11563038825989
20 14 -0.126214623451233 -0.692938566207886 3.11861085891724
20 15 -0.118530623614788 -1.02456378936768 3.04890131950378
20 16 -0.151204615831375 -1.07016587257385 2.98461771011353
20 17 0.0426726825535297 -0.220156937837601 3.12483072280884
20 18 0.0272963792085648 -0.685102581977844 3.08786559104919
20 19 0.00768516026437283 -1.01046562194824 3.03874635696411
20 20 0.0522435270249844 -1.05482888221741 2.96581888198853
