1 1 -0.0124743850901723 -0.0502053685486317 3.07023501396179
1 2 -0.0189389772713184 0.00657288357615471 3.13894486427307
1 3 -0.029423002153635 0.387338668107986 3.19073009490967
1 4 -0.0443362854421139 0.628496885299683 3.18909883499146
1 5 -0.211635023355484 0.247385144233704 3.13338565826416
1 6 -0.278408646583557 -0.00159627315588295 3.06310272216797
1 7 -0.254362463951111 -0.249077796936035 2.9585862159729
1 8 -0.246030509471893 -0.335518807172775 2.93695855140686
1 9 0.15076869726181 0.254178792238235 3.16072201728821
1 10 0.238012164831161 -0.0347089767456055 3.12141346931458
1 11 0.240625187754631 -0.252195864915848 2.99578785896301
1 12 0.236701563000679 -0.352115869522095 2.95378422737122
1 13 -0.0913020595908165 -0.130748808383942 3.04114675521851
1 14 -0.0877770185470581 -0.66610050201416 3.03968167304993
1 15 -0.0635797530412674 -1.01686716079712 2.98638033866882
1 16 -0.0910944417119026 -1.06246435642242 2.93346619606018
1 17 0.0721660181879997 -0.125786319375038 3.05015659332275
1 18 0.0683586671948433 -0.657468199729919 3.01102805137634
1 19 0.0415856875479221 -0.999506831169128 2.97473859786987
1 20 0.0541203543543816 -1.05627357959747 2.91066265106201
2 1 -0.0120949884876609 -0.0499116405844688 3.07053542137146
2 2 -0.0185679625719786 0.00674424879252911 3.13939189910889
2 3 -0.02807741984725 0.389366567134857 3.19399738311768
2 4 -0.0441554188728333 0.630689740180969 3.1945972442627
2 5 -0.210667058825493 0.247462466359138 3.13315916061401
2 6 -0.275234341621399 -0.00947687216103077 3.06028580665588
2 7 -0.25559675693512 -0.250163942575455 2.95800232887268
2 8 -0.245438545942307 -0.335951834917068 2.9364607334137
2 9 0.152497842907906 0.255500137805939 3.161465883255
2 10 0.237701997160912 -0.0344962626695633 3.11948275566101
2 11 0.24147929251194 -0.248981684446335 2.99622559547424
2 12 0.236822128295898 -0.351050615310669 2.95300126075745
2 13 -0.0908526480197906 -0.130610138177872 3.04089546203613
2 14 -0.0872786939144135 -0.665523767471313 3.03957104682922
2 15 -0.0671774446964264 -1.01413559913635 2.98556971549988
2 16 -0.0921963676810265 -1.06111371517181 2.93641114234924
2 17 0.0726367607712746 -0.12520307302475 3.05104112625122
2 18 0.0680072903633118 -0.66355687379837 3.01206541061401
2 19 0.0389475077390671 -1.00157523155212 2.97822713851929
2 20 0.0684667974710464 -1.05701303482056 2.90506219863892
3 1 -0.011971072293818 -0.0496615692973137 3.07093405723572
3 2 -0.0184716861695051 0.00691697373986244 3.13992595672607
3 3 -0.0279416926205158 0.39017128944397 3.19615602493286
3 4 -0.0453825145959854 0.630614995956421 3.19366192817688
3 5 -0.211033642292023 0.247810870409012 3.13296604156494
3 6 -0.275032252073288 -0.0092166792601347 3.06219077110291
3 7 -0.255884259939194 -0.249237567186356 2.95732474327087
3 8 -0.245091184973717 -0.335817456245422 2.93589997291565
3 9 0.152283906936646 0.257694065570831 3.16244387626648
3 10 0.237165153026581 -0.0317771397531033 3.11738085746765
3 11 0.241891130805016 -0.249731808900833 2.99334168434143
3 12 0.237054824829102 -0.350553750991821 2.95039939880371
3 13 -0.090660035610199 -0.130420655012131 3.04095315933228
3 14 -0.0870306789875031 -0.665725946426392 3.04024291038513
3 15 -0.0601170212030411 -1.01460254192352 2.98604798316956
3 16 -0.0811790972948074 -1.06305110454559 2.93639945983887
3 17 0.0727217271924019 -0.125004693865776 3.05162763595581
3 18 0.0697031021118164 -0.666285693645477 3.01258635520935
3 19 0.0456739328801632 -1.00451326370239 2.97624707221985
3 20 0.0705609172582626 -1.05974102020264 2.89910364151001
4 1 -0.0115930726751685 -0.0495798476040363 3.07123517990112
4 2 -0.0182044878602028 0.00721843913197517 3.14030981063843
4 3 -0.0273914746940136 0.390636801719666 3.19605469703674
4 4 -0.0463925004005432 0.629916965961456 3.18879652023315
4 5 -0.210438564419746 0.247725576162338 3.13228011131287
4 6 -0.276079475879669 -0.00783071387559175 3.06120443344116
4 7 -0.25395941734314 -0.248401835560799 2.95610618591309
4 8 -0.244592741131783 -0.335356205701828 2.93560981750488
4 9 0.152822464704514 0.258167445659637 3.16283416748047
4 10 0.238272920250893 -0.033819705247879 3.1194281578064
4 11 0.243276968598366 -0.249619275331497 2.99813961982727
4 12 0.23825266957283 -0.351460933685303 2.95712304115295
4 13 -0.0903692841529846 -0.130300939083099 3.04112005233765
4 14 -0.0880419015884399 -0.665812313556671 3.04101896286011
4 15 -0.0630347952246666 -1.01367926597595 2.98894238471985
4 16 -0.0978451669216156 -1.06545829772949 2.95207905769348
4 17 0.0730940625071526 -0.124825365841389 3.05216026306152
4 18 0.0735486522316933 -0.661075949668884 3.0134584903717
4 19 0.0459232404828072 -1.00648784637451 2.9836323261261
4 20 0.0649127960205078 -1.0596832036972 2.90795803070068
5 1 -0.0110846366733313 -0.0493997372686863 3.07148146629334
5 2 -0.0185602214187384 0.00745351985096931 3.14046478271484
5 3 -0.0269859693944454 0.390480220317841 3.19544625282288
5 4 -0.0433381870388985 0.631006360054016 3.19376754760742
5 5 -0.209527269005775 0.247902676463127 3.13063359260559
5 6 -0.275935620069504 -0.00310884416103363 3.05865335464478
5 7 -0.253742635250092 -0.246856391429901 2.95528435707092
5 8 -0.244826540350914 -0.334401905536652 2.93482303619385
5 9 0.155185237526894 0.25693491101265 3.16665077209473
5 10 0.238854348659515 -0.0360053442418575 3.1214497089386
5 11 0.244038626551628 -0.252283364534378 3.0007336139679
5 12 0.238512888550758 -0.351299643516541 2.9563148021698
5 13 -0.0898297354578972 -0.130223453044891 3.04071307182312
5 14 -0.0869373679161072 -0.668510973453522 3.04053473472595
5 15 -0.0634654983878136 -1.01440155506134 2.99184536933899
5 16 -0.0975149050354958 -1.06966531276703 2.95987915992737
5 17 0.0740582123398781 -0.12492597848177 3.05368661880493
5 18 0.0753129571676254 -0.662431657314301 3.01592206954956
5 19 0.0451045297086239 -1.00207722187042 2.9938223361969
5 20 0.0617561303079128 -1.0590558052063 2.91598200798035
6 1 -0.0102564422413707 -0.0489577129483223 3.07183027267456
6 2 -0.0180980749428272 0.00772621296346188 3.14071822166443
6 3 -0.0265096891671419 0.389372974634171 3.1949610710144
6 4 -0.0416206009685993 0.630265474319458 3.19482445716858
6 5 -0.208670318126678 0.247098013758659 3.12958240509033
6 6 -0.276129722595215 -0.00538389850407839 3.05779314041138
6 7 -0.252006620168686 -0.247285455465317 2.95444416999817
6 8 -0.24462203681469 -0.334534198045731 2.93536305427551
6 9 0.15709862112999 0.255519777536392 3.16772365570068
6 10 0.238761618733406 -0.0361117012798786 3.12319111824036
6 11 0.243640691041946 -0.252500981092453 3.00265765190125
6 12 0.237864434719086 -0.353551864624023 2.9605975151062
6 13 -0.0893650203943253 -0.130137324333191 3.04061555862427
6 14 -0.0866079851984978 -0.664742231369019 3.04026889801025
6 15 -0.0578100606799126 -1.01144742965698 2.99392938613892
6 16 -0.0918762683868408 -1.06055235862732 2.95354580879211
6 17 0.0752844884991646 -0.124618299305439 3.05425596237183
6 18 0.0766506344079971 -0.658612430095673 3.01506567001343
6 19 0.0461783483624458 -1.00127124786377 2.99302458763123
6 20 0.0629281103610992 -1.05698621273041 2.91825866699219
7 1 -0.00911442656069994 -0.0476271286606789 3.07250142097473
7 2 -0.0173074156045914 0.00876516662538052 3.14126920700073
7 3 -0.0247303768992424 0.389768451452255 3.1955714225769
7 4 -0.0348770059645176 0.632285058498383 3.20273685455322
7 5 -0.208333164453506 0.248108088970184 3.12963104248047
7 6 -0.279046297073364 0.00113526615314186 3.05990982055664
7 7 -0.25064292550087 -0.247440785169601 2.95579957962036
7 8 -0.243646860122681 -0.336145341396332 2.93679594993591
7 9 0.158678263425827 0.256251364946365 3.17073035240173
7 10 0.239888429641724 -0.0372863188385963 3.12638282775879
7 11 0.243340075016022 -0.255663335323334 3.00192141532898
7 12 0.237967431545258 -0.354279905557632 2.96221590042114
7 13 -0.0884580016136169 -0.12924599647522 3.04058742523193
7 14 -0.0866018310189247 -0.664349913597107 3.04109287261963
7 15 -0.0611061900854111 -1.00603699684143 2.99699878692627
7 16 -0.0827207118272781 -1.0588686466217 2.95319867134094
7 17 0.0764158740639687 -0.12357060611248 3.0550479888916
7 18 0.0763460099697113 -0.656160593032837 3.01448893547058
7 19 0.0451091453433037 -0.999633491039276 2.99389982223511
7 20 0.0707907527685165 -1.05362749099731 2.9266300201416
8 1 -0.00852993596345186 -0.0479951947927475 3.07258009910584
8 2 -0.0172118321061134 0.00866529904305935 3.14128351211548
8 3 -0.0258213132619858 0.389059126377106 3.1947455406189
8 4 -0.0331377312541008 0.632279694080353 3.20487356185913
8 5 -0.208297520875931 0.247942551970482 3.12960314750671
8 6 -0.277687966823578 -0.000687838415615261 3.05937647819519
8 7 -0.250144422054291 -0.247604161500931 2.95629978179932
8 8 -0.243736371397972 -0.336393117904663 2.93721032142639
8 9 0.159486934542656 0.255407899618149 3.17332458496094
8 10 0.239543929696083 -0.0378752388060093 3.12684392929077
8 11 0.24417832493782 -0.253047257661819 3.00420308113098
8 12 0.238344296813011 -0.354379445314407 2.96380281448364
8 13 -0.0876428782939911 -0.129692301154137 3.04032707214355
8 14 -0.0876207575201988 -0.664797127246857 3.04139447212219
8 15 -0.0587384812533855 -1.01098549365997 2.99621486663818
8 16 -0.0826159119606018 -1.06275343894958 2.94509243965149
8 17 0.0771926641464233 -0.123956501483917 3.0557062625885
8 18 0.0752868577837944 -0.661535978317261 3.01567935943604
8 19 0.0470961257815361 -1.00308859348297 2.98925709724426
8 20 0.0635022222995758 -1.05797946453094 2.92049670219421
9 1 -0.00840961374342442 -0.0474818050861359 3.07266855239868
9 2 -0.0169425755739212 0.0089248213917017 3.1413254737854
9 3 -0.0256734117865562 0.388767421245575 3.19494009017944
9 4 -0.0354033000767231 0.631578803062439 3.20179653167725
9 5 -0.208467751741409 0.247967481613159 3.13008975982666
9 6 -0.276733040809631 -0.000502444105222821 3.05950808525085
9 7 -0.250731945037842 -0.245991483330727 2.95610809326172
9 8 -0.243402943015099 -0.335880935192108 2.93823432922363
9 9 0.159656211733818 0.254756271839142 3.17257261276245
9 10 0.240043461322784 -0.0359769500792027 3.12720251083374
9 11 0.243984758853912 -0.251810878515244 3.00407767295837
9 12 0.237026035785675 -0.356472551822662 2.96001839637756
9 13 -0.0877768844366074 -0.129491835832596 3.04028630256653
9 14 -0.0871165841817856 -0.666223883628845 3.04178071022034
9 15 -0.0677291601896286 -1.0166482925415 2.99262881278992
9 16 -0.0936143025755882 -1.0651867389679 2.9459183216095
9 17 0.0773936286568642 -0.123602472245693 3.05566048622131
9 18 0.0729518979787827 -0.655845940113068 3.01617336273193
9 19 0.0441167093813419 -0.998889207839966 2.99194383621216
9 20 0.0674051567912102 -1.05476319789886 2.92531824111938
10 1 -0.00805484037846327 -0.0477321855723858 3.07265615463257
10 2 -0.0164385940879583 0.00866550579667091 3.14144659042358
10 3 -0.0256987381726503 0.389422804117203 3.19634413719177
10 4 -0.0296382531523705 0.632538974285126 3.20355987548828
10 5 -0.207892328500748 0.247908890247345 3.12962913513184
10 6 -0.277272760868073 -0.00185864162631333 3.0600254535675
10 7 -0.251388013362885 -0.24654920399189 2.95626711845398
10 8 -0.243753179907799 -0.335434317588806 2.93878102302551
10 9 0.159891098737717 0.25380477309227 3.1703085899353
10 10 0.238919302821159 -0.0371547304093838 3.12697124481201
10 11 0.243663385510445 -0.256273299455643 3.00276064872742
10 12 0.236431121826172 -0.357474327087402 2.95657300949097
10 13 -0.0874618738889694 -0.129438444972038 3.039874792099
10 14 -0.087258443236351 -0.665349841117859 3.04184579849243
10 15 -0.0591042898595333 -1.01022386550903 2.99322891235352
10 16 -0.0936513990163803 -1.06093668937683 2.95557641983032
10 17 0.0779628679156303 -0.124212257564068 3.05591797828674
10 18 0.074517697095871 -0.659900605678558 3.01586437225342
10 19 0.0463012792170048 -1.00275862216949 2.99311137199402
10 20 0.0661670714616776 -1.05740594863892 2.92271184921265
11 1 -0.0076889949850738 -0.0478136353194714 3.07260131835938
11 2 -0.0159265622496605 0.00867543742060661 3.1412935256958
11 3 -0.0244816206395626 0.388325333595276 3.19440507888794
11 4 -0.0312385335564613 0.631594300270081 3.20249366760254
11 5 -0.207419395446777 0.248531147837639 3.12984657287598
11 6 -0.277661323547363 0.000828833086416125 3.0597870349884
11 7 -0.251455634832382 -0.245805740356445 2.95655965805054
11 8 -0.243756085634232 -0.335317641496658 2.93867969512939
11 9 0.158942461013794 0.255629658699036 3.169921875
11 10 0.239733815193176 -0.0369530506432056 3.125328540802
11 11 0.243413835763931 -0.25575253367424 3.00259113311768
11 12 0.235765397548676 -0.357509404420853 2.96069288253784
11 13 -0.0868839770555496 -0.129624843597412 3.04017496109009
11 14 -0.0874070599675179 -0.664756119251251 3.04177308082581
11 15 -0.0587347969412804 -1.01146268844604 2.99213123321533
11 16 -0.0866385474801064 -1.06110155582428 2.94134283065796
11 17 0.0782657116651535 -0.124098718166351 3.05580568313599
11 18 0.0730859041213989 -0.662827432155609 3.01650524139404
11 19 0.0468907728791237 -1.00453627109528 2.98965930938721
11 20 0.071874774992466 -1.06094467639923 2.91444873809814
12 1 -0.00749299116432667 -0.0475927293300629 3.07264852523804
12 2 -0.015738271176815 0.00893263705074787 3.14132618904114
12 3 -0.0240786671638489 0.389455437660217 3.19470739364624
12 4 -0.0283862110227346 0.632750511169434 3.20182228088379
12 5 -0.207126602530479 0.248756349086761 3.12930488586426
12 6 -0.277204394340515 0.0042087216861546 3.05997157096863
12 7 -0.251290768384933 -0.245412021875381 2.95597767829895
12 8 -0.243737041950226 -0.334045261144638 2.93772029876709
12 9 0.159410580992699 0.255875736474991 3.1697473526001
12 10 0.239575296640396 -0.0368026867508888 3.12439107894897
12 11 0.242475762963295 -0.254819393157959 3.00166535377502
12 12 0.23544092476368 -0.354850232601166 2.95870661735535
12 13 -0.086690679192543 -0.129566386342049 3.04030442237854
12 14 -0.0871716663241386 -0.663972437381744 3.04110956192017
12 15 -0.0630974993109703 -1.01444756984711 2.99014377593994
12 16 -0.096073791384697 -1.06369960308075 2.93870139122009
12 17 0.0783587694168091 -0.123778335750103 3.05573797225952
12 18 0.0772601515054703 -0.658267915248871 3.01576614379883
12 19 0.0400462970137596 -1.00790643692017 2.98849558830261
12 20 0.062026284635067 -1.05983996391296 2.9228732585907
13 1 -0.00730738835409284 -0.0474429801106453 3.07219862937927
13 2 -0.0157317444682121 0.00921149738132954 3.14081001281738
13 3 -0.025219002738595 0.38911908864975 3.19268393516541
13 4 -0.0250319931656122 0.632923662662506 3.20190715789795
13 5 -0.206498026847839 0.249957218766212 3.1294059753418
13 6 -0.277325540781021 0.00643033534288406 3.05918431282043
13 7 -0.251058280467987 -0.246260404586792 2.95553016662598
13 8 -0.243971809744835 -0.333729684352875 2.9378867149353
13 9 0.161033868789673 0.255191475152969 3.16978144645691
13 10 0.239418849349022 -0.0367942452430725 3.12487363815308
13 11 0.242992267012596 -0.254585653543472 3.00227808952332
13 12 0.237581968307495 -0.35495388507843 2.95825529098511
13 13 -0.086461529135704 -0.129351615905762 3.03962016105652
13 14 -0.0866978615522385 -0.664735972881317 3.04126334190369
13 15 -0.0583281740546227 -1.01255810260773 2.99101090431213
13 16 -0.0945758372545242 -1.06028783321381 2.93925404548645
13 17 0.078754149377346 -0.123986966907978 3.05564332008362
13 18 0.0775871053338051 -0.660160899162292 3.01538801193237
13 19 0.0452668219804764 -1.00293374061584 2.9929883480072
13 20 0.0701412260532379 -1.05724561214447 2.91564750671387
14 1 -0.00725961942225695 -0.0469927228987217 3.07190275192261
14 2 -0.0160414762794971 0.00952522084116936 3.14034414291382
14 3 -0.0259775649756193 0.388493776321411 3.19128608703613
14 4 -0.0287974663078785 0.632109701633453 3.19817972183228
14 5 -0.206784978508949 0.249786347150803 3.12832093238831
14 6 -0.276997089385986 0.00649078655987978 3.0588710308075
14 7 -0.251733154058456 -0.244943797588348 2.95475792884827
14 8 -0.243595987558365 -0.333911806344986 2.93651342391968
14 9 0.161342471837997 0.255644381046295 3.17063236236572
14 10 0.241618975996971 -0.0354376025497913 3.12659931182861
14 11 0.243496119976044 -0.253450334072113 3.00229096412659
14 12 0.23765367269516 -0.355643182992935 2.95374584197998
14 13 -0.0866007655858994 -0.128967329859734 3.03930044174194
14 14 -0.0876442417502403 -0.663774847984314 3.04088854789734
14 15 -0.0575615465641022 -1.00986731052399 2.98956179618835
14 16 -0.0952082127332687 -1.0584032535553 2.94069218635559
14 17 0.079136423766613 -0.123567074537277 3.05530786514282
14 18 0.0767675489187241 -0.655724227428436 3.01479148864746
14 19 0.0407337620854378 -1.0032422542572 2.98866033554077
14 20 0.0633987560868263 -1.05269277095795 2.92446303367615
15 1 -0.00749267404899001 -0.0466437712311745 3.07180190086365
15 2 -0.0163140427321196 0.00990330241620541 3.14020085334778
15 3 -0.0261325910687447 0.388877183198929 3.19113659858704
15 4 -0.0285774953663349 0.632691740989685 3.19816136360168
15 5 -0.206886202096939 0.249773114919662 3.12778520584106
15 6 -0.276977002620697 0.0026238807477057 3.05659675598145
15 7 -0.251541405916214 -0.24635249376297 2.95272183418274
15 8 -0.24406310915947 -0.333128273487091 2.93571305274963
15 9 0.159855380654335 0.256663262844086 3.17084455490112
15 10 0.24227374792099 -0.0336502604186535 3.1291139125824
15 11 0.244648039340973 -0.253398507833481 3.00068163871765
15 12 0.238309726119041 -0.353790760040283 2.95920586585999
15 13 -0.0868322029709816 -0.128274768590927 3.0394868850708
15 14 -0.0869127884507179 -0.663689970970154 3.0408136844635
15 15 -0.0570248924195766 -1.01105213165283 2.98939108848572
15 16 -0.0939521938562393 -1.05915486812592 2.95001077651978
15 17 0.078575998544693 -0.123415768146515 3.05506420135498
15 18 0.0770512297749519 -0.65439647436142 3.01394319534302
15 19 0.0418972931802273 -1.00310933589935 2.98615860939026
15 20 0.0646778792142868 -1.05860638618469 2.91765093803406
16 1 -0.00775095587596297 -0.04605982452631 3.0718948841095
16 2 -0.0164683051407337 0.0103325545787811 3.14016580581665
16 3 -0.0257817916572094 0.389033019542694 3.19082260131836
16 4 -0.0274528712034225 0.633767247200012 3.20415687561035
16 5 -0.207194998860359 0.249867364764214 3.12814235687256
16 6 -0.276752680540085 0.00310396426357329 3.05759835243225
16 7 -0.252465009689331 -0.245536521077156 2.95288276672363
16 8 -0.243508636951447 -0.332622647285461 2.93478035926819
16 9 0.160342216491699 0.256016343832016 3.17093086242676
16 10 0.24041610956192 -0.0327125415205956 3.12670063972473
16 11 0.245441749691963 -0.249374374747276 3.0046272277832
16 12 0.238489598035812 -0.353307634592056 2.95955395698547
16 13 -0.087264284491539 -0.127809911966324 3.03948736190796
16 14 -0.0857700631022453 -0.665012717247009 3.04076933860779
16 15 -0.0573312342166901 -1.01238024234772 2.9879629611969
16 16 -0.0973487347364426 -1.06429207324982 2.93999290466309
16 17 0.0784314200282097 -0.123253330588341 3.05547904968262
16 18 0.0743098258972168 -0.659619212150574 3.01515173912048
16 19 0.0463191419839859 -0.998893141746521 2.98870086669922
16 20 0.0672093853354454 -1.05932188034058 2.91478896141052
17 1 -0.00903918873518705 -0.0467097163200378 3.0720546245575
17 2 -0.0177366062998772 0.00986655615270138 3.14029002189636
17 3 -0.026904009282589 0.389188647270203 3.19117426872253
17 4 -0.0338826514780521 0.633300185203552 3.20037269592285
17 5 -0.207500159740448 0.249488279223442 3.12763333320618
17 6 -0.27664914727211 -0.00556592922657728 3.05799984931946
17 7 -0.25326544046402 -0.247918307781219 2.95334410667419
17 8 -0.244158998131752 -0.332734704017639 2.93552327156067
17 9 0.159046739339828 0.256805896759033 3.17100620269775
17 10 0.239193856716156 -0.03339933604002 3.12688970565796
17 11 0.244003936648369 -0.252013444900513 3.00416445732117
17 12 0.240139156579971 -0.354232162237167 2.95637893676758
17 13 -0.088156096637249 -0.127958253026009 3.04035234451294
17 14 -0.0871996730566025 -0.663967490196228 3.04043674468994
17 15 -0.0610812641680241 -1.01451075077057 2.99127912521362
17 16 -0.0926992893218994 -1.06205701828003 2.94323039054871
17 17 0.0766172409057617 -0.123741336166859 3.0550799369812
17 18 0.072674572467804 -0.657334983348846 3.01464939117432
17 19 0.0461690351366997 -0.999477207660675 2.98877310752869
17 20 0.0638036504387856 -1.05727982521057 2.92011094093323
18 1 -0.00996148772537708 -0.0477857552468777 3.07235503196716
18 2 -0.018155125901103 0.00902046449482441 3.14066219329834
18 3 -0.0265992060303688 0.389102935791016 3.19222259521484
18 4 -0.0364502817392349 0.633571565151215 3.2048933506012
18 5 -0.209108173847198 0.248566001653671 3.12894606590271
18 6 -0.277266204357147 -0.00732140801846981 3.05978226661682
18 7 -0.253290057182312 -0.247586071491241 2.95436072349548
18 8 -0.24452218413353 -0.334110051393509 2.93683862686157
18 9 0.1566481590271 0.256327569484711 3.17032098770142
18 10 0.237731873989105 -0.0362071581184864 3.12701010704041
18 11 0.242261186242104 -0.25512957572937 3.00276184082031
18 12 0.238228499889374 -0.354032307863235 2.95763158798218
18 13 -0.0893701761960983 -0.129240706562996 3.04197382926941
18 14 -0.086690753698349 -0.664749801158905 3.04122352600098
18 15 -0.0608481541275978 -1.01394999027252 2.98897743225098
18 16 -0.0876282155513763 -1.06210696697235 2.94084978103638
18 17 0.0752570182085037 -0.124371588230133 3.05435609817505
18 18 0.072040468454361 -0.661383867263794 3.01551175117493
18 19 0.0466237887740135 -1.00144159793854 2.9875922203064
18 20 0.0690331310033798 -1.0584831237793 2.91320157051086
19 1 -0.01033054292202 -0.047944437712431 3.07287859916687
19 2 -0.0188542976975441 0.0088665746152401 3.14122295379639
19 3 -0.0274272710084915 0.388945728540421 3.19218111038208
19 4 -0.0400538891553879 0.633234679698944 3.20461797714233
19 5 -0.209644436836243 0.247940242290497 3.12955188751221
19 6 -0.275484174489975 -0.0117565132677555 3.05915284156799
19 7 -0.253959089517593 -0.247736841440201 2.9551408290863
19 8 -0.245581313967705 -0.333861827850342 2.93528389930725
19 9 0.156290262937546 0.254661500453949 3.16979598999023
19 10 0.238697707653046 -0.0381816774606705 3.12955832481384
19 11 0.243046775460243 -0.254776924848557 3.00703477859497
19 12 0.236853212118149 -0.354656636714935 2.96012592315674
19 13 -0.0904169231653214 -0.129449933767319 3.0423321723938
19 14 -0.0876334980130196 -0.664405524730682 3.04210329055786
19 15 -0.0598211735486984 -1.01442408561707 2.98986196517944
19 16 -0.0947083309292793 -1.06358087062836 2.94956541061401
19 17 0.0744627118110657 -0.124816074967384 3.05572819709778
19 18 0.0732716470956802 -0.656716883182526 3.01619076728821
19 19 0.042473703622818 -0.996840357780457 2.99227118492126
19 20 0.0628143697977066 -1.05151176452637 2.93018531799316
20 1 -0.011405254714191 -0.0488455891609192 3.07340097427368
20 2 -0.0193230696022511 0.00796238891780376 3.14167523384094
20 3 -0.0288822147995234 0.387644469738007 3.19303131103516
20 4 -0.0412601046264172 0.631220102310181 3.20040202140808
20 5 -0.21014466881752 0.247661635279655 3.13012433052063
20 6 -0.276279866695404 -0.0082244947552681 3.06106185913086
20 7 -0.255989342927933 -0.247576624155045 2.9561333656311
20 8 -0.245354443788528 -0.335768848657608 2.9363842010498
20 9 0.155969128012657 0.252372920513153 3.16840958595276
20 10 0.237663134932518 -0.0393951795995235 3.12995100021362
20 11 0.242117673158646 -0.255900532007217 3.00673985481262
20 12 0.236884146928787 -0.354789644479752 2.96154069900513
20 13 -0.0908209979534149 -0.130045622587204 3.04276037216187
20 14 -0.0885470733046532 -0.666221022605896 3.04250383377075
20 15 -0.0617413185536861 -1.01348376274109 2.98888611793518
20 16 -0.0929768234491348 -1.06469619274139 2.93845438957214
20 17 0.0739468634128571 -0.125387445092201 3.05594873428345
20 18 0.0696545615792274 -0.655973017215729 3.01693534851074
20 19 0.0442883707582951 -0.996113121509552 2.99189567565918
20 20 0.0559993125498295 -1.0577712059021 2.91633677482605
