1 1 -0.0124836917966604 -0.0300197433680296 3.0626425743103
1 2 -0.0249969270080328 0.0252220276743174 3.12730026245117
1 3 -0.0467022284865379 0.389699101448059 3.16644763946533
1 4 -0.0654985308647156 0.577081799507141 3.155268907547
1 5 -0.22559729218483 0.246296525001526 3.10068130493164
1 6 -0.27569192647934 -0.0180152636021376 3.05185508728027
1 7 -0.251744776964188 -0.242818281054497 2.97182869911194
1 8 -0.237201333045959 -0.344326823949814 2.95794200897217
1 9 0.152666673064232 0.320086777210236 3.17257189750671
1 10 0.386388123035431 0.414982080459595 3.21053600311279
1 11 0.634947597980499 0.537490963935852 3.24322152137756
1 12 0.74864137172699 0.569515824317932 3.25377440452576
1 13 -0.0916970372200012 -0.122114278376102 3.02845001220703
1 14 -0.0901758819818497 -0.652483522891998 3.03384208679199
1 15 -0.0656052157282829 -1.01026618480682 2.99040460586548
1 16 -0.0963853746652603 -1.07453048229218 2.93983960151672
1 17 0.0805778801441193 -0.105371832847595 3.04938125610352
1 18 0.0782508179545403 -0.638416528701782 3.01115918159485
1 19 0.0448602847754955 -0.989681601524353 2.99439859390259
1 20 0.061622329056263 -1.0482634305954 2.93177795410156
2 1 -0.0127318669110537 -0.0293162520974875 3.06255722045898
2 2 -0.0249074883759022 0.0257942266762257 3.12734222412109
2 3 -0.0448360703885555 0.391429305076599 3.1682300567627
2 4 -0.0643161833286285 0.576988875865936 3.15725588798523
2 5 -0.224873721599579 0.246393412351608 3.10112023353577
2 6 -0.276745438575745 -0.0147259784862399 3.05319118499756
2 7 -0.253193974494934 -0.242049381136894 2.97278237342834
2 8 -0.239080637693405 -0.344506144523621 2.95946264266968
2 9 0.152422294020653 0.320397764444351 3.17252230644226
2 10 0.43486499786377 0.440489947795868 3.21997880935669
2 11 0.645963251590729 0.537554323673248 3.24000382423401
2 12 0.762679040431976 0.568558871746063 3.24515700340271
2 13 -0.0921726897358894 -0.121392473578453 3.0288712978363
2 14 -0.0910881534218788 -0.653329074382782 3.03347206115723
2 15 -0.0711089372634888 -1.00523519515991 2.99382758140564
2 16 -0.0930734723806381 -1.07272207736969 2.94082093238831
2 17 0.0799029991030693 -0.104948841035366 3.04908537864685
2 18 0.0778180360794067 -0.63807475566864 3.01024675369263
2 19 0.0418203696608543 -0.995244383811951 2.99296832084656
2 20 0.0674099922180176 -1.05169904232025 2.92968606948853
3 1 -0.0130558824166656 -0.0286549441516399 3.06213140487671
3 2 -0.0254135765135288 0.0266376361250877 3.12674713134766
3 3 -0.0461305901408196 0.3920978307724 3.16623878479004
3 4 -0.0633086264133453 0.577459156513214 3.15754961967468
3 5 -0.222772479057312 0.247642666101456 3.10095047950745
3 6 -0.276878148317337 -0.0105948112905025 3.05410575866699
3 7 -0.253420621156693 -0.240920558571815 2.97272777557373
3 8 -0.239587515592575 -0.344314157962799 2.9594087600708
3 9 0.156130820512772 0.32014536857605 3.17318487167358
3 10 0.433750659227371 0.438127428293228 3.21514010429382
3 11 0.647002696990967 0.53343653678894 3.23516392707825
3 12 0.764747381210327 0.565226376056671 3.2418315410614
3 13 -0.0925686806440353 -0.120457656681538 3.02824711799622
3 14 -0.0913437455892563 -0.653824925422668 3.03356599807739
3 15 -0.0697627440094948 -1.00746715068817 2.99157977104187
3 16 -0.0971167236566544 -1.07311987876892 2.93718266487122
3 17 0.0797154158353806 -0.104738026857376 3.04888010025024
3 18 0.0770421698689461 -0.640351235866547 3.00973749160767
3 19 0.0381469614803791 -0.997478783130646 2.9890296459198
3 20 0.0656151250004768 -1.05567932128906 2.9267737865448
4 1 -0.0125428503379226 -0.0278554745018482 3.06134104728699
4 2 -0.0247080884873867 0.0273234602063894 3.12599325180054
4 3 -0.0457784719765186 0.391420036554337 3.1649854183197
4 4 -0.0618470311164856 0.577607274055481 3.15742492675781
4 5 -0.221393465995789 0.247733548283577 3.10101413726807
4 6 -0.276350080966949 -0.0143434032797813 3.05239248275757
4 7 -0.253686994314194 -0.241102576255798 2.97265076637268
4 8 -0.239859700202942 -0.342767953872681 2.95882821083069
4 9 0.158040791749954 0.320235222578049 3.17240619659424
4 10 0.433136522769928 0.435367941856384 3.2133092880249
4 11 0.647923469543457 0.527462780475616 3.2392954826355
4 12 0.765497148036957 0.565142929553986 3.24493718147278
4 13 -0.0920823588967323 -0.119432933628559 3.02701377868652
4 14 -0.0910250544548035 -0.654471516609192 3.03352379798889
4 15 -0.0687233805656433 -1.0111231803894 2.98793458938599
4 16 -0.0948977768421173 -1.07041311264038 2.92790985107422
4 17 0.0805698558688164 -0.104314267635345 3.0480694770813
4 18 0.0758089348673821 -0.641473233699799 3.00913667678833
4 19 0.0457984991371632 -0.990641713142395 2.99189209938049
4 20 0.0641139671206474 -1.05198669433594 2.9310257434845
5 1 -0.0121008362621069 -0.0272403918206692 3.06118893623352
5 2 -0.0243714898824692 0.0277790278196335 3.12578558921814
5 3 -0.0461100675165653 0.391327917575836 3.16483974456787
5 4 -0.0613816492259502 0.576958179473877 3.15669298171997
5 5 -0.221485048532486 0.247750714421272 3.10125303268433
5 6 -0.275975435972214 -0.00854548159986734 3.05204200744629
5 7 -0.25376096367836 -0.24085396528244 2.97248816490173
5 8 -0.239784896373749 -0.341267377138138 2.95955276489258
5 9 0.158183619379997 0.320122301578522 3.17197632789612
5 10 0.431832164525986 0.434752851724625 3.21119618415833
5 11 0.646668791770935 0.527182042598724 3.23879623413086
5 12 0.765162408351898 0.565489768981934 3.24293494224548
5 13 -0.0918436869978905 -0.118968397378922 3.0265474319458
5 14 -0.0910233780741692 -0.651565194129944 3.0325927734375
5 15 -0.067691870033741 -1.00626242160797 2.99318861961365
5 16 -0.0956129729747772 -1.07122337818146 2.94001603126526
5 17 0.0814884081482887 -0.103751115500927 3.04788327217102
5 18 0.0774229615926743 -0.638978660106659 3.00850081443787
5 19 0.0455577224493027 -0.991019308567047 2.99546003341675
5 20 0.0666361302137375 -1.05073392391205 2.93368053436279
6 1 -0.0121785774827003 -0.0271351281553507 3.06078720092773
6 2 -0.0242868382483721 0.0279920920729637 3.12539386749268
6 3 -0.0456951037049294 0.391887664794922 3.16469764709473
6 4 -0.061494953930378 0.577868342399597 3.15494203567505
6 5 -0.221391141414642 0.248427465558052 3.10104179382324
6 6 -0.275432467460632 -0.0130270151421428 3.05229473114014
6 7 -0.253895431756973 -0.240482240915298 2.97175049781799
6 8 -0.240050092339516 -0.341684073209763 2.95951008796692
6 9 0.158598572015762 0.319285720586777 3.17118167877197
6 10 0.424385786056519 0.430552691221237 3.20599937438965
6 11 0.638117671012878 0.524280190467834 3.23804450035095
6 12 0.757377147674561 0.562488555908203 3.24167346954346
6 13 -0.0921574309468269 -0.118472568690777 3.02587151527405
6 14 -0.0910588279366493 -0.650862693786621 3.03200912475586
6 15 -0.0672599896788597 -1.00586724281311 2.9939661026001
6 16 -0.0991927683353424 -1.06955742835999 2.94230604171753
6 17 0.0811234712600708 -0.103957325220108 3.04747653007507
6 18 0.0765864104032516 -0.640580713748932 3.00851845741272
6 19 0.0447402000427246 -0.992614030838013 2.99220609664917
6 20 0.0637614876031876 -1.05041253566742 2.9292471408844
7 1 -0.0135405557230115 -0.0266744010150433 3.06068229675293
7 2 -0.0253054685890675 0.02808703109622 3.12535977363586
7 3 -0.0457799546420574 0.391327798366547 3.16646313667297
7 4 -0.0612542629241943 0.577800631523132 3.15623044967651
7 5 -0.222315758466721 0.248706683516502 3.10131168365479
7 6 -0.275825381278992 -0.0108920354396105 3.05353379249573
7 7 -0.254211992025375 -0.239901036024094 2.97178983688354
7 8 -0.240330293774605 -0.342792838811874 2.95982646942139
7 9 0.158208012580872 0.319194704294205 3.17203736305237
7 10 0.428417444229126 0.430689424276352 3.20728731155396
7 11 0.642501652240753 0.525132596492767 3.23759484291077
7 12 0.762686014175415 0.560736775398254 3.23134326934814
7 13 -0.0942682847380638 -0.118083514273167 3.02558875083923
7 14 -0.0923325642943382 -0.650919616222382 3.03142642974854
7 15 -0.0711533576250076 -1.00610733032227 2.99259757995605
7 16 -0.0938755869865417 -1.07561779022217 2.94614768028259
7 17 0.0795288160443306 -0.103826344013214 3.04717493057251
7 18 0.0750380083918571 -0.638228118419647 3.00810289382935
7 19 0.044234324246645 -0.991608262062073 2.99317097663879
7 20 0.0658228993415833 -1.04937386512756 2.93232131004334
8 1 -0.0146046159788966 -0.0268704928457737 3.06069469451904
8 2 -0.0261140391230583 0.0280065815895796 3.12532758712769
8 3 -0.0458125472068787 0.391299307346344 3.16625022888184
8 4 -0.0616994425654411 0.580044329166412 3.15721297264099
8 5 -0.223141998052597 0.249687790870667 3.10195016860962
8 6 -0.278973460197449 -3.23301646858454E-05 3.05586504936218
8 7 -0.256316184997559 -0.234509870409966 2.97312521934509
8 8 -0.242337316274643 -0.341653972864151 2.95857834815979
8 9 0.155719459056854 0.318491399288177 3.17135000228882
8 10 0.377646744251251 0.410787582397461 3.2017297744751
8 11 0.635760605335236 0.521165072917938 3.23395109176636
8 12 0.756077885627747 0.557721793651581 3.23634243011475
8 13 -0.0952978283166885 -0.118156850337982 3.0262188911438
8 14 -0.0925694108009338 -0.651974678039551 3.03137969970703
8 15 -0.0708355754613876 -1.00915539264679 2.99089431762695
8 16 -0.0919057726860046 -1.07802331447601 2.94222688674927
8 17 0.0776648446917534 -0.103570967912674 3.04676270484924
8 18 0.0723748058080673 -0.641173481941223 3.00786066055298
8 19 0.0453048683702946 -0.992665350437164 2.99089884757996
8 20 0.0643877536058426 -1.05175685882568 2.93007707595825
9 1 -0.0157558303326368 -0.0266084093600512 3.06100058555603
9 2 -0.027092233300209 0.0278791077435017 3.12590861320496
9 3 -0.0464418046176434 0.391589343547821 3.17011952400208
9 4 -0.0618957690894604 0.580027937889099 3.15987968444824
9 5 -0.22400851547718 0.25096783041954 3.10317826271057
9 6 -0.283680856227875 0.00945695117115974 3.05456352233887
9 7 -0.261094808578491 -0.233485817909241 2.96919393539429
9 8 -0.248677641153336 -0.341411978006363 2.95025444030762
9 9 0.154198884963989 0.317782491445541 3.1711688041687
9 10 0.377820074558258 0.406066358089447 3.19867348670959
9 11 0.639712989330292 0.523236632347107 3.23491549491882
9 12 0.751963436603546 0.557393431663513 3.23474669456482
9 13 -0.0962199121713638 -0.11713183671236 3.02615118026733
9 14 -0.0929794460535049 -0.652573704719543 3.03042149543762
9 15 -0.065278984606266 -1.0120255947113 2.98831272125244
9 16 -0.0995612442493439 -1.07654166221619 2.94007349014282
9 17 0.0763228535652161 -0.103493042290211 3.04694151878357
9 18 0.0720381215214729 -0.642391920089722 3.00759673118591
9 19 0.0417637564241886 -0.995051264762878 2.98828268051147
9 20 0.0653479397296906 -1.05332565307617 2.92735242843628
10 1 -0.0159176699817181 -0.0263496916741133 3.06131792068481
10 2 -0.0271502248942852 0.0280382391065359 3.12621521949768
10 3 -0.0463685691356659 0.391802698373795 3.17005372047424
10 4 -0.0613898485898972 0.579189419746399 3.15967130661011
10 5 -0.224330276250839 0.25231009721756 3.10460352897644
10 6 -0.284751027822495 0.00791864283382893 3.05381393432617
10 7 -0.263169497251511 -0.235426887869835 2.96661734580994
10 8 -0.251140266656876 -0.339713543653488 2.94275259971619
10 9 0.154419049620628 0.317902833223343 3.1709623336792
10 10 0.376467257738113 0.404327213764191 3.19661712646484
10 11 0.582607507705688 0.506890535354614 3.22353887557983
10 12 0.70494681596756 0.540278673171997 3.22330641746521
10 13 -0.0962752997875214 -0.116807743906975 3.02661728858948
10 14 -0.0935109779238701 -0.65300852060318 3.03106117248535
10 15 -0.071403980255127 -1.00623798370361 2.99043917655945
10 16 -0.092535525560379 -1.07464146614075 2.93911147117615
10 17 0.0760994181036949 -0.103299051523209 3.04677367210388
10 18 0.0732576102018356 -0.641112923622131 3.0074508190155
10 19 0.0439737066626549 -0.991648077964783 2.99195694923401
10 20 0.0655999407172203 -1.05059933662415 2.93017387390137
11 1 -0.0159684419631958 -0.0263968165963888 3.0614914894104
11 2 -0.0270467009395361 0.028231980279088 3.12635850906372
11 3 -0.0461375489830971 0.392345547676086 3.16928386688232
11 4 -0.0608780384063721 0.577858328819275 3.16088771820068
11 5 -0.224847912788391 0.253073960542679 3.10530090332031
11 6 -0.283434122800827 0.00676716817542911 3.05204629898071
11 7 -0.261977910995483 -0.235217988491058 2.96532678604126
11 8 -0.249630972743034 -0.339801728725433 2.94178366661072
11 9 0.153969764709473 0.317670941352844 3.17032527923584
11 10 0.37598991394043 0.405733346939087 3.19614124298096
11 11 0.622470140457153 0.514672994613647 3.21967959403992
11 12 0.742888748645782 0.552346706390381 3.22630548477173
11 13 -0.0962950736284256 -0.117003746330738 3.02700567245483
11 14 -0.0930711403489113 -0.653517305850983 3.03126215934753
11 15 -0.0677482336759567 -1.00796902179718 2.99033355712891
11 16 -0.0956848114728928 -1.07161688804626 2.93615794181824
11 17 0.0760733261704445 -0.103225365281105 3.04720163345337
11 18 0.0716390833258629 -0.642733216285706 3.00914788246155
11 19 0.0410437062382698 -0.992213129997253 2.99478459358215
11 20 0.0616331100463867 -1.05012249946594 2.93162512779236
12 1 -0.0158546790480614 -0.0257544349879026 3.06169390678406
12 2 -0.0268917754292488 0.0286373943090439 3.12653565406799
12 3 -0.0459657125174999 0.391818970441818 3.16952562332153
12 4 -0.0608216673135757 0.577639698982239 3.15972757339478
12 5 -0.224722623825073 0.252923786640167 3.10571360588074
12 6 -0.27859154343605 -0.0108092287555337 3.04880619049072
12 7 -0.260802775621414 -0.237279236316681 2.96384835243225
12 8 -0.249111160635948 -0.339843839406967 2.93985271453857
12 9 0.156157359480858 0.31813907623291 3.17086720466614
12 10 0.376227378845215 0.405301988124847 3.19448304176331
12 11 0.624182105064392 0.514289557933807 3.22473001480103
12 12 0.743622243404388 0.552776515483856 3.22889113426209
12 13 -0.0957963094115257 -0.116493508219719 3.02643847465515
12 14 -0.0914935246109962 -0.648201823234558 3.03156781196594
12 15 -0.0683231949806213 -1.00726199150085 2.9913694858551
12 16 -0.101487278938293 -1.06998038291931 2.93820524215698
12 17 0.0769630670547485 -0.103112310171127 3.04764461517334
12 18 0.0734794959425926 -0.641807973384857 3.00824284553528
12 19 0.0431179963052273 -0.989275336265564 2.99352741241455
12 20 0.0658697560429573 -1.0496906042099 2.93276333808899
13 1 -0.0151855479925871 -0.0261120274662972 3.06135082244873
13 2 -0.0264960862696171 0.0283634178340435 3.12615442276001
13 3 -0.0457981824874878 0.390933752059937 3.16824984550476
13 4 -0.060718011111021 0.578566074371338 3.16028380393982
13 5 -0.223919332027435 0.252439081668854 3.10529184341431
13 6 -0.281129151582718 0.00423059612512589 3.05000972747803
13 7 -0.26072296500206 -0.238427057862282 2.96185207366943
13 8 -0.24881999194622 -0.339412540197372 2.93701934814453
13 9 0.156238868832588 0.317374765872955 3.1712212562561
13 10 0.430917024612427 0.42792010307312 3.2027370929718
13 11 0.638429701328278 0.521274447441101 3.22882080078125
13 12 0.757259964942932 0.558956980705261 3.23252725601196
13 13 -0.0952536836266518 -0.116566501557827 3.02593874931335
13 14 -0.0921765714883804 -0.650640308856964 3.03211545944214
13 15 -0.0668544173240662 -1.00847709178925 2.99058175086975
13 16 -0.0964288935065269 -1.07177329063416 2.93531274795532
13 17 0.0772685334086418 -0.103358499705791 3.04762983322144
13 18 0.0743824616074562 -0.639419734477997 3.00757241249084
13 19 0.0445446968078613 -0.990432381629944 2.99466800689697
13 20 0.066803865134716 -1.05180394649506 2.93405628204346
14 1 -0.0147952316328883 -0.0267887711524963 3.06121921539307
14 2 -0.0258965231478214 0.0276289880275726 3.12615585327148
14 3 -0.0442195236682892 0.391310691833496 3.17029047012329
14 4 -0.0607495456933975 0.578179121017456 3.15641045570374
14 5 -0.223034098744392 0.25249171257019 3.10485005378723
14 6 -0.277629107236862 0.0048886239528656 3.05036234855652
14 7 -0.261358857154846 -0.238719746470451 2.95810103416443
14 8 -0.247990727424622 -0.33954131603241 2.93537783622742
14 9 0.156147047877312 0.316573560237885 3.17048811912537
14 10 0.432481855154037 0.429583132266998 3.20193481445313
14 11 0.640743255615234 0.521535992622375 3.22973489761353
14 12 0.760352253913879 0.559726655483246 3.23328900337219
14 13 -0.0949593707919121 -0.116887398064137 3.02579355239868
14 14 -0.0920294746756554 -0.653087615966797 3.03206086158752
14 15 -0.0662622004747391 -1.0093560218811 2.99394822120667
14 16 -0.0907407328486443 -1.07412195205688 2.93780994415283
14 17 0.0772388949990273 -0.103971756994724 3.04742050170898
14 18 0.0731772854924202 -0.640350759029388 3.00801920890808
14 19 0.046578012406826 -0.990514755249023 2.99396848678589
14 20 0.0659138187766075 -1.05224657058716 2.9326446056366
15 1 -0.013648203574121 -0.026984479278326 3.06119823455811
15 2 -0.0246676504611969 0.0274525880813599 3.12621140480042
15 3 -0.0412550009787083 0.391251474618912 3.17075228691101
15 4 -0.0602786131203175 0.576728701591492 3.15585064888
15 5 -0.221327155828476 0.251016467809677 3.10447907447815
15 6 -0.276230335235596 -0.00311640719883144 3.05077242851257
15 7 -0.260909497737885 -0.238798797130585 2.95663690567017
15 8 -0.247823387384415 -0.33900910615921 2.93549680709839
15 9 0.157491430640221 0.31640288233757 3.17113637924194
15 10 0.434572249650955 0.428546696901321 3.20600938796997
15 11 0.644759654998779 0.519123077392578 3.22968101501465
15 12 0.764601945877075 0.558102309703827 3.23360800743103
15 13 -0.093913622200489 -0.116981409490108 3.02566909790039
15 14 -0.0917289331555367 -0.652194142341614 3.03246164321899
15 15 -0.0667238458991051 -1.01053547859192 2.9896605014801
15 16 -0.0968257188796997 -1.07898783683777 2.94047570228577
15 17 0.0784727558493614 -0.104270063340664 3.04757595062256
15 18 0.0744244903326035 -0.640446424484253 3.00788950920105
15 19 0.0440935678780079 -0.992089331150055 2.99389004707336
15 20 0.0683751255273819 -1.05247437953949 2.93244862556458
16 1 -0.0130281355232 -0.0270424727350473 3.06158399581909
16 2 -0.0241228565573692 0.0275583881884813 3.12662029266357
16 3 -0.0411937013268471 0.392352342605591 3.17069673538208
16 4 -0.0592913776636124 0.576868891716003 3.157790184021
16 5 -0.220945075154305 0.249376192688942 3.10446166992188
16 6 -0.27831357717514 0.000364572391845286 3.05149030685425
16 7 -0.259690642356873 -0.238032326102257 2.9588840007782
16 8 -0.247616618871689 -0.339373797178268 2.94053077697754
16 9 0.157917186617851 0.316210508346558 3.17141675949097
16 10 0.435246795415878 0.428707510232925 3.20825624465942
16 11 0.646686792373657 0.518631756305695 3.22882866859436
16 12 0.739910364151001 0.549903869628906 3.22636532783508
16 13 -0.0932015553116798 -0.117302760481834 3.02613210678101
16 14 -0.0913317948579788 -0.653284788131714 3.0328688621521
16 15 -0.0656750574707985 -1.00682175159454 2.99170970916748
16 16 -0.0925937816500664 -1.07575643062592 2.940749168396
16 17 0.07916409522295 -0.104329116642475 3.0480785369873
16 18 0.073813259601593 -0.640370905399323 3.00865507125854
16 19 0.0447809435427189 -0.991929471492767 2.99379730224609
16 20 0.0682074502110481 -1.05241942405701 2.93162202835083
17 1 -0.0115602305158973 -0.0272613372653723 3.06217098236084
17 2 -0.0230035446584225 0.0274332240223885 3.12712931632996
17 3 -0.0414396971464157 0.392158478498459 3.17080688476563
17 4 -0.0595685392618179 0.577654421329498 3.15772867202759
17 5 -0.220432057976723 0.248169630765915 3.10452508926392
17 6 -0.277287304401398 -0.00458278600126505 3.05009889602661
17 7 -0.25841411948204 -0.239258766174316 2.96027946472168
17 8 -0.244575977325439 -0.340427279472351 2.94216394424438
17 9 0.158353880047798 0.315726190805435 3.17196607589722
17 10 0.434230297803879 0.429293930530548 3.20787954330444
17 11 0.645163834095001 0.521385014057159 3.22869086265564
17 12 0.730363547801971 0.552906394004822 3.22904753684998
17 13 -0.0915593877434731 -0.117540061473846 3.02671885490417
17 14 -0.0901672691106796 -0.647512316703796 3.03306078910828
17 15 -0.0669644176959991 -1.00784134864807 2.9930682182312
17 16 -0.100787311792374 -1.07371020317078 2.94162917137146
17 17 0.0811502113938332 -0.104568228125572 3.04892706871033
17 18 0.0753896459937096 -0.637798607349396 3.00868487358093
17 19 0.047236405313015 -0.9900062084198 2.99316239356995
17 20 0.0684956759214401 -1.0511075258255 2.92663598060608
18 1 -0.0114682111889124 -0.0267861876636744 3.06220030784607
18 2 -0.0230627823621035 0.0280379094183445 3.12712621688843
18 3 -0.0417947173118591 0.393256992101669 3.17018508911133
18 4 -0.0609876960515976 0.58000111579895 3.15966987609863
18 5 -0.219653606414795 0.248446196317673 3.10400199890137
18 6 -0.277055203914642 0.00447655282914639 3.05375242233276
18 7 -0.256387263536453 -0.24034172296524 2.96033310890198
18 8 -0.243057996034622 -0.340955793857574 2.94423079490662
18 9 0.159642055630684 0.316512644290924 3.17308568954468
18 10 0.433922290802002 0.428556591272354 3.20642232894897
18 11 0.644799411296844 0.520874738693237 3.22811722755432
18 12 0.765545010566711 0.557961463928223 3.23425364494324
18 13 -0.0914792269468308 -0.117103412747383 3.02673244476318
18 14 -0.0901141166687012 -0.651953995227814 3.03500080108643
18 15 -0.0691542774438858 -1.00571346282959 2.99373054504395
18 16 -0.098797395825386 -1.07510709762573 2.94386386871338
18 17 0.0814696028828621 -0.104188062250614 3.04880595207214
18 18 0.0769151896238327 -0.638781368732452 3.00904226303101
18 19 0.0434921272099018 -0.992558240890503 2.99161958694458
18 20 0.0691155046224594 -1.05288100242615 2.92928600311279
19 1 -0.0107587603852153 -0.0269169192761183 3.06187605857849
19 2 -0.0223253108561039 0.0280808936804533 3.12669348716736
19 3 -0.0405948013067245 0.392633706331253 3.16856718063354
19 4 -0.0596345514059067 0.576964616775513 3.15710186958313
19 5 -0.219728827476501 0.247122928500175 3.10308837890625
19 6 -0.27531173825264 -0.00473713222891092 3.05081272125244
19 7 -0.255804270505905 -0.241051658987999 2.9607400894165
19 8 -0.241258442401886 -0.341174870729446 2.94518423080444
19 9 0.159968495368958 0.316298365592957 3.17258739471436
19 10 0.434919029474258 0.427974343299866 3.20562601089478
19 11 0.64817202091217 0.518616020679474 3.21731662750244
19 12 0.768146753311157 0.557905912399292 3.23001718521118
19 13 -0.0910094976425171 -0.11775366216898 3.02681589126587
19 14 -0.0903936699032784 -0.654252290725708 3.03408050537109
19 15 -0.0713405534625053 -1.00622165203094 2.99429845809937
19 16 -0.0947757884860039 -1.07010293006897 2.93510866165161
19 17 0.0823115855455399 -0.104659229516983 3.04819965362549
19 18 0.0775434002280235 -0.639517366886139 3.00921750068665
19 19 0.047143392264843 -0.990645170211792 2.99486994743347
19 20 0.0699399560689926 -1.04904067516327 2.92652606964111
20 1 -0.00994338840246201 -0.0278800297528505 3.06094908714294
20 2 -0.0211692433804274 0.0274281594902277 3.12568664550781
20 3 -0.0386615768074989 0.392051666975021 3.16625022888184
20 4 -0.0572617650032043 0.575409412384033 3.15569496154785
20 5 -0.218908831477165 0.247848302125931 3.1030809879303
20 6 -0.275415301322937 -0.000916201912332326 3.05335021018982
20 7 -0.255258858203888 -0.242014110088348 2.96039080619812
20 8 -0.240579396486282 -0.34272488951683 2.94557857513428
20 9 0.159714445471764 0.315715759992599 3.17041349411011
20 10 0.433561056852341 0.427442789077759 3.2014274597168
20 11 0.646879971027374 0.514699280261993 3.22393774986267
20 12 0.763036012649536 0.548898875713348 3.22961449623108
20 13 -0.0901697725057602 -0.118555709719658 3.02642178535461
20 14 -0.0899893566966057 -0.653940260410309 3.03284573554993
20 15 -0.0696734562516212 -1.0086076259613 2.99273538589478
20 16 -0.0952277332544327 -1.07464289665222 2.93693423271179
20 17 0.0823690742254257 -0.104933604598045 3.04738640785217
20 18 0.0772021189332008 -0.638528823852539 3.00921654701233
20 19 0.0452202521264553 -0.99246746301651 2.99553656578064
20 20 0.0648600533604622 -1.05177819728851 2.93054461479187
