1 1 -0.0491217896342278 -0.137079030275345 3.12960457801819
1 2 -0.0575082488358021 -0.0857653096318245 3.1910548210144
1 3 -0.0813343971967697 0.256175696849823 3.23103594779968
1 4 -0.107754066586494 0.449768245220184 3.22920918464661
1 5 -0.259510576725006 0.122623302042484 3.20781445503235
1 6 -0.274194806814194 -0.127807036042213 3.13837575912476
1 7 -0.260391533374786 -0.327312052249908 3.04067897796631
1 8 -0.25618577003479 -0.378053098917007 3.01758217811584
1 9 0.126456558704376 0.188427597284317 3.25254535675049
1 10 0.377219676971436 0.231210604310036 3.15654754638672
1 11 0.577494144439697 0.276351630687714 3.03465962409973
1 12 0.612203538417816 0.285491585731506 3.01770853996277
1 13 -0.129577249288559 -0.228561624884605 3.09836554527283
1 14 -0.129384100437164 -0.685552000999451 3.09315419197083
1 15 -0.123002886772156 -1.01421046257019 3.03129458427429
1 16 -0.159317269921303 -1.06611895561218 2.97474908828735
1 17 0.0446952730417252 -0.214446917176247 3.11187887191772
1 18 0.0350566655397415 -0.681881725788116 3.08751440048218
1 19 0.0129255559295416 -1.0072226524353 3.03080320358276
1 20 0.051731139421463 -1.05416882038116 2.9672064781189
2 1 -0.0525253117084503 -0.135734260082245 3.15319681167603
2 2 -0.059716273099184 -0.0847537964582443 3.21524333953857
2 3 -0.0832421332597733 0.257184743881226 3.25811815261841
2 4 -0.10745096206665 0.450843781232834 3.25432276725769
2 5 -0.264089643955231 0.123835898935795 3.23628973960876
2 6 -0.276298642158508 -0.123035416007042 3.16615796089172
2 7 -0.26522421836853 -0.325781345367432 3.07396078109741
2 8 -0.259639799594879 -0.381366163492203 3.04318857192993
2 9 0.122393846511841 0.188923612236977 3.27194333076477
2 10 0.368339866399765 0.228245958685875 3.13699173927307
2 11 0.551684141159058 0.271959990262985 3.01444411277771
2 12 0.604845225811005 0.282127499580383 2.99985671043396
2 13 -0.132646381855011 -0.227507874369621 3.12246251106262
2 14 -0.133085653185844 -0.682704448699951 3.11604881286621
2 15 -0.12676078081131 -1.01890897750854 3.05439829826355
2 16 -0.160553991794586 -1.0678790807724 3.01256275177002
2 17 0.041254997253418 -0.213192045688629 3.13393425941467
2 18 0.0396713539958 -0.67472904920578 3.11039900779724
2 19 0.0150066800415516 -1.00842428207397 3.05579590797424
2 20 0.050154484808445 -1.05642449855804 2.99322867393494
3 1 -0.0534409135580063 -0.136818736791611 3.15578842163086
3 2 -0.0605560317635536 -0.0854416862130165 3.21791315078735
3 3 -0.0828157216310501 0.258688628673553 3.26104331016541
3 4 -0.107396148145199 0.453564673662186 3.25702261924744
3 5 -0.262861520051956 0.124665588140488 3.23910641670227
3 6 -0.277031183242798 -0.120800659060478 3.16825246810913
3 7 -0.265568554401398 -0.323487192392349 3.07456302642822
3 8 -0.26004633307457 -0.411367833614349 3.03330826759338
3 9 0.121039889752865 0.188530653715134 3.27497458457947
3 10 0.365851104259491 0.228328257799149 3.13411998748779
3 11 0.550679981708527 0.268482536077499 3.01168727874756
3 12 0.602901458740234 0.280970215797424 2.99374961853027
3 13 -0.133615508675575 -0.22784449160099 3.12578010559082
3 14 -0.133801758289337 -0.681905090808868 3.11906147003174
3 15 -0.126285180449486 -1.01853144168854 3.05816578865051
3 16 -0.158005386590958 -1.07027614116669 3.01874542236328
3 17 0.0397408083081245 -0.21392959356308 3.13629341125488
3 18 0.0375995002686977 -0.681480526924133 3.11251306533813
3 19 0.014574040658772 -1.01000380516052 3.05825018882751
3 20 0.0510671511292458 -1.05842185020447 2.99384665489197
4 1 -0.0537239462137222 -0.136877819895744 3.1573805809021
4 2 -0.06068966537714 -0.08526461571455 3.2195143699646
4 3 -0.0831573829054832 0.25952422618866 3.26202392578125
4 4 -0.107639908790588 0.453527241945267 3.25976610183716
4 5 -0.263228803873062 0.124517776072025 3.24105358123779
4 6 -0.277279883623123 -0.120137318968773 3.16952013969421
4 7 -0.267055720090866 -0.323457062244415 3.07608914375305
4 8 -0.264210730791092 -0.370208263397217 3.0522403717041
4 9 0.12089267373085 0.188417509198189 3.2759325504303
4 10 0.364390850067139 0.228270038962364 3.13324069976807
4 11 0.550180435180664 0.268995434045792 3.01178693771362
4 12 0.602169632911682 0.281752914190292 2.99395418167114
4 13 -0.133861362934113 -0.227727547287941 3.12709164619446
4 14 -0.134271383285522 -0.678973257541656 3.12113618850708
4 15 -0.124792270362377 -1.01869070529938 3.05901861190796
4 16 -0.16019943356514 -1.06877887248993 3.02136182785034
4 17 0.0392837263643742 -0.214330270886421 3.13841509819031
4 18 0.0381883718073368 -0.679197907447815 3.1133143901825
4 19 0.00996535643935204 -1.01200211048126 3.06053876876831
4 20 0.0524826347827911 -1.05988657474518 2.99416422843933
5 1 -0.0536966323852539 -0.13683046400547 3.15900588035584
5 2 -0.0606512799859047 -0.0855774879455566 3.22131013870239
5 3 -0.0834725275635719 0.257888495922089 3.26579928398132
5 4 -0.105717420578003 0.452017843723297 3.26377749443054
5 5 -0.264666467905045 0.123241625726223 3.24272537231445
5 6 -0.277045130729675 -0.120459623634815 3.1705915927887
5 7 -0.266582608222961 -0.324913084506989 3.07930064201355
5 8 -0.262657254934311 -0.375018507242203 3.04918241500854
5 9 0.120789118111134 0.18827061355114 3.27819538116455
5 10 0.363247096538544 0.228534460067749 3.13411974906921
5 11 0.550524473190308 0.276954501867294 3.01793622970581
5 12 0.604547262191772 0.28379762172699 2.99309039115906
5 13 -0.133965462446213 -0.22814467549324 3.12858700752258
5 14 -0.134071797132492 -0.680449187755585 3.1221752166748
5 15 -0.124835819005966 -1.01727116107941 3.05997395515442
5 16 -0.157312750816345 -1.06390523910522 3.0164098739624
5 17 0.0394441410899162 -0.2144515812397 3.13988947868347
5 18 0.040036428719759 -0.677283823490143 3.11514282226563
5 19 0.0152185391634703 -1.01078975200653 3.06243968009949
5 20 0.0515334829688072 -1.05952084064484 2.9948148727417
6 1 -0.0534585602581501 -0.137532249093056 3.1597740650177
6 2 -0.0606616251170635 -0.0857812762260437 3.22201800346375
6 3 -0.0838756337761879 0.258345097303391 3.26419591903687
6 4 -0.10775388032198 0.452812135219574 3.26158213615417
6 5 -0.263721287250519 0.122576653957367 3.24323725700378
6 6 -0.276549279689789 -0.122761994600296 3.17153549194336
6 7 -0.265961080789566 -0.326018542051315 3.07698082923889
6 8 -0.264726102352142 -0.364375650882721 3.05523061752319
6 9 0.120728708803654 0.188221797347069 3.27942061424255
6 10 0.361610651016235 0.227673232555389 3.1343982219696
6 11 0.545927882194519 0.276781976222992 3.01314687728882
6 12 0.609100341796875 0.28886878490448 2.9900598526001
6 13 -0.133541539311409 -0.229066431522369 3.12960648536682
6 14 -0.134086489677429 -0.680164515972137 3.12226986885071
6 15 -0.124552592635155 -1.01612424850464 3.06048011779785
6 16 -0.150135084986687 -1.07600796222687 3.02975034713745
6 17 0.0397346280515194 -0.214960291981697 3.14124608039856
6 18 0.039768673479557 -0.676439344882965 3.11513686180115
6 19 0.0137568665668368 -1.0101865530014 3.06159925460815
6 20 0.0519460737705231 -1.05870747566223 2.99257373809814
7 1 -0.0529933646321297 -0.137392714619637 3.16104197502136
7 2 -0.0600765869021416 -0.0857225507497787 3.22343420982361
7 3 -0.0832832381129265 0.258921921253204 3.26627397537231
7 4 -0.105840936303139 0.453430354595184 3.26352262496948
7 5 -0.263437151908875 0.123450249433517 3.24505090713501
7 6 -0.276130557060242 -0.121473208069801 3.17304468154907
7 7 -0.266876995563507 -0.323935955762863 3.07940292358398
7 8 -0.260351687669754 -0.378012895584106 3.0551438331604
7 9 0.120753079652786 0.18882991373539 3.28032350540161
7 10 0.317112654447556 0.223471432924271 3.15769386291504
7 11 0.561611890792847 0.276062190532684 3.006014585495
7 12 0.618286430835724 0.292753994464874 2.98269057273865
7 13 -0.132997706532478 -0.228761628270149 3.13045477867126
7 14 -0.133943006396294 -0.679901540279388 3.12279987335205
7 15 -0.123211584985256 -1.01713800430298 3.05962729454041
7 16 -0.159709304571152 -1.07200169563293 3.03155994415283
7 17 0.0402178131043911 -0.214777290821075 3.14231514930725
7 18 0.0385308042168617 -0.675300478935242 3.11486411094666
7 19 0.0165217891335487 -1.01159143447876 3.06049036979675
7 20 0.0489969849586487 -1.05888819694519 2.99298667907715
8 1 -0.052798867225647 -0.137514933943748 3.16123723983765
8 2 -0.0596503801643848 -0.0856257900595665 3.223717212677
8 3 -0.0813539400696754 0.260016441345215 3.26520824432373
8 4 -0.106195539236069 0.45280510187149 3.26210641860962
8 5 -0.262934029102325 0.12318629026413 3.24539422988892
8 6 -0.275756925344467 -0.122006289660931 3.17361187934875
8 7 -0.266706675291061 -0.322608143091202 3.07876539230347
8 8 -0.261334240436554 -0.377349883317947 3.05304145812988
8 9 0.120909012854099 0.189359039068222 3.27962064743042
8 10 0.319621920585632 0.224443197250366 3.15511536598206
8 11 0.563059866428375 0.276822507381439 3.00152063369751
8 12 0.629453539848328 0.29645049571991 2.97560596466064
8 13 -0.13286280632019 -0.228833630681038 3.13094139099121
8 14 -0.133720353245735 -0.68020635843277 3.12260913848877
8 15 -0.125242650508881 -1.01951885223389 3.05848670005798
8 16 -0.164048254489899 -1.07193434238434 3.01033306121826
8 17 0.0403375029563904 -0.214721113443375 3.14227628707886
8 18 0.0385133847594261 -0.679068744182587 3.11544489860535
8 19 0.0178944356739521 -1.01185536384583 3.06027603149414
8 20 0.0501458346843719 -1.05805993080139 2.99390387535095
9 1 -0.0527677237987518 -0.137648060917854 3.16135954856873
9 2 -0.0594680942595005 -0.0858410075306892 3.22386288642883
9 3 -0.0830485820770264 0.258241295814514 3.26453018188477
9 4 -0.106637299060822 0.452153325080872 3.25874662399292
9 5 -0.263234466314316 0.122517168521881 3.24627447128296
9 6 -0.2757947742939 -0.122340187430382 3.17418169975281
9 7 -0.25862929224968 -0.329778283834457 3.07123494148254
9 8 -0.261234015226364 -0.398436188697815 3.04548168182373
9 9 0.121031291782856 0.189113155007362 3.27916193008423
9 10 0.340981960296631 0.224420696496964 3.14458250999451
9 11 0.574835181236267 0.282449513673782 2.99672198295593
9 12 0.623406291007996 0.29725256562233 2.97805237770081
9 13 -0.132865622639656 -0.229099810123444 3.13140058517456
9 14 -0.133120596408844 -0.679641842842102 3.12304854393005
9 15 -0.124489575624466 -1.01995372772217 3.058748960495
9 16 -0.162318140268326 -1.07038164138794 3.01711201667786
9 17 0.0404354184865952 -0.214772462844849 3.14213037490845
9 18 0.0384631976485252 -0.677055358886719 3.11564469337463
9 19 0.00962414313107729 -1.01180016994476 3.06092166900635
9 20 0.0507834367454052 -1.05765378475189 2.99358654022217
10 1 -0.0526808835566044 -0.137708425521851 3.16143441200256
10 2 -0.0594672150909901 -0.0859848186373711 3.22390604019165
10 3 -0.0835216045379639 0.257086306810379 3.26416873931885
10 4 -0.107383817434311 0.452431052923203 3.25909662246704
10 5 -0.263239979743958 0.122161194682121 3.24530506134033
10 6 -0.276106715202332 -0.121677123010159 3.17398881912231
10 7 -0.265001147985458 -0.32109460234642 3.07808327674866
10 8 -0.261646866798401 -0.381990671157837 3.0487642288208
10 9 0.121197402477264 0.189646393060684 3.27881908416748
10 10 0.324521452188492 0.225385785102844 3.15228962898254
10 11 0.564172863960266 0.278753072023392 2.99763369560242
10 12 0.621095716953278 0.296756446361542 2.97648239135742
10 13 -0.132737517356873 -0.229236766695976 3.1314709186554
10 14 -0.133355244994164 -0.678006112575531 3.12292623519897
10 15 -0.123999729752541 -1.01730120182037 3.05913949012756
10 16 -0.15101470053196 -1.07023024559021 3.01937961578369
10 17 0.0407881587743759 -0.214740231633186 3.14215993881226
10 18 0.0387213788926601 -0.67525589466095 3.11523056030273
10 19 0.0144505826756358 -1.00904166698456 3.06190276145935
10 20 0.0415553040802479 -1.0539116859436 3.00098085403442
11 1 -0.0529615208506584 -0.137908786535263 3.16116881370544
11 2 -0.0598296672105789 -0.0859735459089279 3.22354769706726
11 3 -0.0839684456586838 0.257765054702759 3.26247620582581
11 4 -0.106622062623501 0.454496026039124 3.26033544540405
11 5 -0.262896716594696 0.123171143233776 3.24480652809143
11 6 -0.275433659553528 -0.123262338340282 3.17246866226196
11 7 -0.266097337007523 -0.325371026992798 3.08477520942688
11 8 -0.261983841657639 -0.379215031862259 3.05165719985962
11 9 0.121097728610039 0.18903186917305 3.2780704498291
11 10 0.330207049846649 0.228511840105057 3.14463758468628
11 11 0.571080088615417 0.281726121902466 2.99261832237244
11 12 0.618858337402344 0.293947607278824 2.96903705596924
11 13 -0.133079782128334 -0.229268357157707 3.13136982917786
11 14 -0.13325697183609 -0.679384291172028 3.12265801429749
11 15 -0.124233469367027 -1.01764965057373 3.06025981903076
11 16 -0.163962751626968 -1.06888222694397 3.03034973144531
11 17 0.040368564426899 -0.214962914586067 3.14185738563538
11 18 0.0390663966536522 -0.679600536823273 3.11603188514709
11 19 0.0141517147421837 -1.01044368743896 3.0616888999939
11 20 0.0504817329347134 -1.06011319160461 2.99742269515991
12 1 -0.0529469475150108 -0.137672513723373 3.16106605529785
12 2 -0.0595919080078602 -0.0860038921236992 3.22347092628479
12 3 -0.0828710123896599 0.257998615503311 3.26474952697754
12 4 -0.107559144496918 0.455189228057861 3.26059579849243
12 5 -0.263370275497437 0.123393729329109 3.24499106407166
12 6 -0.275312662124634 -0.122682310640812 3.17259955406189
12 7 -0.266435950994492 -0.322788745164871 3.07993412017822
12 8 -0.264460414648056 -0.375802278518677 3.05355882644653
12 9 0.120908424258232 0.1891710460186 3.27741742134094
12 10 0.337295651435852 0.229416728019714 3.1396279335022
12 11 0.567601680755615 0.280406594276428 2.99532437324524
12 12 0.620825469493866 0.294037580490112 2.96794748306274
12 13 -0.133299693465233 -0.229113727807999 3.13141894340515
12 14 -0.133324831724167 -0.679246425628662 3.12286400794983
12 15 -0.124615676701069 -1.01891219615936 3.05941128730774
12 16 -0.161884844303131 -1.06935906410217 3.02525091171265
12 17 0.040267925709486 -0.214680626988411 3.14125442504883
12 18 0.0389070101082325 -0.677047252655029 3.11615943908691
12 19 0.014787757769227 -1.01145029067993 3.06177163124084
12 20 0.0504617504775524 -1.05779719352722 2.99799275398254
13 1 -0.0529075972735882 -0.137658402323723 3.16122889518738
13 2 -0.0598265193402767 -0.0859460085630417 3.22364854812622
13 3 -0.0830169320106506 0.258605599403381 3.26469898223877
13 4 -0.107685692608356 0.454609781503677 3.26227569580078
13 5 -0.262891322374344 0.123268485069275 3.24340033531189
13 6 -0.275399267673492 -0.121900290250778 3.1726086139679
13 7 -0.266109257936478 -0.321859568357468 3.08030605316162
13 8 -0.265879988670349 -0.372325897216797 3.05781769752502
13 9 0.120592169463634 0.189663410186768 3.27810287475586
13 10 0.330862551927567 0.226442009210587 3.14672589302063
13 11 0.559801518917084 0.28040537238121 2.999187707901
13 12 0.616082429885864 0.294370323419571 2.96949744224548
13 13 -0.133230999112129 -0.229158595204353 3.13135004043579
13 14 -0.133626148104668 -0.678743600845337 3.12278532981873
13 15 -0.124896474182606 -1.01978266239166 3.06080436706543
13 16 -0.156964108347893 -1.06492400169373 3.01289105415344
13 17 0.0403586141765118 -0.214548215270042 3.14168047904968
13 18 0.03961031883955 -0.674533605575562 3.11538505554199
13 19 0.015331482514739 -1.00903081893921 3.06292605400085
13 20 0.0503688268363476 -1.05743014812469 2.9968249797821
14 1 -0.0546369105577469 -0.138023868203163 3.15842819213867
14 2 -0.0583691485226154 -0.0862423703074455 3.22161293029785
14 3 -0.0834759697318077 0.258968502283096 3.26482725143433
14 4 -0.107333496212959 0.453212857246399 3.26079273223877
14 5 -0.263767004013062 0.123943917453289 3.24553298950195
14 6 -0.276229590177536 -0.11885966360569 3.17502927780151
14 7 -0.262363821268082 -0.334212899208069 3.0754120349884
14 8 -0.265541613101959 -0.400153130292892 3.04682469367981
14 9 0.118775635957718 0.188003122806549 3.25720810890198
14 10 0.329321265220642 0.231557130813599 3.14466404914856
14 11 0.568078994750977 0.2821304500103 2.99091386795044
14 12 0.615009665489197 0.292708605527878 2.96596670150757
14 13 -0.134879812598228 -0.229616716504097 3.13134026527405
14 14 -0.133739396929741 -0.680337011814117 3.12269282341003
14 15 -0.124663613736629 -1.01967453956604 3.05992078781128
14 16 -0.158631086349487 -1.06744039058685 3.0099630355835
14 17 0.0373590625822544 -0.213683903217316 3.13224983215332
14 18 0.040200661867857 -0.674317955970764 3.10197758674622
14 19 0.0166652128100395 -1.00606465339661 3.04878520965576
14 20 0.0481823571026325 -1.05475389957428 2.97556591033936
15 1 -0.0558252185583115 -0.137617364525795 3.15715169906616
15 2 -0.0585827492177486 -0.0860588476061821 3.22055172920227
15 3 -0.0834301114082336 0.25910809636116 3.26531958580017
15 4 -0.107884407043457 0.452011257410049 3.26124119758606
15 5 -0.265067040920258 0.124368287622929 3.24731254577637
15 6 -0.276267290115356 -0.1179089397192 3.17539834976196
15 7 -0.268487542867661 -0.317292988300323 3.0835165977478
15 8 -0.265463560819626 -0.370841443538666 3.0576159954071
15 9 0.119255192577839 0.188345938920975 3.25328612327576
15 10 0.363151073455811 0.232941806316376 3.12726044654846
15 11 0.571366369724274 0.281774163246155 2.9874427318573
15 12 0.613093137741089 0.291020572185516 2.9685332775116
15 13 -0.136892139911652 -0.229542300105095 3.13135433197021
15 14 -0.1341253221035 -0.678900063037872 3.12362933158875
15 15 -0.125853523612022 -1.01715457439423 3.06102895736694
15 16 -0.151535034179688 -1.07183170318604 3.02363729476929
15 17 0.036189503967762 -0.212949454784393 3.12937951087952
15 18 0.0392857640981674 -0.674229323863983 3.09963130950928
15 19 0.0136049622669816 -1.00626397132874 3.04783892631531
15 20 0.0500892922282219 -1.05293381214142 2.97214508056641
16 1 -0.056243397295475 -0.137579053640366 3.15620183944702
16 2 -0.0588980615139008 -0.0859988778829575 3.21965217590332
16 3 -0.0828961133956909 0.259651213884354 3.26479625701904
16 4 -0.106577165424824 0.452077448368073 3.26049971580505
16 5 -0.265279203653336 0.124628409743309 3.24734973907471
16 6 -0.276277124881744 -0.117403231561184 3.17478609085083
16 7 -0.267581880092621 -0.318460166454315 3.08718848228455
16 8 -0.263690203428268 -0.405901789665222 3.04568600654602
16 9 0.119230985641479 0.188231319189072 3.25280284881592
16 10 0.363167703151703 0.233813151717186 3.12909054756165
16 11 0.56498658657074 0.28066098690033 2.9943573474884
16 12 0.611276149749756 0.290166258811951 2.97163128852844
16 13 -0.137445524334908 -0.229641318321228 3.13094568252563
16 14 -0.134024098515511 -0.678591132164001 3.12466096878052
16 15 -0.125243738293648 -1.01851058006287 3.06024503707886
16 16 -0.160780072212219 -1.06973052024841 3.02634048461914
16 17 0.0359035059809685 -0.212751716375351 3.12836837768555
16 18 0.0390720814466476 -0.674531161785126 3.09793519973755
16 19 0.0122162587940693 -1.00914692878723 3.04730534553528
16 20 0.0468300990760326 -1.05388915538788 2.97069454193115
17 1 -0.0568243749439716 -0.137096464633942 3.15555906295776
17 2 -0.0590620450675488 -0.0856319144368172 3.21897172927856
17 3 -0.083169974386692 0.260153084993362 3.26484107971191
17 4 -0.109997257590294 0.453280329704285 3.25816559791565
17 5 -0.265851378440857 0.124484241008759 3.24793267250061
17 6 -0.275975435972214 -0.117814682424068 3.17530059814453
17 7 -0.266573816537857 -0.318135738372803 3.08569073677063
17 8 -0.265464276075363 -0.368279367685318 3.05731511116028
17 9 0.119365781545639 0.188187077641487 3.25107645988464
17 10 0.344456315040588 0.23171865940094 3.13585233688354
17 11 0.522210359573364 0.272119432687759 3.00928425788879
17 12 0.617196559906006 0.293329238891602 2.96363592147827
17 13 -0.138428017497063 -0.22921459376812 3.13088703155518
17 14 -0.133438378572464 -0.679569363594055 3.12481689453125
17 15 -0.123973533511162 -1.02016985416412 3.05969738960266
17 16 -0.155129417777061 -1.07154059410095 3.02190732955933
17 17 0.0353229939937592 -0.212282910943031 3.12734937667847
17 18 0.0391185134649277 -0.673987209796906 3.09679388999939
17 19 0.0125234089791775 -1.00774776935577 3.04645395278931
17 20 0.0509546659886837 -1.05231130123138 2.9705696105957
18 1 -0.0568386949598789 -0.137064769864082 3.1551661491394
18 2 -0.0589569844305515 -0.0852820351719856 3.2185742855072
18 3 -0.0813480913639069 0.2621209025383 3.26326966285706
18 4 -0.110913820564747 0.454874604940414 3.25973272323608
18 5 -0.265638291835785 0.124500274658203 3.24716854095459
18 6 -0.276202827692032 -0.116586185991764 3.17569541931152
18 7 -0.266474932432175 -0.316585063934326 3.08566546440125
18 8 -0.263816773891449 -0.374057292938232 3.05668759346008
18 9 0.118942975997925 0.188948884606361 3.25023436546326
18 10 0.32989901304245 0.231942892074585 3.13565254211426
18 11 0.559661507606506 0.281198352575302 2.99431228637695
18 12 0.613189816474915 0.293291300535202 2.96911454200745
18 13 -0.13855005800724 -0.229347601532936 3.1308901309967
18 14 -0.133185878396034 -0.679915428161621 3.12418055534363
18 15 -0.122895449399948 -1.02000188827515 3.05901765823364
18 16 -0.162896126508713 -1.07003819942474 3.01575899124146
18 17 0.0353433676064014 -0.212027445435524 3.12681913375854
18 18 0.0384742990136147 -0.673827886581421 3.0961480140686
18 19 0.0127363484352827 -1.0065176486969 3.0434422492981
18 20 0.0506706014275551 -1.05207228660583 2.96785140037537
19 1 -0.0571749694645405 -0.136583834886551 3.15448784828186
19 2 -0.0591283850371838 -0.0848715379834175 3.21769738197327
19 3 -0.0826092287898064 0.260377526283264 3.26098918914795
19 4 -0.111172422766685 0.454738885164261 3.25950527191162
19 5 -0.266429454088211 0.124877572059631 3.24776220321655
19 6 -0.276045382022858 -0.116857007145882 3.17457389831543
19 7 -0.268794864416122 -0.317783355712891 3.08720135688782
19 8 -0.26218119263649 -0.405860841274261 3.04849219322205
19 9 0.119199961423874 0.18889519572258 3.24908757209778
19 10 0.359266370534897 0.2344731092453 3.12984204292297
19 11 0.568794131278992 0.282759040594101 2.98044776916504
19 12 0.615549087524414 0.291684180498123 2.96204543113709
19 13 -0.139084011316299 -0.229077339172363 3.13070845603943
19 14 -0.133559063076973 -0.679023504257202 3.12354755401611
19 15 -0.12431176006794 -1.01776850223541 3.05922412872314
19 16 -0.16146194934845 -1.06951808929443 3.02040410041809
19 17 0.0352579765021801 -0.211729422211647 3.12616920471191
19 18 0.0390755645930767 -0.672935485839844 3.09539818763733
19 19 0.012954393401742 -1.00563561916351 3.04489803314209
19 20 0.0465388670563698 -1.05392909049988 2.97235560417175
20 1 -0.0574024170637131 -0.136512115597725 3.15371918678284
20 2 -0.0591894723474979 -0.0850095450878143 3.2169361114502
20 3 -0.0833219885826111 0.258893847465515 3.26072692871094
20 4 -0.11435966193676 0.45197719335556 3.25582551956177
20 5 -0.266831636428833 0.124430671334267 3.24767422676086
20 6 -0.276239037513733 -0.116365067660809 3.17443084716797
20 7 -0.263236969709396 -0.334097445011139 3.0716826915741
20 8 -0.262961864471436 -0.401441901922226 3.04772233963013
20 9 0.118433259427547 0.189291372895241 3.24793267250061
20 10 0.343014180660248 0.231593489646912 3.13069748878479
20 11 0.57017195224762 0.288029491901398 2.98470187187195
20 12 0.611721158027649 0.295053362846375 2.96238970756531
20 13 -0.1392952054739 -0.229093462228775 3.13023519515991
20 14 -0.132957562804222 -0.675770699977875 3.12319612503052
20 15 -0.123597055673599 -1.01663970947266 3.05809879302979
20 16 -0.154847323894501 -1.06602382659912 3.01798057556152
20 17 0.0350986309349537 -0.211476936936378 3.12523555755615
20 18 0.0390202701091766 -0.672604560852051 3.09514379501343
20 19 0.0132599761709571 -1.00511765480042 3.04561710357666
20 20 0.0491334348917007 -1.05399799346924 2.97222208976746
