1 1 -0.0329683497548103 -0.0674393698573112 3.10457873344421
1 2 -0.0328928679227829 -0.00950989592820406 3.16749858856201
1 3 -0.0475710779428482 0.357403129339218 3.19911527633667
1 4 -0.0471986532211304 0.553791284561157 3.20520067214966
1 5 -0.213980540633202 0.223550155758858 3.18286514282227
1 6 -0.252138435840607 -0.00524656614288688 3.14696836471558
1 7 -0.260766327381134 -0.224390715360641 3.0185112953186
1 8 -0.261635214090347 -0.321032375097275 2.97646379470825
1 9 0.137851521372795 0.255032539367676 3.17201709747314
1 10 0.37237423658371 0.276783645153046 3.0922966003418
1 11 0.583531737327576 0.327765196561813 2.98102569580078
1 12 0.669975519180298 0.341888457536697 2.96689486503601
1 13 -0.109596647322178 -0.146163210272789 3.08577632904053
1 14 -0.154916286468506 -0.584816217422485 3.02494168281555
1 15 -0.153301596641541 -0.95503830909729 3.04254484176636
1 16 -0.155146479606628 -1.05324161052704 2.95968079566956
1 17 0.0493278540670872 -0.142367780208588 3.08387589454651
1 18 0.105437785387039 -0.572375535964966 2.99834942817688
1 19 0.100379854440689 -0.941971898078918 3.0093982219696
1 20 0.103469304740429 -1.04434418678284 2.93889451026917
2 1 -0.033053070306778 -0.0667503401637077 3.10445857048035
2 2 -0.0338847152888775 -0.00883099250495434 3.16745758056641
2 3 -0.0494812317192554 0.358040332794189 3.19911336898804
2 4 -0.0470138899981976 0.554552674293518 3.20912337303162
2 5 -0.214301407337189 0.224817201495171 3.18274927139282
2 6 -0.254833370447159 0.00488050514832139 3.13873600959778
2 7 -0.260518044233322 -0.232453480362892 3.01700615882874
2 8 -0.262454062700272 -0.322501063346863 2.97001218795776
2 9 0.13873678445816 0.256753236055374 3.17750096321106
2 10 0.373752802610397 0.277019888162613 3.10645771026611
2 11 0.584591507911682 0.326908588409424 2.99857640266418
2 12 0.660425662994385 0.334037214517593 2.97539782524109
2 13 -0.109474338591099 -0.145379528403282 3.08503723144531
2 14 -0.155663028359413 -0.585770964622498 3.02460789680481
2 15 -0.152850821614265 -0.953854739665985 3.04082489013672
2 16 -0.154197335243225 -1.05680513381958 2.95925569534302
2 17 0.0493989959359169 -0.142065241932869 3.08425879478455
2 18 0.106661185622215 -0.578926563262939 3.00116562843323
2 19 0.0985691696405411 -0.957953095436096 3.01904153823853
2 20 0.103767246007919 -1.05165410041809 2.95143818855286
3 1 -0.033694364130497 -0.0671800076961517 3.10354709625244
3 2 -0.034764114767313 -0.00932049285620451 3.16669392585754
3 3 -0.0505556501448154 0.357384502887726 3.19921779632568
3 4 -0.0476184375584126 0.555712342262268 3.21004366874695
3 5 -0.213794633746147 0.224466681480408 3.1822304725647
3 6 -0.255255579948425 0.00645326171070337 3.13551378250122
3 7 -0.260553956031799 -0.229231089353561 3.01537823677063
3 8 -0.26194816827774 -0.320710599422455 2.96428155899048
3 9 0.138258934020996 0.257426977157593 3.17913556098938
3 10 0.375724166631699 0.274691581726074 3.10597848892212
3 11 0.584322869777679 0.324265897274017 3.00015139579773
3 12 0.689678847789764 0.340545177459717 3.01375341415405
3 13 -0.109841652214527 -0.145502015948296 3.08385801315308
3 14 -0.155862212181091 -0.586147546768188 3.0244996547699
3 15 -0.153138056397438 -0.956075668334961 3.04024648666382
3 16 -0.158929049968719 -1.06117701530457 2.94497275352478
3 17 0.0484462343156338 -0.142508029937744 3.08330845832825
3 18 0.105963885784149 -0.577500224113464 3.00067257881165
3 19 0.0981825441122055 -0.952582478523254 3.02138662338257
3 20 0.105412773787975 -1.04927265644073 2.95142865180969
4 1 -0.0340572632849216 -0.0673557594418526 3.10304284095764
4 2 -0.0352642647922039 -0.00951047986745834 3.16643190383911
4 3 -0.0501542948186398 0.357931435108185 3.1998553276062
4 4 -0.0478428155183792 0.555764079093933 3.21142554283142
4 5 -0.213748678565025 0.224229380488396 3.18196797370911
4 6 -0.254865378141403 0.00519309984520078 3.13440537452698
4 7 -0.260841012001038 -0.230796948075294 3.01281499862671
4 8 -0.263028562068939 -0.323177039623261 2.95924544334412
4 9 0.137558043003082 0.257690191268921 3.18092560768127
4 10 0.377632796764374 0.270495682954788 3.10271024703979
4 11 0.583419919013977 0.320585787296295 2.99735617637634
4 12 0.674242079257965 0.332444489002228 2.99686503410339
4 13 -0.110112741589546 -0.145480781793594 3.08302068710327
4 14 -0.156242340803146 -0.58584862947464 3.02367639541626
4 15 -0.153137519955635 -0.952390670776367 3.03957724571228
4 16 -0.155376434326172 -1.05805635452271 2.96112561225891
4 17 0.0478074476122856 -0.142708018422127 3.08297562599182
4 18 0.105012901127338 -0.576858520507813 2.99968671798706
4 19 0.0982714220881462 -0.95221734046936 3.02022862434387
4 20 0.105722330510616 -1.0484311580658 2.94721722602844
5 1 -0.0340065844357014 -0.0673756375908852 3.10315251350403
5 2 -0.0354881957173347 -0.00975523609668016 3.16666102409363
5 3 -0.050757110118866 0.357943564653397 3.20193767547607
5 4 -0.047692634165287 0.552888572216034 3.21233725547791
5 5 -0.213799774646759 0.223537549376488 3.18253064155579
5 6 -0.255715489387512 0.00847596768289804 3.13356614112854
5 7 -0.258845776319504 -0.229508608579636 3.01365852355957
5 8 -0.261469125747681 -0.324305474758148 2.96553564071655
5 9 0.137437298893929 0.257391065359116 3.18349075317383
5 10 0.386393785476685 0.271913588047028 3.10691332817078
5 11 0.584991097450256 0.320495992898941 3.00354838371277
5 12 0.680474996566772 0.33399099111557 3.00380754470825
5 13 -0.109940238296986 -0.1455217897892 3.0829074382782
5 14 -0.156334280967712 -0.586207032203674 3.02415251731873
5 15 -0.152589723467827 -0.956329166889191 3.04377579689026
5 16 -0.155540943145752 -1.05975079536438 2.95637702941895
5 17 0.0481375083327293 -0.142836511135101 3.08369302749634
5 18 0.105101771652699 -0.577172100543976 3.00024318695068
5 19 0.0987036228179932 -0.953005731105804 3.01995372772217
5 20 0.104090102016926 -1.05084848403931 2.95338916778564
6 1 -0.0329928360879421 -0.0670417174696922 3.10539317131042
6 2 -0.0346409231424332 -0.0096382275223732 3.16883754730225
6 3 -0.049801729619503 0.356840163469315 3.20372009277344
6 4 -0.0470428131520748 0.556641638278961 3.21535396575928
6 5 -0.214565694332123 0.223556533455849 3.18413519859314
6 6 -0.255074977874756 0.00717548234388232 3.13523626327515
6 7 -0.257298290729523 -0.227335378527641 3.01649808883667
6 8 -0.256135791540146 -0.32460629940033 2.97290229797363
6 9 0.137620165944099 0.257263749837875 3.18510961532593
6 10 0.391056895256042 0.272156536579132 3.11122989654541
6 11 0.585810959339142 0.319919943809509 3.00549793243408
6 12 0.690946161746979 0.341632574796677 3.01113939285278
6 13 -0.109276920557022 -0.145474702119827 3.08400416374207
6 14 -0.156357482075691 -0.585752487182617 3.02450203895569
6 15 -0.153196662664413 -0.956037402153015 3.04164052009583
6 16 -0.156079232692719 -1.05978226661682 2.96369409561157
6 17 0.0494910925626755 -0.142489731311798 3.08656644821167
6 18 0.105999737977982 -0.575943350791931 3.00339460372925
6 19 0.0987832099199295 -0.949080586433411 3.01869010925293
6 20 0.104807585477829 -1.04759645462036 2.94806146621704
7 1 -0.0328257381916046 -0.0671926140785217 3.10755372047424
7 2 -0.0345973558723927 -0.00966327078640461 3.17093229293823
7 3 -0.0500617064535618 0.356824487447739 3.20500898361206
7 4 -0.0476097278296947 0.555774092674255 3.21749949455261
7 5 -0.214984849095345 0.223471164703369 3.18637824058533
7 6 -0.253960967063904 0.00499384244903922 3.1388578414917
7 7 -0.256168156862259 -0.228650584816933 3.02068543434143
7 8 -0.252781957387924 -0.327746659517288 2.9814145565033
7 9 0.137467503547668 0.256656169891357 3.1876745223999
7 10 0.384992241859436 0.271774560213089 3.11450743675232
7 11 0.585877180099487 0.321257144212723 3.01391363143921
7 12 0.662014245986938 0.324155271053314 2.99448585510254
7 13 -0.109000816941261 -0.145741641521454 3.08621025085449
7 14 -0.15605354309082 -0.585309445858002 3.02539110183716
7 15 -0.152637049555779 -0.953768074512482 3.04009246826172
7 16 -0.157925292849541 -1.05797755718231 2.95656394958496
7 17 0.0496475882828236 -0.142909705638885 3.08985209465027
7 18 0.106543213129044 -0.577722191810608 3.00612545013428
7 19 0.0994922369718552 -0.95044481754303 3.02047491073608
7 20 0.104837968945503 -1.04993677139282 2.95191860198975
8 1 -0.0322337709367275 -0.0673600807785988 3.11074352264404
8 2 -0.0342597924172878 -0.00984069425612688 3.17432761192322
8 3 -0.0506095439195633 0.358286052942276 3.21012926101685
8 4 -0.048703845590353 0.553451895713806 3.21785140037537
8 5 -0.215035855770111 0.222620889544487 3.18752074241638
8 6 -0.251852214336395 -0.00522852642461658 3.14334034919739
8 7 -0.256722807884216 -0.228863433003426 3.02241683006287
8 8 -0.25288525223732 -0.327470749616623 2.98237085342407
8 9 0.137444347143173 0.256642252206802 3.18977904319763
8 10 0.392008423805237 0.274711310863495 3.11312222480774
8 11 0.586561620235443 0.321808785200119 3.01360678672791
8 12 0.671657502651215 0.341127187013626 3.00053310394287
8 13 -0.108354292809963 -0.145968109369278 3.08835864067078
8 14 -0.154610618948936 -0.585713088512421 3.02620148658752
8 15 -0.152416035532951 -0.955803155899048 3.04338216781616
8 16 -0.15466220676899 -1.05792355537415 2.96582889556885
8 17 0.0505405701696873 -0.142914727330208 3.09291052818298
8 18 0.106239311397076 -0.577332079410553 3.0077223777771
8 19 0.0984050557017326 -0.949750363826752 3.02051591873169
8 20 0.105755195021629 -1.04750430583954 2.94711494445801
9 1 -0.0323313102126122 -0.0674155727028847 3.11231279373169
9 2 -0.0346091017127037 -0.00992634333670139 3.1757960319519
9 3 -0.0513392053544521 0.35720482468605 3.21079635620117
9 4 -0.050059612840414 0.555180490016937 3.22058033943176
9 5 -0.21592552959919 0.221464455127716 3.18917560577393
9 6 -0.253409594297409 -0.00298939202912152 3.14208722114563
9 7 -0.255624622106552 -0.229315593838692 3.02392530441284
9 8 -0.251658380031586 -0.326273232698441 2.98430728912354
9 9 0.137531608343124 0.25651478767395 3.19277358055115
9 10 0.382202714681625 0.274470120668411 3.12199234962463
9 11 0.583565652370453 0.32455050945282 3.01207733154297
9 12 0.65808367729187 0.337372153997421 2.99148488044739
9 13 -0.108441144227982 -0.146540299057961 3.08995676040649
9 14 -0.154571816325188 -0.585654675960541 3.02664661407471
9 15 -0.152529940009117 -0.954918146133423 3.04301023483276
9 16 -0.153595820069313 -1.05555844306946 2.95985341072083
9 17 0.0505894124507904 -0.143114000558853 3.09443974494934
9 18 0.106484666466713 -0.576274335384369 3.00811839103699
9 19 0.0980005040764809 -0.948153495788574 3.02326536178589
9 20 0.10593743622303 -1.04705774784088 2.94551396369934
10 1 -0.032454926520586 -0.0676846951246262 3.11316180229187
10 2 -0.0347558036446571 -0.0103083932772279 3.17676568031311
10 3 -0.0520176328718662 0.356829434633255 3.21227264404297
10 4 -0.0507516600191593 0.553953588008881 3.2209575176239
10 5 -0.21623720228672 0.220864191651344 3.19070172309875
10 6 -0.254097998142242 -0.00197233236394823 3.14557099342346
10 7 -0.255879402160645 -0.227828145027161 3.0254054069519
10 8 -0.251931250095367 -0.326030164957047 2.98631453514099
10 9 0.137505680322647 0.256807655096054 3.19401669502258
10 10 0.385051518678665 0.275855392217636 3.1221387386322
10 11 0.582550287246704 0.326267749071121 3.01296758651733
10 12 0.658895194530487 0.331444501876831 2.99695372581482
10 13 -0.108510509133339 -0.14674012362957 3.09087657928467
10 14 -0.155299231410027 -0.585465967655182 3.02673006057739
10 15 -0.15272381901741 -0.95086395740509 3.04236769676209
10 16 -0.155580654740334 -1.05614161491394 2.96150183677673
10 17 0.0505846478044987 -0.143205136060715 3.09491610527039
10 18 0.106556825339794 -0.575852155685425 3.00856614112854
10 19 0.0987125039100647 -0.950072705745697 3.02093195915222
10 20 0.105296477675438 -1.0468602180481 2.94608592987061
11 1 -0.0324242822825909 -0.0678979754447937 3.11351728439331
11 2 -0.0347475819289684 -0.0103756925091147 3.17709112167358
11 3 -0.0520233549177647 0.356438636779785 3.21121692657471
11 4 -0.0502004735171795 0.554979085922241 3.2223744392395
11 5 -0.216071009635925 0.220452785491943 3.19049453735352
11 6 -0.252828985452652 -0.00863762851804495 3.1460964679718
11 7 -0.255457013845444 -0.226014107465744 3.02730131149292
11 8 -0.252352029085159 -0.324182629585266 2.98866963386536
11 9 0.137386754155159 0.256454318761826 3.1939013004303
11 10 0.403351068496704 0.279546141624451 3.10985946655273
11 11 0.58233767747879 0.326817333698273 3.01405763626099
11 12 0.655646145343781 0.333207070827484 2.98816394805908
11 13 -0.108581736683846 -0.146862894296646 3.09135675430298
11 14 -0.155471354722977 -0.584677398204803 3.0264253616333
11 15 -0.15399706363678 -0.945639848709106 3.0406928062439
11 16 -0.15324130654335 -1.05465424060822 2.95913004875183
11 17 0.0506575033068657 -0.1434186398983 3.09525799751282
11 18 0.10696055740118 -0.575815320014954 3.00879549980164
11 19 0.0985351055860519 -0.950383484363556 3.02028441429138
11 20 0.105897046625614 -1.04644894599915 2.94596791267395
12 1 -0.0324016772210598 -0.0679696500301361 3.11395001411438
12 2 -0.0347892232239246 -0.0104583613574505 3.17747926712036
12 3 -0.0524614416062832 0.355882942676544 3.21116757392883
12 4 -0.0507689006626606 0.555728912353516 3.22166752815247
12 5 -0.216209545731544 0.220524474978447 3.19078850746155
12 6 -0.253750264644623 -0.0055681187659502 3.14697551727295
12 7 -0.256652623414993 -0.228108152747154 3.02788591384888
12 8 -0.252621203660965 -0.325888335704803 2.98803281784058
12 9 0.13743931055069 0.256466060876846 3.19420790672302
12 10 0.385012328624725 0.274026423692703 3.12025332450867
12 11 0.579102516174316 0.324617445468903 3.01591014862061
12 12 0.66551148891449 0.338182508945465 3.00582671165466
12 13 -0.10852712392807 -0.146972551941872 3.09173178672791
12 14 -0.155547142028809 -0.586285352706909 3.02647829055786
12 15 -0.153094112873077 -0.954041063785553 3.04118251800537
12 16 -0.154659241437912 -1.05563044548035 2.95515966415405
12 17 0.0508189052343369 -0.14359575510025 3.09583878517151
12 18 0.106948599219322 -0.574867904186249 3.00886678695679
12 19 0.0979258269071579 -0.950923204421997 3.02179145812988
12 20 0.105648450553417 -1.04707336425781 2.94772028923035
13 1 -0.0326580666005611 -0.0680415034294128 3.11408042907715
13 2 -0.0350997932255268 -0.0105528170242906 3.17768311500549
13 3 -0.0528458580374718 0.356241673231125 3.21219611167908
13 4 -0.0493343695998192 0.555596113204956 3.22258973121643
13 5 -0.21679762005806 0.220303952693939 3.19124269485474
13 6 -0.254176378250122 -0.00647543091326952 3.14646625518799
13 7 -0.257199794054031 -0.227947592735291 3.02849841117859
13 8 -0.25316047668457 -0.325535327196121 2.98857188224792
13 9 0.136918127536774 0.255572408437729 3.19464898109436
13 10 0.404177725315094 0.27973273396492 3.11232614517212
13 11 0.582136571407318 0.325531721115112 3.0133695602417
13 12 0.656769931316376 0.331526011228561 2.99154090881348
13 13 -0.108819484710693 -0.147104606032372 3.0919303894043
13 14 -0.155870258808136 -0.585984826087952 3.02630376815796
13 15 -0.152251169085503 -0.955108940601349 3.04291200637817
13 16 -0.155184090137482 -1.05883693695068 2.96220302581787
13 17 0.0506764315068722 -0.143653556704521 3.09567880630493
13 18 0.106397025287151 -0.574259340763092 3.00795555114746
13 19 0.0975599884986877 -0.955491006374359 3.01880073547363
13 20 0.108321562409401 -1.04890310764313 2.95074605941772
14 1 -0.0327626392245293 -0.068310335278511 3.11378455162048
14 2 -0.0353281199932098 -0.010612434707582 3.17735815048218
14 3 -0.0533803068101406 0.355515509843826 3.2102484703064
14 4 -0.0491544529795647 0.55331963300705 3.22128844261169
14 5 -0.216439843177795 0.220228165388107 3.19048094749451
14 6 -0.252664566040039 -0.0105858398601413 3.14486908912659
14 7 -0.258144021034241 -0.229539185762405 3.02734446525574
14 8 -0.252825200557709 -0.326111704111099 2.98578310012817
14 9 0.136818736791611 0.255504161119461 3.19440627098084
14 10 0.392327398061752 0.276569604873657 3.11755228042603
14 11 0.581554532051086 0.325327277183533 3.01479148864746
14 12 0.658462047576904 0.336517810821533 3.00574684143066
14 13 -0.108777172863483 -0.147431492805481 3.09128832817078
14 14 -0.155758649110794 -0.586755037307739 3.02682113647461
14 15 -0.152825385332108 -0.954935073852539 3.04233741760254
14 16 -0.155402049422264 -1.05828785896301 2.95896601676941
14 17 0.0504911877214909 -0.143823519349098 3.09556818008423
14 18 0.106299556791782 -0.574320733547211 3.00804281234741
14 19 0.099689818918705 -0.954046964645386 3.02151274681091
14 20 0.105367705225945 -1.05005168914795 2.95341324806213
15 1 -0.0328409820795059 -0.0684475302696228 3.11368441581726
15 2 -0.0353883802890778 -0.0108303688466549 3.17728352546692
15 3 -0.0531249009072781 0.355839997529984 3.21097731590271
15 4 -0.0489333458244801 0.553290009498596 3.21993494033813
15 5 -0.216409385204315 0.220736294984818 3.19073367118835
15 6 -0.25489404797554 -0.000568065675906837 3.14874053001404
15 7 -0.257615298032761 -0.228995263576508 3.0273232460022
15 8 -0.253301203250885 -0.326148450374603 2.98743844032288
15 9 0.137278541922569 0.255308449268341 3.19428491592407
15 10 0.40549772977829 0.281342476606369 3.11111092567444
15 11 0.584649205207825 0.325908184051514 3.01174807548523
15 12 0.660457730293274 0.337157368659973 2.99900937080383
15 13 -0.108766779303551 -0.147489011287689 3.09096527099609
15 14 -0.155991435050964 -0.587440967559814 3.02725863456726
15 15 -0.15411651134491 -0.950457632541656 3.04041910171509
15 16 -0.15596441924572 -1.0590215921402 2.95758414268494
15 17 0.0503874570131302 -0.144004121422768 3.09554672241211
15 18 0.106196522712708 -0.576031565666199 3.0077600479126
15 19 0.0984758734703064 -0.952520668506622 3.02020716667175
15 20 0.105830073356628 -1.05077862739563 2.95158958435059
16 1 -0.032893642783165 -0.0685179159045219 3.11371636390686
16 2 -0.0355086997151375 -0.01099116448313 3.17734384536743
16 3 -0.052563514560461 0.355522453784943 3.21169352531433
16 4 -0.0482677668333054 0.554659068584442 3.21994471549988
16 5 -0.21584290266037 0.220978826284409 3.19032168388367
16 6 -0.254958152770996 -0.00463199475780129 3.14693689346313
16 7 -0.257358133792877 -0.230020225048065 3.02782464027405
16 8 -0.253101110458374 -0.326972514390945 2.98828673362732
16 9 0.137246251106262 0.255056321620941 3.19466423988342
16 10 0.379379004240036 0.275415122509003 3.11911940574646
16 11 0.583668947219849 0.324901551008224 3.01487755775452
16 12 0.672560572624207 0.340491712093353 3.00319600105286
16 13 -0.108914248645306 -0.1473328769207 3.090824842453
16 14 -0.155496433377266 -0.585451602935791 3.02735757827759
16 15 -0.153302878141403 -0.948704898357391 3.0425922870636
16 16 -0.154072389006615 -1.05592787265778 2.96088290214539
16 17 0.0502571240067482 -0.144128903746605 3.09576559066772
16 18 0.106376357376575 -0.575742781162262 3.00803279876709
16 19 0.0996375679969788 -0.951452553272247 3.02134585380554
16 20 0.105603210628033 -1.05042743682861 2.95132994651794
17 1 -0.0330793149769306 -0.0690761357545853 3.11381196975708
17 2 -0.0356679037213326 -0.0115668689832091 3.1775369644165
17 3 -0.0524943992495537 0.355011969804764 3.21234488487244
17 4 -0.0490518063306808 0.554302632808685 3.2209300994873
17 5 -0.215686708688736 0.21908912062645 3.1892991065979
17 6 -0.251831650733948 -0.0112219229340553 3.1475932598114
17 7 -0.256756335496902 -0.228162467479706 3.0288941860199
17 8 -0.253315329551697 -0.324073731899261 2.98772478103638
17 9 0.137102067470551 0.254779696464539 3.19446039199829
17 10 0.402278602123261 0.280146777629852 3.11599969863892
17 11 0.582533180713654 0.325361430644989 3.01381921768188
17 12 0.633013367652893 0.329981327056885 2.99910378456116
17 13 -0.109060235321522 -0.147885128855705 3.09085059165955
17 14 -0.155732467770576 -0.584341287612915 3.02690720558167
17 15 -0.153263837099075 -0.950079023838043 3.04178214073181
17 16 -0.156511843204498 -1.05643749237061 2.9649965763092
17 17 0.049889475107193 -0.144615456461906 3.09585809707642
17 18 0.105806604027748 -0.574086964130402 3.00895071029663
17 19 0.0986676290631294 -0.95314610004425 3.01793003082275
17 20 0.105314254760742 -1.0487904548645 2.94716501235962
18 1 -0.0329347550868988 -0.0692800953984261 3.11408090591431
18 2 -0.035609133541584 -0.0119739901274443 3.17785048484802
18 3 -0.0530635863542557 0.35439395904541 3.21360182762146
18 4 -0.0489347204566002 0.552207350730896 3.2213888168335
18 5 -0.215951219201088 0.218197137117386 3.18961501121521
18 6 -0.25140106678009 -0.0149652166292071 3.1477632522583
18 7 -0.256487309932709 -0.2260522544384 3.03046751022339
18 8 -0.252618759870529 -0.321847021579742 2.98922777175903
18 9 0.136711165308952 0.254969239234924 3.19492816925049
18 10 0.385148704051971 0.274656593799591 3.12254595756531
18 11 0.582916855812073 0.325758785009384 3.01313495635986
18 12 0.661244213581085 0.340898931026459 3.00097107887268
18 13 -0.108781442046165 -0.148371398448944 3.09122467041016
18 14 -0.155519530177116 -0.585459113121033 3.02799463272095
18 15 -0.153415679931641 -0.950909197330475 3.04134821891785
18 16 -0.156637668609619 -1.05678403377533 2.95931005477905
18 17 0.0501342788338661 -0.144833326339722 3.09609436988831
18 18 0.105672806501389 -0.575421035289764 3.00906562805176
18 19 0.0986290872097015 -0.952398598194122 3.01792073249817
18 20 0.105493009090424 -1.04902029037476 2.94796895980835
19 1 -0.0330818183720112 -0.0694269835948944 3.11467790603638
19 2 -0.0354980304837227 -0.0122118312865496 3.17856049537659
19 3 -0.0506389960646629 0.355675876140594 3.21644449234009
19 4 -0.0487928576767445 0.550921678543091 3.22007942199707
19 5 -0.215495243668556 0.219301819801331 3.19134426116943
19 6 -0.251331180334091 -0.0134674422442913 3.14738512039185
19 7 -0.257117688655853 -0.226683005690575 3.03083992004395
19 8 -0.253518342971802 -0.322548657655716 2.99022436141968
19 9 0.136908873915672 0.255191802978516 3.19618320465088
19 10 0.380271792411804 0.272422164678574 3.12846994400024
19 11 0.581729471683502 0.322621792554855 3.0135350227356
19 12 0.683863282203674 0.343120783567429 3.01466464996338
19 13 -0.109005942940712 -0.148075446486473 3.09177589416504
19 14 -0.15589240193367 -0.585547149181366 3.02767276763916
19 15 -0.153258100152016 -0.951445400714874 3.04198861122131
19 16 -0.156720653176308 -1.05837154388428 2.96536445617676
19 17 0.0497322753071785 -0.14489021897316 3.0966362953186
19 18 0.105516880750656 -0.574357688426971 3.00893068313599
19 19 0.0986970067024231 -0.949748516082764 3.01905989646912
19 20 0.106256633996964 -1.04790079593658 2.94901180267334
20 1 -0.0324369296431541 -0.0694357976317406 3.11606335639954
20 2 -0.0352752692997456 -0.0122437067329884 3.1798357963562
20 3 -0.0515703186392784 0.354854613542557 3.21664977073669
20 4 -0.0466062612831593 0.550232648849487 3.22089672088623
20 5 -0.215123653411865 0.219726771116257 3.19209003448486
20 6 -0.254468113183975 -0.00465892301872373 3.14958548545837
20 7 -0.257632404565811 -0.226798459887505 3.032466173172
20 8 -0.255030602216721 -0.32410717010498 2.99443221092224
20 9 0.137130573391914 0.254734605550766 3.19815397262573
20 10 0.381625980138779 0.272524178028107 3.12720036506653
20 11 0.584494531154633 0.321991145610809 3.01488637924194
20 12 0.686543464660645 0.343445986509323 3.02181816101074
20 13 -0.108384646475315 -0.148111820220947 3.09302806854248
20 14 -0.155728101730347 -0.585389673709869 3.02744817733765
20 15 -0.152802512049675 -0.95197606086731 3.04086875915527
20 16 -0.15439547598362 -1.05486822128296 2.95491194725037
20 17 0.0507038310170174 -0.14468115568161 3.09853196144104
20 18 0.105563379824162 -0.573764204978943 3.00911474227905
20 19 0.098863311111927 -0.949790775775909 3.01988434791565
20 20 0.105523593723774 -1.04809808731079 2.94996762275696
