1 1 -0.0456017293035984 -0.132965743541718 3.1514310836792
1 2 -0.0511646382510662 -0.0824842751026154 3.21289825439453
1 3 -0.0729774534702301 0.254705369472504 3.25306415557861
1 4 -0.0917576998472214 0.455521106719971 3.25468611717224
1 5 -0.249748885631561 0.126350253820419 3.22599291801453
1 6 -0.270069748163223 -0.123686522245407 3.16889357566834
1 7 -0.254426747560501 -0.315809220075607 3.06859588623047
1 8 -0.245043203234673 -0.373171240091324 3.04690885543823
1 9 0.134826526045799 0.189482972025871 3.25264406204224
1 10 0.369794905185699 0.256385087966919 3.14788699150085
1 11 0.586418867111206 0.315228193998337 3.03795528411865
1 12 0.654282927513123 0.324935436248779 3.02263402938843
1 13 -0.126710996031761 -0.225075259804726 3.12480998039246
1 14 -0.126815721392632 -0.68830406665802 3.11950874328613
1 15 -0.125285774469376 -1.0241973400116 3.05695104598999
1 16 -0.158848494291306 -1.07448768615723 2.99822425842285
1 17 0.0477156080305576 -0.209041997790337 3.12853026390076
1 18 0.0357518419623375 -0.677139341831207 3.09633946418762
1 19 0.0144091490656137 -1.00799298286438 3.04221749305725
1 20 0.0513340048491955 -1.05413699150085 2.9693865776062
2 1 -0.045987494289875 -0.132428482174873 3.15076017379761
2 2 -0.051572248339653 -0.0816636756062508 3.21194124221802
2 3 -0.0744514688849449 0.253739267587662 3.24860405921936
2 4 -0.0901982560753822 0.454640805721283 3.25201559066772
2 5 -0.25112584233284 0.126074805855751 3.22761678695679
2 6 -0.270824402570724 -0.119347281754017 3.17072677612305
2 7 -0.255166292190552 -0.311775952577591 3.07089424133301
2 8 -0.246636405587196 -0.363585591316223 3.04904413223267
2 9 0.136011078953743 0.18885038793087 3.2527072429657
2 10 0.376918315887451 0.254137217998505 3.14946055412292
2 11 0.57069456577301 0.309406906366348 3.04477882385254
2 12 0.633066654205322 0.319006204605103 3.02551531791687
2 13 -0.127100005745888 -0.224861919879913 3.12491798400879
2 14 -0.127193212509155 -0.687767505645752 3.11947798728943
2 15 -0.125717326998711 -1.0224906206131 3.05738711357117
2 16 -0.159250199794769 -1.07143640518188 3.00052881240845
2 17 0.0477354452013969 -0.208930015563965 3.12707591056824
2 18 0.0337067022919655 -0.678000628948212 3.09346961975098
2 19 0.014929136261344 -1.00617563724518 3.03863167762756
2 20 0.051555085927248 -1.05131506919861 2.96473431587219
3 1 -0.0456135980784893 -0.131731390953064 3.14978671073914
3 2 -0.0512173101305962 -0.0805845484137535 3.21063733100891
3 3 -0.0744633376598358 0.254921227693558 3.2446711063385
3 4 -0.090818852186203 0.453899770975113 3.25077176094055
3 5 -0.251398235559464 0.125807374715805 3.22746157646179
3 6 -0.271529674530029 -0.116003297269344 3.17200589179993
3 7 -0.254840910434723 -0.308695405721664 3.07236051559448
3 8 -0.242317870259285 -0.377985268831253 3.04511523246765
3 9 0.136139243841171 0.18932569026947 3.25244665145874
3 10 0.367713689804077 0.258835166692734 3.14713788032532
3 11 0.569081425666809 0.312931478023529 3.04326987266541
3 12 0.647236168384552 0.324412941932678 3.02308559417725
3 13 -0.127029865980148 -0.224726915359497 3.12473392486572
3 14 -0.127148792147636 -0.687232971191406 3.11868286132813
3 15 -0.126457452774048 -1.02177488803864 3.05592131614685
3 16 -0.158246040344238 -1.07231223583221 3.00477504730225
3 17 0.0483583062887192 -0.208258867263794 3.12599921226501
3 18 0.033166415989399 -0.677999138832092 3.09279584884644
3 19 0.015820536762476 -1.00849568843842 3.03503561019897
3 20 0.0520497523248196 -1.05282366275787 2.96561527252197
4 1 -0.045784879475832 -0.131892487406731 3.14938521385193
4 2 -0.0514321215450764 -0.0807065665721893 3.21007585525513
4 3 -0.0732801929116249 0.25552225112915 3.24415493011475
4 4 -0.0916222706437111 0.451658248901367 3.24930000305176
4 5 -0.250988036394119 0.126024499535561 3.22676110267639
4 6 -0.270904421806335 -0.121236383914948 3.17066264152527
4 7 -0.254457771778107 -0.314587444067001 3.07243967056274
4 8 -0.247417435050011 -0.364162564277649 3.05133771896362
4 9 0.136228144168854 0.189530938863754 3.25212693214417
4 10 0.362952679395676 0.259304970502853 3.14480710029602
4 11 0.580326795578003 0.314218044281006 3.03731417655945
4 12 0.654523193836212 0.324322104454041 3.01835942268372
4 13 -0.126971662044525 -0.224794775247574 3.12438082695007
4 14 -0.126900628209114 -0.684110522270203 3.11794233322144
4 15 -0.125643819570541 -1.02069354057312 3.056391954422
4 16 -0.162011876702309 -1.07032942771912 3.0065279006958
4 17 0.0479575172066689 -0.208653479814529 3.12589359283447
4 18 0.0348187312483788 -0.675538122653961 3.09091925621033
4 19 0.0150169897824526 -1.00629651546478 3.03728485107422
4 20 0.052178118377924 -1.05286598205566 2.96438074111938
5 1 -0.0461336225271225 -0.13201417028904 3.14917159080505
5 2 -0.0514285713434219 -0.0813538730144501 3.20992755889893
5 3 -0.0732085332274437 0.253831028938293 3.24724078178406
5 4 -0.0915418565273285 0.449935615062714 3.24874830245972
5 5 -0.252063393592834 0.124489866197109 3.22712564468384
5 6 -0.271270573139191 -0.121186278760433 3.17098999023438
5 7 -0.255422353744507 -0.313288539648056 3.0695960521698
5 8 -0.245391547679901 -0.37766894698143 3.04911708831787
5 9 0.136181458830833 0.190189227461815 3.25189995765686
5 10 0.365593165159225 0.256664037704468 3.14590430259705
5 11 0.581691265106201 0.310480326414108 3.03741908073425
5 12 0.656638860702515 0.321984142065048 3.01790571212769
5 13 -0.127469927072525 -0.225121021270752 3.12455701828003
5 14 -0.127471059560776 -0.6851407289505 3.11710214614868
5 15 -0.125245317816734 -1.02065980434418 3.05528211593628
5 16 -0.163040816783905 -1.07174408435822 3.00646734237671
5 17 0.0471827685832977 -0.208866819739342 3.12469029426575
5 18 0.0346955619752407 -0.676296353340149 3.09128570556641
5 19 0.0181851405650377 -1.00354850292206 3.03569364547729
5 20 0.0492891445755959 -1.0525016784668 2.96377778053284
6 1 -0.0461100079119205 -0.131826102733612 3.14866018295288
6 2 -0.0517274886369705 -0.0805721133947372 3.20930242538452
6 3 -0.075864851474762 0.255944907665253 3.24312543869019
6 4 -0.0910967439413071 0.452255487442017 3.24928140640259
6 5 -0.251912027597427 0.125896736979485 3.22680425643921
6 6 -0.272527426481247 -0.120451912283897 3.16987752914429
6 7 -0.255373656749725 -0.313639372587204 3.07057666778564
6 8 -0.244064226746559 -0.398098587989807 3.03595471382141
6 9 0.135206758975983 0.190427631139755 3.25176668167114
6 10 0.378453820943832 0.256497234106064 3.14705657958984
6 11 0.577959179878235 0.310575246810913 3.03662776947021
6 12 0.636833429336548 0.320297956466675 3.02118325233459
6 13 -0.127297192811966 -0.224842637777328 3.12439036369324
6 14 -0.127470269799232 -0.686566531658173 3.11711883544922
6 15 -0.124961026012897 -1.02140688896179 3.05457043647766
6 16 -0.161695837974548 -1.07125008106232 3.00345683097839
6 17 0.0474620833992958 -0.208434507250786 3.12409281730652
6 18 0.0348795466125011 -0.676950633525848 3.09094333648682
6 19 0.0140871088951826 -1.00741481781006 3.03590440750122
6 20 0.0527877658605576 -1.05427885055542 2.96297836303711
7 1 -0.0466599129140377 -0.131688430905342 3.148118019104
7 2 -0.052386250346899 -0.0803993940353394 3.20857429504395
7 3 -0.075933463871479 0.25504133105278 3.24131035804749
7 4 -0.0943277552723885 0.450656324625015 3.24767732620239
7 5 -0.253182858228683 0.125691413879395 3.2267107963562
7 6 -0.274009704589844 -0.115246772766113 3.17006993293762
7 7 -0.256295502185822 -0.309185236692429 3.07384777069092
7 8 -0.253445595502853 -0.361857354640961 3.05251669883728
7 9 0.133941039443016 0.191489636898041 3.25207710266113
7 10 0.344358444213867 0.25708881020546 3.15078163146973
7 11 0.57602721452713 0.31110018491745 3.0310275554657
7 12 0.64830756187439 0.319934576749802 3.01665759086609
7 13 -0.127709209918976 -0.224837526679039 3.12400054931641
7 14 -0.1279466599226 -0.68565034866333 3.11688709259033
7 15 -0.126785695552826 -1.0238231420517 3.0538432598114
7 16 -0.15930250287056 -1.07222998142242 3.00218677520752
7 17 0.0469409637153149 -0.208453044295311 3.12382626533508
7 18 0.0339851006865501 -0.677209198474884 3.09038925170898
7 19 0.014956247061491 -1.00664031505585 3.03516292572021
7 20 0.0507484301924706 -1.05348241329193 2.9648494720459
8 1 -0.0472103357315063 -0.131649613380432 3.14779901504517
8 2 -0.0528315454721451 -0.0803910195827484 3.20825004577637
8 3 -0.0759092196822166 0.255241960287094 3.2414698600769
8 4 -0.0968427136540413 0.452845364809036 3.25051808357239
8 5 -0.254191547632217 0.125398084521294 3.22632622718811
8 6 -0.274139046669006 -0.114397317171097 3.16929459571838
8 7 -0.256333380937576 -0.308252781629562 3.07300066947937
8 8 -0.247236013412476 -0.37584400177002 3.04581499099731
8 9 0.133120074868202 0.191691264510155 3.25150299072266
8 10 0.371539741754532 0.256946563720703 3.14365243911743
8 11 0.568526983261108 0.311247259378433 3.04122447967529
8 12 0.627384901046753 0.321968704462051 3.01993441581726
8 13 -0.128271177411079 -0.224915072321892 3.12417840957642
8 14 -0.127827122807503 -0.685909330844879 3.11685299873352
8 15 -0.126175686717033 -1.02367496490479 3.05373954772949
8 16 -0.157588988542557 -1.07231462001801 2.9995551109314
8 17 0.0462687723338604 -0.208274945616722 3.12330508232117
8 18 0.0335581339895725 -0.677739799022675 3.09025239944458
8 19 0.01486661657691 -1.00542891025543 3.03587698936462
8 20 0.0518977604806423 -1.05381953716278 2.96624302864075
9 1 -0.0475621670484543 -0.131319299340248 3.14737439155579
9 2 -0.0531585961580276 -0.0800596624612808 3.20784068107605
9 3 -0.0753162652254105 0.256334364414215 3.24177646636963
9 4 -0.0987594649195671 0.453100144863129 3.2503707408905
9 5 -0.255002319812775 0.125147834420204 3.22571277618408
9 6 -0.274236053228378 -0.114439517259598 3.16894459724426
9 7 -0.256979495286942 -0.307972878217697 3.07317018508911
9 8 -0.24560672044754 -0.391642153263092 3.03891444206238
9 9 0.131662234663963 0.193016231060028 3.25103521347046
9 10 0.344418227672577 0.257309108972549 3.14414525032043
9 11 0.571992874145508 0.313475102186203 3.04170846939087
9 12 0.635868728160858 0.32303774356842 3.02075624465942
9 13 -0.128537178039551 -0.224833801388741 3.12433815002441
9 14 -0.127785444259644 -0.684731125831604 3.11708164215088
9 15 -0.126361653208733 -1.02341723442078 3.05310320854187
9 16 -0.157569408416748 -1.07138848304749 2.99918460845947
9 17 0.0459370128810406 -0.207494363188744 3.12233400344849
9 18 0.0340010188519955 -0.676286935806274 3.08967065811157
9 19 0.0188457015901804 -1.0053231716156 3.03572583198547
9 20 0.0511630177497864 -1.05223155021667 2.96593952178955
10 1 -0.0482510626316071 -0.131123140454292 3.14683151245117
10 2 -0.0537560656666756 -0.0798344835639 3.20732021331787
10 3 -0.0775491073727608 0.256180584430695 3.24117136001587
10 4 -0.099491149187088 0.452989488840103 3.24866080284119
10 5 -0.256399899721146 0.124924652278423 3.22551679611206
10 6 -0.274737656116486 -0.113724865019321 3.16848015785217
10 7 -0.25766122341156 -0.307819217443466 3.07324719429016
10 8 -0.243808791041374 -0.391654491424561 3.03839325904846
10 9 0.130114078521729 0.193507075309753 3.2503502368927
10 10 0.344291120767593 0.254035323858261 3.14953756332397
10 11 0.580456554889679 0.316452860832214 3.03306174278259
10 12 0.654532194137573 0.323824435472488 3.01993227005005
10 13 -0.129099324345589 -0.224687993526459 3.12421560287476
10 14 -0.128598362207413 -0.684400916099548 3.11628532409668
10 15 -0.125784635543823 -1.02187657356262 3.0535945892334
10 16 -0.159545466303825 -1.07186627388 2.99663472175598
10 17 0.0451350025832653 -0.207070171833038 3.12143564224243
10 18 0.0339386239647865 -0.676317930221558 3.08978462219238
10 19 0.0186618827283382 -1.00556135177612 3.03557324409485
10 20 0.0514980740845203 -1.05039846897125 2.96405935287476
11 1 -0.048520416021347 -0.131080016493797 3.14673829078674
11 2 -0.0542033314704895 -0.0798578485846519 3.20713686943054
11 3 -0.0797081589698792 0.256079405546188 3.2415566444397
11 4 -0.100536473095417 0.452759116888046 3.25046277046204
11 5 -0.257077366113663 0.124103635549545 3.22479128837585
11 6 -0.273436963558197 -0.117480605840683 3.16795134544373
11 7 -0.257680088281631 -0.311486601829529 3.07259106636047
11 8 -0.242472589015961 -0.394919455051422 3.03757834434509
11 9 0.129745066165924 0.193873018026352 3.25026798248291
11 10 0.340332329273224 0.253907203674316 3.14651966094971
11 11 0.582320988178253 0.315970957279205 3.03101372718811
11 12 0.628087520599365 0.324979245662689 3.01680850982666
11 13 -0.129319503903389 -0.224866539239883 3.12429237365723
11 14 -0.1284469217062 -0.686057925224304 3.11665844917297
11 15 -0.124861270189285 -1.02338051795959 3.05287075042725
11 16 -0.159771829843521 -1.07322359085083 2.99646544456482
11 17 0.0451629757881165 -0.206907138228416 3.12144589424133
11 18 0.0345053970813751 -0.675350368022919 3.08989810943604
11 19 0.0226028431206942 -1.00455284118652 3.03664541244507
11 20 0.0515073947608471 -1.05143845081329 2.96380162239075
12 1 -0.048825491219759 -0.130608916282654 3.14666414260864
12 2 -0.0544169954955578 -0.0793743580579758 3.20704364776611
12 3 -0.0799731612205505 0.255956947803497 3.24096918106079
12 4 -0.101396009325981 0.4536112844944 3.25393724441528
12 5 -0.25828954577446 0.124069809913635 3.22610449790955
12 6 -0.275008410215378 -0.113183602690697 3.16796827316284
12 7 -0.258089125156403 -0.30765825510025 3.07462501525879
12 8 -0.245434448122978 -0.39135667681694 3.03843402862549
12 9 0.129332214593887 0.194349601864815 3.25010347366333
12 10 0.342766880989075 0.255444228649139 3.15176868438721
12 11 0.58248108625412 0.316240042448044 3.03293371200562
12 12 0.650840818881989 0.324374884366989 3.01992535591125
12 13 -0.129595547914505 -0.224650159478188 3.12438368797302
12 14 -0.12792307138443 -0.686759471893311 3.11601972579956
12 15 -0.128366559743881 -1.02388644218445 3.05441045761108
12 16 -0.159943461418152 -1.07409179210663 2.99825286865234
12 17 0.0451471656560898 -0.206515476107597 3.12131142616272
12 18 0.0336959920823574 -0.676223993301392 3.08983659744263
12 19 0.0210379306226969 -1.00598883628845 3.03567409515381
12 20 0.0460844822227955 -1.05255603790283 2.96929097175598
13 1 -0.0490584038197994 -0.130637586116791 3.14662504196167
13 2 -0.0547392331063747 -0.0795055851340294 3.20702600479126
13 3 -0.0793050229549408 0.254680156707764 3.24062085151672
13 4 -0.101109370589256 0.453325659036636 3.25063467025757
13 5 -0.258252412080765 0.124939575791359 3.22516202926636
13 6 -0.275495171546936 -0.111525483429432 3.16771745681763
13 7 -0.258477181196213 -0.30593478679657 3.07448983192444
13 8 -0.245632737874985 -0.391024947166443 3.04024314880371
13 9 0.129019930958748 0.194822400808334 3.24971342086792
13 10 0.356760412454605 0.262356996536255 3.14324498176575
13 11 0.578005850315094 0.315895795822144 3.03816342353821
13 12 0.648455739021301 0.325424194335938 3.01836657524109
13 13 -0.129766762256622 -0.2246955037117 3.12440061569214
13 14 -0.128534317016602 -0.687131285667419 3.1161482334137
13 15 -0.128211140632629 -1.02409601211548 3.05569338798523
13 16 -0.157651782035828 -1.07286024093628 2.99666142463684
13 17 0.0448714420199394 -0.206453114748001 3.12124800682068
13 18 0.0329838991165161 -0.67716383934021 3.08961701393127
13 19 0.0216062068939209 -1.0054817199707 3.03688073158264
13 20 0.0493427328765392 -1.05256080627441 2.96704435348511
14 1 -0.048985380679369 -0.13062396645546 3.14674019813538
14 2 -0.0543574467301369 -0.0796538069844246 3.2072274684906
14 3 -0.0785591453313828 0.2564857006073 3.24328136444092
14 4 -0.102613300085068 0.454071879386902 3.25068068504334
14 5 -0.258452326059341 0.125045999884605 3.22548961639404
14 6 -0.275797069072723 -0.110017739236355 3.16767716407776
14 7 -0.258684694766998 -0.304605215787888 3.07493162155151
14 8 -0.248029440641403 -0.363313287496567 3.04867219924927
14 9 0.128162249922752 0.194984063506126 3.24839448928833
14 10 0.359879016876221 0.264132618904114 3.13937163352966
14 11 0.573179721832275 0.314918339252472 3.03655242919922
14 12 0.651268422603607 0.325874865055084 3.01646065711975
14 13 -0.129774644970894 -0.224623277783394 3.12428212165833
14 14 -0.12956614792347 -0.686633348464966 3.11628389358521
14 15 -0.12831349670887 -1.02427327632904 3.05557703971863
14 16 -0.157517433166504 -1.07242071628571 2.99922633171082
14 17 0.0448742359876633 -0.206416770815849 3.12170076370239
14 18 0.0351968668401241 -0.675432801246643 3.09066915512085
14 19 0.0172925367951393 -1.00655221939087 3.03860306739807
14 20 0.0491346940398216 -1.05315506458282 2.97004747390747
15 1 -0.0492106415331364 -0.13102513551712 3.14734864234924
15 2 -0.0545091554522514 -0.0804113075137138 3.20845150947571
15 3 -0.0784939154982567 0.256668448448181 3.24775552749634
15 4 -0.103522695600986 0.454364806413651 3.25078105926514
15 5 -0.258340120315552 0.12557265162468 3.22463297843933
15 6 -0.276117354631424 -0.108793579041958 3.1679527759552
15 7 -0.258630931377411 -0.303309798240662 3.07504463195801
15 8 -0.24630543589592 -0.388823121786118 3.0411581993103
15 9 0.127389952540398 0.19473198056221 3.24729537963867
15 10 0.352041006088257 0.259663730859756 3.13949227333069
15 11 0.572847485542297 0.316881000995636 3.031818151474
15 12 0.631163477897644 0.327278792858124 3.00617218017578
15 13 -0.129913866519928 -0.22463646531105 3.12371110916138
15 14 -0.129025846719742 -0.684186577796936 3.11589908599854
15 15 -0.126285389065742 -1.02351927757263 3.05628991127014
15 16 -0.162490144371986 -1.07362878322601 3.00187039375305
15 17 0.0444369986653328 -0.206741571426392 3.12279415130615
15 18 0.035611018538475 -0.674397349357605 3.09101986885071
15 19 0.0164753422141075 -1.00870800018311 3.04085850715637
15 20 0.0519176758825779 -1.05411529541016 2.96570658683777
16 1 -0.0493908561766148 -0.131424784660339 3.14754033088684
16 2 -0.0547476559877396 -0.0808267518877983 3.20873594284058
16 3 -0.0800557881593704 0.255611300468445 3.24762344360352
16 4 -0.104832105338573 0.45463040471077 3.24845409393311
16 5 -0.258443534374237 0.12476359307766 3.22376251220703
16 6 -0.276606380939484 -0.10904623568058 3.16714644432068
16 7 -0.259299874305725 -0.303280115127563 3.07391905784607
16 8 -0.247408717870712 -0.389468133449554 3.0404736995697
16 9 0.126929312944412 0.194814741611481 3.24693393707275
16 10 0.35905322432518 0.260077118873596 3.13509011268616
16 11 0.57830536365509 0.319514483213425 3.03163766860962
16 12 0.647248387336731 0.327705562114716 3.01307153701782
16 13 -0.129991367459297 -0.224805533885956 3.12350487709045
16 14 -0.128706857562065 -0.682399749755859 3.11546802520752
16 15 -0.125618398189545 -1.02217125892639 3.05626773834229
16 16 -0.161570370197296 -1.07169306278229 3.01182651519775
16 17 0.0443061888217926 -0.207117110490799 3.12325477600098
16 18 0.0368140861392021 -0.673703134059906 3.09069776535034
16 19 0.0207027047872543 -1.00355446338654 3.04196786880493
16 20 0.0515495575964451 -1.05138969421387 2.96851301193237
17 1 -0.0495753698050976 -0.131483420729637 3.14742541313171
17 2 -0.0547602660953999 -0.0805689319968224 3.20864224433899
17 3 -0.0791963860392571 0.258096009492874 3.24716711044312
17 4 -0.103338629007339 0.455837428569794 3.25071597099304
17 5 -0.258512616157532 0.124588370323181 3.22296142578125
17 6 -0.27739292383194 -0.108431674540043 3.16737627983093
17 7 -0.259084582328796 -0.302269607782364 3.07386088371277
17 8 -0.246647089719772 -0.388181775808334 3.03975558280945
17 9 0.126582816243172 0.194955974817276 3.2450840473175
17 10 0.345707416534424 0.259490758180618 3.14171981811523
17 11 0.574381470680237 0.317373603582382 3.02821969985962
17 12 0.634523093700409 0.32826167345047 3.01090049743652
17 13 -0.130334138870239 -0.224749162793159 3.12299656867981
17 14 -0.129176929593086 -0.681525528430939 3.11517763137817
17 15 -0.125929325819016 -1.02380645275116 3.05576658248901
17 16 -0.163934126496315 -1.0736358165741 3.00737690925598
17 17 0.0440500527620316 -0.207230120897293 3.12330150604248
17 18 0.0369610413908958 -0.67305600643158 3.09122586250305
17 19 0.0206060465425253 -1.00465941429138 3.0429151058197
17 20 0.050878182053566 -1.05210947990417 2.96945691108704
18 1 -0.0497705601155758 -0.131651937961578 3.14724206924438
18 2 -0.0550874806940556 -0.0803189873695374 3.20839715003967
18 3 -0.0795142650604248 0.259381353855133 3.24522042274475
18 4 -0.104212909936905 0.456527054309845 3.24842381477356
18 5 -0.258475661277771 0.12508724629879 3.22216486930847
18 6 -0.277002394199371 -0.108632773160934 3.16637659072876
18 7 -0.259462356567383 -0.30214786529541 3.07293558120728
18 8 -0.247602850198746 -0.387969404459 3.03835320472717
18 9 0.126560166478157 0.194884419441223 3.24471807479858
18 10 0.338814526796341 0.257466971874237 3.1454701423645
18 11 0.569301605224609 0.317431271076202 3.02639126777649
18 12 0.623608648777008 0.326935321092606 3.00745034217834
18 13 -0.130535542964935 -0.224883496761322 3.12242126464844
18 14 -0.129320442676544 -0.683048605918884 3.11540842056274
18 15 -0.125366702675819 -1.02507472038269 3.05614113807678
18 16 -0.162159368395805 -1.07549941539764 2.99999785423279
18 17 0.0439257510006428 -0.207494020462036 3.12362408638
18 18 0.0365337543189526 -0.672826051712036 3.09134697914124
18 19 0.0175288002938032 -1.00721704959869 3.04346370697021
18 20 0.050801258534193 -1.05258202552795 2.96823525428772
19 1 -0.0500022321939468 -0.131686523556709 3.14715099334717
19 2 -0.0550538264214993 -0.0804348215460777 3.20839381217957
19 3 -0.0800372660160065 0.259626239538193 3.24711966514587
19 4 -0.10572998970747 0.456505239009857 3.24813961982727
19 5 -0.259350001811981 0.125568881630898 3.22343111038208
19 6 -0.275152027606964 -0.11273942142725 3.16473293304443
19 7 -0.259300619363785 -0.306027114391327 3.0710117816925
19 8 -0.251524597406387 -0.364446848630905 3.04729199409485
19 9 0.126027956604958 0.19514200091362 3.24383544921875
19 10 0.342827796936035 0.260635435581207 3.13706374168396
19 11 0.585640668869019 0.318873643875122 3.02104783058167
19 12 0.653144657611847 0.32879963517189 3.0123188495636
19 13 -0.130823507905006 -0.224825829267502 3.12199974060059
19 14 -0.130193203687668 -0.682842075824738 3.11566686630249
19 15 -0.125304073095322 -1.02396106719971 3.05629777908325
19 16 -0.163525953888893 -1.07316422462463 3.0035502910614
19 17 0.0436241254210472 -0.207467138767242 3.1234724521637
19 18 0.0373465195298195 -0.672451436519623 3.09138822555542
19 19 0.0173334497958422 -1.00659000873566 3.04255843162537
19 20 0.0528573617339134 -1.05248188972473 2.96245694160461
20 1 -0.0504270903766155 -0.13141342997551 3.14679765701294
20 2 -0.0553858876228333 -0.0798453688621521 3.2079644203186
20 3 -0.0807768255472183 0.260065257549286 3.24514770507813
20 4 -0.107121020555496 0.456769347190857 3.24721312522888
20 5 -0.260139167308807 0.126500174403191 3.2236704826355
20 6 -0.275731831789017 -0.110433593392372 3.16547822952271
20 7 -0.259570211172104 -0.303798913955688 3.07179760932922
20 8 -0.246393039822578 -0.389744907617569 3.03897356987
20 9 0.125737175345421 0.195097148418427 3.24299168586731
20 10 0.352886646986008 0.264289796352386 3.13478207588196
20 11 0.583147168159485 0.318782478570938 3.0232253074646
20 12 0.634879112243652 0.327538132667542 3.00122809410095
20 13 -0.131389304995537 -0.22435063123703 3.12150168418884
20 14 -0.130428165197372 -0.680586278438568 3.11542201042175
20 15 -0.125361531972885 -1.02147662639618 3.05563449859619
20 16 -0.164178907871246 -1.07174718379974 3.00758743286133
20 17 0.0432423204183578 -0.207454532384872 3.12334752082825
20 18 0.0378382503986359 -0.672328174114227 3.09034490585327
20 19 0.0128323696553707 -1.00956523418427 3.04103326797485
20 20 0.0503951981663704 -1.05426108837128 2.96455883979797
