1 1 -0.0356901735067368 -0.0675203651189804 3.10992503166199
1 2 -0.035859402269125 -0.0091007212176919 3.17365431785584
1 3 -0.0513385348021984 0.359912127256393 3.20612406730652
1 4 -0.0488714799284935 0.558934390544891 3.21755528450012
1 5 -0.217043206095695 0.222315937280655 3.18857860565186
1 6 -0.252446711063385 -0.00756554771214724 3.1525251865387
1 7 -0.265667945146561 -0.232225969433784 3.02682566642761
1 8 -0.265605628490448 -0.31067880988121 2.98006772994995
1 9 0.135207056999207 0.256346672773361 3.17900609970093
1 10 0.38564458489418 0.260845184326172 3.11337637901306
1 11 0.587272524833679 0.305565804243088 3.0277316570282
1 12 0.677609503269196 0.318427681922913 3.02392053604126
1 13 -0.111716948449612 -0.147430539131165 3.09055733680725
1 14 -0.154797494411469 -0.584208965301514 3.02906394004822
1 15 -0.15401765704155 -0.949944019317627 3.04385924339294
1 16 -0.153693556785583 -1.05118608474731 2.96247053146362
1 17 0.0478504560887814 -0.142419740557671 3.09089684486389
1 18 0.10452327132225 -0.569838464260101 3.00087332725525
1 19 0.0998149290680885 -0.940435767173767 3.01004362106323
1 20 0.106834791600704 -1.04180407524109 2.93444800376892
2 1 -0.034080546349287 -0.0681167542934418 3.11319136619568
2 2 -0.0347292236983776 -0.00987515039741993 3.17681097984314
2 3 -0.0504561811685562 0.359395205974579 3.21016097068787
2 4 -0.0487179569900036 0.557423889636993 3.21952366828918
2 5 -0.216047614812851 0.222752615809441 3.19030427932739
2 6 -0.252613097429276 -0.00797472428530455 3.15866947174072
2 7 -0.264138013124466 -0.229368850588799 3.02972221374512
2 8 -0.265776455402374 -0.310951977968216 2.98635983467102
2 9 0.136297360062599 0.255699902772903 3.18287467956543
2 10 0.376617670059204 0.259948194026947 3.11868786811829
2 11 0.586245954036713 0.299603819847107 3.02510285377502
2 12 0.677162289619446 0.316125094890594 3.02489757537842
2 13 -0.110522516071796 -0.147334337234497 3.0924334526062
2 14 -0.154339343309402 -0.583388328552246 3.02960205078125
2 15 -0.154536888003349 -0.949272155761719 3.04439854621887
2 16 -0.153712555766106 -1.04892349243164 2.95430707931519
2 17 0.0489634945988655 -0.143231943249702 3.09457516670227
2 18 0.104902237653732 -0.57099437713623 3.00322127342224
2 19 0.0983793810009956 -0.942011773586273 3.00941061973572
2 20 0.106571510434151 -1.04147386550903 2.93467354774475
3 1 -0.0333859808743 -0.0686558485031128 3.11445069313049
3 2 -0.0347092635929585 -0.0102179301902652 3.17783975601196
3 3 -0.0521679893136024 0.359050333499908 3.21001076698303
3 4 -0.0477442070841789 0.555224418640137 3.22318243980408
3 5 -0.215575575828552 0.221983790397644 3.19075489044189
3 6 -0.252738922834396 -0.00595395546406507 3.1587336063385
3 7 -0.265495032072067 -0.228399902582169 3.03258919715881
3 8 -0.265353262424469 -0.309587776660919 2.98694133758545
3 9 0.137180805206299 0.254493772983551 3.18550777435303
3 10 0.37926122546196 0.259337842464447 3.12352609634399
3 11 0.585421502590179 0.298839956521988 3.02602052688599
3 12 0.677151560783386 0.314960718154907 3.02698493003845
3 13 -0.109544456005096 -0.147828727960587 3.09348940849304
3 14 -0.154031187295914 -0.584159314632416 3.0301673412323
3 15 -0.153960019350052 -0.954364478588104 3.04398322105408
3 16 -0.153344750404358 -1.04924058914185 2.95706558227539
3 17 0.0500235110521317 -0.143732771277428 3.09660243988037
3 18 0.105768471956253 -0.571441411972046 3.00471782684326
3 19 0.0989458709955215 -0.943117439746857 3.01207327842712
3 20 0.105780988931656 -1.04155421257019 2.93568229675293
4 1 -0.0330990329384804 -0.0682044550776482 3.11673736572266
4 2 -0.0345034562051296 -0.00994512718170881 3.18026280403137
4 3 -0.0525654628872871 0.359226852655411 3.21333026885986
4 4 -0.0480387359857559 0.558275878429413 3.22744488716125
4 5 -0.215786531567574 0.222543552517891 3.193195104599
4 6 -0.252324253320694 -0.00602455111220479 3.15852856636047
4 7 -0.263950318098068 -0.232734709978104 3.03118181228638
4 8 -0.265145272016525 -0.315369725227356 2.98668479919434
4 9 0.137701958417892 0.254490226507187 3.1878867149353
4 10 0.383052825927734 0.260695487260818 3.12838268280029
4 11 0.586467683315277 0.298411786556244 3.03241801261902
4 12 0.678735077381134 0.315628945827484 3.03291249275208
4 13 -0.109368912875652 -0.14747479557991 3.09491038322449
4 14 -0.153678402304649 -0.583910346031189 3.03205800056458
4 15 -0.153685510158539 -0.952519953250885 3.04546308517456
4 16 -0.155595019459724 -1.05281400680542 2.96181631088257
4 17 0.0503763891756535 -0.143444702029228 3.09908318519592
4 18 0.105537325143814 -0.570646524429321 3.00531196594238
4 19 0.098968118429184 -0.943933606147766 3.01123690605164
4 20 0.10726423561573 -1.04105710983276 2.93730878829956
5 1 -0.0331270918250084 -0.0679644867777824 3.11831998825073
5 2 -0.0345062352716923 -0.00980623066425323 3.18193626403809
5 3 -0.0534262843430042 0.35984405875206 3.215989112854
5 4 -0.048336923122406 0.559938013553619 3.22777462005615
5 5 -0.216731920838356 0.221791684627533 3.19565033912659
5 6 -0.254145175218582 -0.0051794396713376 3.15924072265625
5 7 -0.262968450784683 -0.232751071453094 3.03253769874573
5 8 -0.265401750802994 -0.316999047994614 2.99120354652405
5 9 0.137578755617142 0.254156172275543 3.19035243988037
5 10 0.383046865463257 0.260951280593872 3.12743353843689
5 11 0.583181202411652 0.297040164470673 3.03157830238342
5 12 0.652397990226746 0.293091982603073 3.02881097793579
5 13 -0.109358698129654 -0.14728444814682 3.09658074378967
5 14 -0.153737887740135 -0.583394110202789 3.03221106529236
5 15 -0.15407021343708 -0.950984716415405 3.04460954666138
5 16 -0.154009327292442 -1.0495343208313 2.95536589622498
5 17 0.0504063293337822 -0.143098026514053 3.10055565834045
5 18 0.105904586613178 -0.571632623672485 3.00641012191772
5 19 0.0985100790858269 -0.944432020187378 3.01143169403076
5 20 0.106362648308277 -1.0411878824234 2.93628311157227
6 1 -0.0327130444347858 -0.0672606006264687 3.11967062950134
6 2 -0.0343165807425976 -0.00922198221087456 3.18317604064941
6 3 -0.0530396811664104 0.359437316656113 3.2166383266449
6 4 -0.0486404560506344 0.559976041316986 3.23069167137146
6 5 -0.216221377253532 0.221599534153938 3.19604897499084
6 6 -0.254121541976929 -0.00284326658584177 3.15943074226379
6 7 -0.261204034090042 -0.233127653598785 3.03298664093018
6 8 -0.264977604150772 -0.319190144538879 2.99712705612183
6 9 0.138036862015724 0.254914462566376 3.19231462478638
6 10 0.383763521909714 0.261851876974106 3.13036346435547
6 11 0.574506342411041 0.292395949363709 3.03016901016235
6 12 0.643190324306488 0.292504191398621 3.02390766143799
6 13 -0.109018370509148 -0.146616354584694 3.09773182868958
6 14 -0.153647616505623 -0.582783222198486 3.03166770935059
6 15 -0.153877452015877 -0.95093959569931 3.04496645927429
6 16 -0.154308706521988 -1.05013239383698 2.95582318305969
6 17 0.0509946048259735 -0.142563179135323 3.10187005996704
6 18 0.106281511485577 -0.572029888629913 3.00699615478516
6 19 0.0988671854138374 -0.943864524364471 3.0067994594574
6 20 0.106415569782257 -1.04208731651306 2.93190288543701
7 1 -0.0325870960950851 -0.0672285109758377 3.11941361427307
7 2 -0.0342894569039345 -0.00906647276133299 3.18290066719055
7 3 -0.053234688937664 0.359355032444 3.21533298492432
7 4 -0.0476443320512772 0.558844149112701 3.22850894927979
7 5 -0.216180562973022 0.221472889184952 3.19561362266541
7 6 -0.25400373339653 -0.0035153622739017 3.15886306762695
7 7 -0.260859400033951 -0.229949042201042 3.03241157531738
7 8 -0.264973104000092 -0.315471917390823 2.99525856971741
7 9 0.137978479266167 0.254266351461411 3.19198799133301
7 10 0.382925689220428 0.260669946670532 3.13045501708984
7 11 0.573902070522308 0.290433973073959 3.0276997089386
7 12 0.623084843158722 0.292854338884354 3.02565002441406
7 13 -0.108815796673298 -0.146609991788864 3.09736299514771
7 14 -0.152990281581879 -0.582699537277222 3.03222179412842
7 15 -0.153556674718857 -0.950410008430481 3.04455041885376
7 16 -0.153392761945724 -1.05137169361115 2.9561505317688
7 17 0.0510466881096363 -0.142614409327507 3.10169744491577
7 18 0.106064423918724 -0.570555031299591 3.00677585601807
7 19 0.0992574840784073 -0.94626659154892 3.00589776039124
7 20 0.109197907149792 -1.04297387599945 2.93839931488037
8 1 -0.0323556549847126 -0.0674667209386826 3.11873960494995
8 2 -0.0343085080385208 -0.00924036465585232 3.18225026130676
8 3 -0.0536148510873318 0.359044402837753 3.21418476104736
8 4 -0.0475999154150486 0.559937596321106 3.22850704193115
8 5 -0.215913414955139 0.220473662018776 3.19361734390259
8 6 -0.253000468015671 -0.00997226871550083 3.15455842018127
8 7 -0.262917995452881 -0.229367107152939 3.02840971946716
8 8 -0.264423727989197 -0.311789751052856 2.98512697219849
8 9 0.137494161725044 0.254607141017914 3.1913628578186
8 10 0.383154958486557 0.259503662586212 3.12879514694214
8 11 0.579666972160339 0.292258620262146 3.0260021686554
8 12 0.624386250972748 0.290757477283478 3.02362179756165
8 13 -0.108269721269608 -0.14691524207592 3.09696745872498
8 14 -0.15325665473938 -0.582980394363403 3.03165435791016
8 15 -0.153787583112717 -0.95138943195343 3.04469752311707
8 16 -0.153196737170219 -1.05175292491913 2.95913696289063
8 17 0.0512370243668556 -0.142539992928505 3.100670337677
8 18 0.105990037322044 -0.57076507806778 3.00652480125427
8 19 0.0992570444941521 -0.948921918869019 3.00753474235535
8 20 0.10795022547245 -1.04363858699799 2.9373345375061
9 1 -0.0327583998441696 -0.0676794052124023 3.11770153045654
9 2 -0.0346783585846424 -0.00955211464315653 3.18128848075867
9 3 -0.0537089295685291 0.358693480491638 3.21362352371216
9 4 -0.0490075834095478 0.558661937713623 3.2265202999115
9 5 -0.216183826327324 0.220797508955002 3.19238829612732
9 6 -0.252648264169693 -0.00876640807837248 3.1517162322998
9 7 -0.262137889862061 -0.22457355260849 3.02743673324585
9 8 -0.263785362243652 -0.306589692831039 2.984619140625
9 9 0.136571958661079 0.2551289498806 3.19023251533508
9 10 0.379083454608917 0.260039120912552 3.12799715995789
9 11 0.584465503692627 0.297502130270004 3.02744507789612
9 12 0.652368307113647 0.300095319747925 3.01967215538025
9 13 -0.108599990606308 -0.146917954087257 3.09567093849182
9 14 -0.153901368379593 -0.584381878376007 3.03086996078491
9 15 -0.152802467346191 -0.952568888664246 3.04661774635315
9 16 -0.153140410780907 -1.05161499977112 2.95953893661499
9 17 0.0507447868585587 -0.142654404044151 3.09967756271362
9 18 0.105712831020355 -0.571136653423309 3.00482249259949
9 19 0.0979603156447411 -0.947643518447876 3.01138281822205
9 20 0.108142033219337 -1.0430725812912 2.93630456924438
10 1 -0.0334709398448467 -0.067198172211647 3.11665463447571
10 2 -0.0349063090980053 -0.00926436856389046 3.18013310432434
10 3 -0.0528314895927906 0.359051555395126 3.21303129196167
10 4 -0.0500370785593987 0.559880673885345 3.22539353370667
10 5 -0.218381181359291 0.221421256661415 3.19295358657837
10 6 -0.253122746944427 -0.00964727625250816 3.15346503257751
10 7 -0.261168271303177 -0.230689853429794 3.0256507396698
10 8 -0.264695465564728 -0.314254343509674 2.98234844207764
10 9 0.135434776544571 0.255428284406662 3.18916869163513
10 10 0.379203021526337 0.262953549623489 3.1279981136322
10 11 0.567838668823242 0.302066504955292 3.0316207408905
10 12 0.660727977752686 0.31723016500473 3.02813100814819
10 13 -0.109810844063759 -0.146668791770935 3.0945897102356
10 14 -0.154448181390762 -0.583962082862854 3.03093862533569
10 15 -0.153682842850685 -0.953472197055817 3.04586434364319
10 16 -0.15364508330822 -1.05233454704285 2.95910096168518
10 17 0.0498261749744415 -0.142351925373077 3.09755611419678
10 18 0.105345197021961 -0.570851743221283 3.00370240211487
10 19 0.0982214659452438 -0.945568859577179 3.01074743270874
10 20 0.106745339930058 -1.0419294834137 2.93437242507935
11 1 -0.0344831645488739 -0.0667821168899536 3.11606049537659
11 2 -0.0358841493725777 -0.00886046327650547 3.17974805831909
11 3 -0.055031031370163 0.35859403014183 3.21278095245361
11 4 -0.051575779914856 0.558058440685272 3.22469210624695
11 5 -0.221384435892105 0.220101714134216 3.19360089302063
11 6 -0.253107219934464 -0.0117502165958285 3.15275049209595
11 7 -0.261459022760391 -0.231289088726044 3.02667117118835
11 8 -0.265355885028839 -0.314884036779404 2.98262596130371
11 9 0.134393498301506 0.25633978843689 3.18924069404602
11 10 0.385105341672897 0.264482825994492 3.12549877166748
11 11 0.569122850894928 0.308488637208939 3.03065252304077
11 12 0.613164782524109 0.30835348367691 3.02357316017151
11 13 -0.110826820135117 -0.146698176860809 3.09441518783569
11 14 -0.154732391238213 -0.584089875221252 3.02970957756042
11 15 -0.155147433280945 -0.953600347042084 3.04784822463989
11 16 -0.153181940317154 -1.04965794086456 2.95763754844666
11 17 0.049005039036274 -0.142059773206711 3.09709143638611
11 18 0.105759285390377 -0.570756494998932 3.00445342063904
11 19 0.0985179021954536 -0.941437780857086 3.01327276229858
11 20 0.107163675129414 -1.03937363624573 2.93519854545593
12 1 -0.0346840880811214 -0.0665873512625694 3.11599445343018
12 2 -0.0361117720603943 -0.00856263749301434 3.17965030670166
12 3 -0.0554615780711174 0.359068006277084 3.21246886253357
12 4 -0.0532979741692543 0.55691397190094 3.22265791893005
12 5 -0.222066402435303 0.220494717359543 3.19432473182678
12 6 -0.25524565577507 -0.00445099314674735 3.15460395812988
12 7 -0.26075679063797 -0.2314293384552 3.02861595153809
12 8 -0.264516174793243 -0.317586749792099 2.99018096923828
12 9 0.133559376001358 0.256376266479492 3.18956446647644
12 10 0.384886890649796 0.267463445663452 3.12817358970642
12 11 0.569234132766724 0.309781283140183 3.03327941894531
12 12 0.618142127990723 0.308725625276566 3.01957106590271
12 13 -0.111041016876698 -0.146762534976006 3.09431624412537
12 14 -0.154392957687378 -0.583158850669861 3.02926588058472
12 15 -0.154058665037155 -0.950154602527618 3.04337191581726
12 16 -0.153114289045334 -1.04718315601349 2.95747423171997
12 17 0.0489546880125999 -0.141578033566475 3.09722757339478
12 18 0.106170505285263 -0.573415219783783 3.0043728351593
12 19 0.0972343981266022 -0.941543996334076 3.01294660568237
12 20 0.107062146067619 -1.03899645805359 2.93492555618286
13 1 -0.0348146632313728 -0.066511943936348 3.11623859405518
13 2 -0.0363625548779964 -0.00838252436369658 3.17990612983704
13 3 -0.0577648505568504 0.359650820493698 3.21221899986267
13 4 -0.0543148033320904 0.558001816272736 3.22110104560852
13 5 -0.222733646631241 0.219943389296532 3.19461107254028
13 6 -0.255146682262421 -0.00597177632153034 3.157954454422
13 7 -0.260338664054871 -0.233490005135536 3.03264975547791
13 8 -0.264606982469559 -0.319116026163101 2.99288630485535
13 9 0.132612675428391 0.256756812334061 3.18969297409058
13 10 0.397486567497253 0.27256453037262 3.12664866447449
13 11 0.579480409622192 0.31273341178894 3.02522850036621
13 12 0.620137870311737 0.308641791343689 3.0168719291687
13 13 -0.11098350584507 -0.146725803613663 3.09448409080505
13 14 -0.15525509417057 -0.581919729709625 3.02942442893982
13 15 -0.153616309165955 -0.948972940444946 3.0438392162323
13 16 -0.155091628432274 -1.05102372169495 2.95901727676392
13 17 0.048945426940918 -0.141491413116455 3.09771943092346
13 18 0.105596318840981 -0.572308480739594 3.00465035438538
13 19 0.0977391600608826 -0.940717697143555 3.0124454498291
13 20 0.106821320950985 -1.04079282283783 2.93689203262329
14 1 -0.0353870540857315 -0.0666322708129883 3.11658000946045
14 2 -0.0368536524474621 -0.00844918191432953 3.18021011352539
14 3 -0.058697272092104 0.359023779630661 3.21150183677673
14 4 -0.0552159026265144 0.556703209877014 3.2193820476532
14 5 -0.223446190357208 0.21969847381115 3.19520330429077
14 6 -0.257182359695435 -0.0109349200502038 3.15743517875671
14 7 -0.260021835565567 -0.228848695755005 3.0364191532135
14 8 -0.263838231563568 -0.315407127141953 2.99916172027588
14 9 0.132125362753868 0.256366789340973 3.1896288394928
14 10 0.391800999641418 0.271712124347687 3.12619709968567
14 11 0.575241029262543 0.31056934595108 3.02638697624207
14 12 0.619121074676514 0.309733480215073 3.01813244819641
14 13 -0.111516147851944 -0.147029608488083 3.09498929977417
14 14 -0.155096918344498 -0.581802308559418 3.02960395812988
14 15 -0.153661757707596 -0.950717687606812 3.04240727424622
14 16 -0.154105246067047 -1.05018091201782 2.95701956748962
14 17 0.0484707802534103 -0.141569882631302 3.09789514541626
14 18 0.106208503246307 -0.572078227996826 3.00478601455688
14 19 0.0974492952227592 -0.940245747566223 3.01369071006775
14 20 0.107645839452744 -1.03791689872742 2.93760991096497
15 1 -0.0354703515768051 -0.0662689805030823 3.11660361289978
15 2 -0.036888599395752 -0.00822362303733826 3.18023586273193
15 3 -0.0577918849885464 0.359266608953476 3.212242603302
15 4 -0.0542146563529968 0.557685256004334 3.21873950958252
15 5 -0.223653510212898 0.22068202495575 3.19569516181946
15 6 -0.259214729070663 -0.00715294945985079 3.1567964553833
15 7 -0.26190909743309 -0.228175193071365 3.03559517860413
15 8 -0.264776945114136 -0.313450127840042 2.99547410011292
15 9 0.132012039422989 0.256576865911484 3.18980741500854
15 10 0.379527121782303 0.269433349370956 3.12943410873413
15 11 0.574848234653473 0.31110018491745 3.02993249893188
15 12 0.614905595779419 0.310981035232544 3.02046847343445
15 13 -0.111656226217747 -0.146697372198105 3.09500050544739
15 14 -0.154835373163223 -0.581792771816254 3.03003072738647
15 15 -0.152233794331551 -0.953441202640533 3.04358005523682
15 16 -0.154526367783546 -1.05565977096558 2.9645459651947
15 17 0.0483565255999565 -0.141024172306061 3.09795236587524
15 18 0.106111764907837 -0.570588231086731 3.00502634048462
15 19 0.0974443182349205 -0.941229403018951 3.01465559005737
15 20 0.10787433385849 -1.03954648971558 2.93931579589844
16 1 -0.0357024557888508 -0.0663547143340111 3.11670207977295
16 2 -0.0369996093213558 -0.00821789354085922 3.18029236793518
16 3 -0.0575703606009483 0.359534204006195 3.21215796470642
16 4 -0.0548846758902073 0.558587372303009 3.21912407875061
16 5 -0.223286762833595 0.219982892274857 3.19561624526978
16 6 -0.256781041622162 -0.0218266658484936 3.15014386177063
16 7 -0.262275815010071 -0.235837131738663 3.03067946434021
16 8 -0.265140146017075 -0.320215940475464 2.98878312110901
16 9 0.13167542219162 0.256626784801483 3.18943619728088
16 10 0.383782625198364 0.269271016120911 3.1267557144165
16 11 0.568857133388519 0.311077773571014 3.03179144859314
16 12 0.616550803184509 0.310577422380447 3.02173113822937
16 13 -0.111801140010357 -0.146921038627625 3.09515261650085
16 14 -0.154576107859612 -0.582528948783875 3.03100442886353
16 15 -0.15246893465519 -0.951852083206177 3.04212546348572
16 16 -0.155747517943382 -1.0532500743866 2.95154619216919
16 17 0.0478771328926086 -0.141019746661186 3.09813809394836
16 18 0.105828478932381 -0.570496499538422 3.00462818145752
16 19 0.0979414731264114 -0.941927433013916 3.01257824897766
16 20 0.107406407594681 -1.03890538215637 2.93838620185852
17 1 -0.0357527881860733 -0.0662809386849403 3.11658382415771
17 2 -0.0369716845452785 -0.00821011234074831 3.18012857437134
17 3 -0.0576887913048267 0.358991771936417 3.21180438995361
17 4 -0.0551498532295227 0.55637663602829 3.21611475944519
17 5 -0.224222734570503 0.220377892255783 3.1961350440979
17 6 -0.258017063140869 -0.0133839882910252 3.15310835838318
17 7 -0.262680530548096 -0.232279881834984 3.03192806243896
17 8 -0.265202790498734 -0.316914021968842 2.99079823493958
17 9 0.131464898586273 0.256861418485641 3.18895983695984
17 10 0.383492469787598 0.26841339468956 3.12673115730286
17 11 0.568274736404419 0.30966979265213 3.03036165237427
17 12 0.617462754249573 0.309271603822708 3.02210235595703
17 13 -0.111760571599007 -0.146994575858116 3.094886302948
17 14 -0.154820099473 -0.581815898418427 3.03006720542908
17 15 -0.153322264552116 -0.954769253730774 3.04310536384583
17 16 -0.154951363801956 -1.05146729946136 2.95126461982727
17 17 0.0479491241276264 -0.141146913170815 3.0981650352478
17 18 0.106034077703953 -0.572152733802795 3.00493717193604
17 19 0.0980184227228165 -0.944620251655579 3.00987911224365
17 20 0.106379508972168 -1.0402660369873 2.93677806854248
18 1 -0.0360010229051113 -0.0661737322807312 3.11637592315674
18 2 -0.0371536538004875 -0.00795069802552462 3.17984294891357
18 3 -0.0573164820671082 0.35929936170578 3.21057105064392
18 4 -0.053381010890007 0.557331800460815 3.21635389328003
18 5 -0.224385336041451 0.22067292034626 3.19652199745178
18 6 -0.257230818271637 -0.00837768614292145 3.15515732765198
18 7 -0.263652235269547 -0.233433544635773 3.02975106239319
18 8 -0.265782207250595 -0.317026287317276 2.98665308952332
18 9 0.13179324567318 0.257007509469986 3.18903183937073
18 10 0.381315469741821 0.266902506351471 3.126056432724
18 11 0.565690040588379 0.306858420372009 3.02807807922363
18 12 0.614199638366699 0.309587419033051 3.0183162689209
18 13 -0.111960917711258 -0.146939769387245 3.0949022769928
18 14 -0.154505625367165 -0.58287525177002 3.0302152633667
18 15 -0.153143912553787 -0.951503098011017 3.04471802711487
18 16 -0.153393402695656 -1.05516874790192 2.96431016921997
18 17 0.0476248674094677 -0.141138032078743 3.09768867492676
18 18 0.105865307152271 -0.571667373180389 3.00452136993408
18 19 0.0991295427083969 -0.946394681930542 3.00995135307312
18 20 0.10611005872488 -1.04128038883209 2.93908929824829
19 1 -0.0357811786234379 -0.0661989003419876 3.11558556556702
19 2 -0.0371304899454117 -0.0080502163618803 3.17899775505066
19 3 -0.0578826516866684 0.358907073736191 3.20979642868042
19 4 -0.0553088486194611 0.557180762290955 3.21459197998047
19 5 -0.223275810480118 0.22039820253849 3.19542694091797
19 6 -0.255536496639252 -0.004939045291394 3.15120649337769
19 7 -0.262471914291382 -0.230443134903908 3.02741456031799
19 8 -0.263997405767441 -0.315366268157959 2.9866771697998
19 9 0.131697788834572 0.25689759850502 3.18892550468445
19 10 0.386746883392334 0.266270279884338 3.12485599517822
19 11 0.571612000465393 0.309368669986725 3.02683520317078
19 12 0.611121118068695 0.308122783899307 3.01838088035584
19 13 -0.111667521297932 -0.146780624985695 3.09450578689575
19 14 -0.154623106122017 -0.583413362503052 3.02970314025879
19 15 -0.153589978814125 -0.953303217887878 3.04646968841553
19 16 -0.153740525245667 -1.05304968357086 2.96032786369324
19 17 0.0479485504329205 -0.140844345092773 3.09641456604004
19 18 0.105677656829357 -0.57045978307724 3.00361084938049
19 19 0.0992755591869354 -0.94271183013916 3.01322269439697
19 20 0.108389437198639 -1.03960013389587 2.9377977848053
20 1 -0.0353970527648926 -0.0663717463612556 3.11446571350098
20 2 -0.0366983599960804 -0.00816265679895878 3.17783784866333
20 3 -0.0568028800189495 0.358905017375946 3.20779299736023
20 4 -0.0548235848546028 0.555657386779785 3.21444344520569
20 5 -0.223313227295876 0.220066100358963 3.19428563117981
20 6 -0.255718886852264 -0.00920027773827314 3.14719676971436
20 7 -0.260347455739975 -0.229700610041618 3.02632927894592
20 8 -0.26090794801712 -0.315288364887238 2.98719072341919
20 9 0.131623357534409 0.256781280040741 3.18753170967102
20 10 0.384776562452316 0.26581409573555 3.12411665916443
20 11 0.572788953781128 0.307045578956604 3.03192186355591
20 12 0.641036689281464 0.301305919885635 3.01974701881409
20 13 -0.11137317866087 -0.147025972604752 3.093670129776
20 14 -0.154727831482887 -0.58352518081665 3.02930188179016
20 15 -0.153529182076454 -0.952274441719055 3.04661512374878
20 16 -0.15402527153492 -1.0502415895462 2.95710229873657
20 17 0.0484736748039722 -0.141026645898819 3.09502029418945
20 18 0.105589851737022 -0.570651352405548 3.00313234329224
20 19 0.100291147828102 -0.940823912620544 3.01068472862244
20 20 0.107128128409386 -1.04057550430298 2.93726539611816
