1 1 -0.00432440405711532 -0.0305266529321671 3.06624865531921
1 2 -0.0155885266140103 0.0250966474413872 3.13221764564514
1 3 -0.0377558395266533 0.395321398973465 3.1767737865448
1 4 -0.058069434016943 0.595553994178772 3.15853881835938
1 5 -0.216602236032486 0.244761899113655 3.11229729652405
1 6 -0.27612641453743 0.00177557324059308 3.06851267814636
1 7 -0.245216563344002 -0.238046526908875 2.99048328399658
1 8 -0.22774937748909 -0.342406630516052 2.96377778053284
1 9 0.164227306842804 0.325751692056656 3.17854332923889
1 10 0.439532160758972 0.450040221214294 3.222172498703
1 11 0.649522185325623 0.554693937301636 3.2511990070343
1 12 0.751789450645447 0.591405928134918 3.28212189674377
1 13 -0.0836240947246552 -0.123465858399868 3.03511166572571
1 14 -0.0806391313672066 -0.659829378128052 3.03740668296814
1 15 -0.055565319955349 -1.02332448959351 2.99026083946228
1 16 -0.0922415032982826 -1.06810319423676 2.94219923019409
1 17 0.0888682156801224 -0.105273947119713 3.048663854599
1 18 0.0790899768471718 -0.6529620885849 3.01477599143982
1 19 0.0495544523000717 -1.00145244598389 2.99120473861694
1 20 0.0664579793810844 -1.06080114841461 2.92063570022583
2 1 -0.0032672721426934 -0.0313307978212833 3.06717205047607
2 2 -0.0145874805748463 0.0245569162070751 3.13314628601074
2 3 -0.0343159176409245 0.395714312791824 3.1772665977478
2 4 -0.0540270656347275 0.601103186607361 3.15863037109375
2 5 -0.213740140199661 0.247029960155487 3.11323094367981
2 6 -0.274982839822769 0.00421437062323093 3.06926345825195
2 7 -0.244687646627426 -0.238286361098289 2.9908287525177
2 8 -0.227533757686615 -0.340985089540482 2.96471619606018
2 9 0.165871694684029 0.324755311012268 3.18040084838867
2 10 0.439912140369415 0.448373734951019 3.22341561317444
2 11 0.65332305431366 0.558849930763245 3.24497175216675
2 12 0.75951474905014 0.590483069419861 3.27910280227661
2 13 -0.0826656520366669 -0.123655214905739 3.03603076934814
2 14 -0.0819180756807327 -0.661291897296906 3.03804683685303
2 15 -0.0538483485579491 -1.02360939979553 2.98962354660034
2 16 -0.0983758792281151 -1.06674957275391 2.94116377830505
2 17 0.0892585963010788 -0.106482230126858 3.04979634284973
2 18 0.0795823484659195 -0.65520316362381 3.01426267623901
2 19 0.0488072969019413 -1.00227999687195 2.98901987075806
2 20 0.0699134320020676 -1.06013000011444 2.91387510299683
3 1 -0.00273382710292935 -0.0323419794440269 3.06804943084717
3 2 -0.0139920236542821 0.0234819687902927 3.13422846794128
3 3 -0.0334697440266609 0.394951462745667 3.17950510978699
3 4 -0.0525885447859764 0.604065895080566 3.16120457649231
3 5 -0.21307335793972 0.247037515044212 3.11424088478088
3 6 -0.275562226772308 -0.00255551584996283 3.06977009773254
3 7 -0.244695156812668 -0.237088337540627 2.99284243583679
3 8 -0.227103561162949 -0.340622335672379 2.96558427810669
3 9 0.166977450251579 0.32289382815361 3.18189239501953
3 10 0.43891903758049 0.445210635662079 3.22272348403931
3 11 0.656753420829773 0.552121698856354 3.24741816520691
3 12 0.766733169555664 0.589221239089966 3.274090051651
3 13 -0.0822544023394585 -0.124253928661346 3.03659081459045
3 14 -0.0805599391460419 -0.663446068763733 3.03780317306519
3 15 -0.0601335763931274 -1.0242714881897 2.98813128471375
3 16 -0.0879351645708084 -1.0680878162384 2.93189835548401
3 17 0.0894852429628372 -0.107980228960514 3.05067253112793
3 18 0.0780607685446739 -0.658556044101715 3.01421236991882
3 19 0.0491920225322247 -1.00321447849274 2.9873514175415
3 20 0.066171333193779 -1.06222724914551 2.91111636161804
4 1 -0.00254127755761147 -0.0328571274876595 3.06894087791443
4 2 -0.0135511020198464 0.0228716991841793 3.13528656959534
4 3 -0.0317905023694038 0.395132482051849 3.18240904808044
4 4 -0.0516208112239838 0.607740104198456 3.16452169418335
4 5 -0.212271451950073 0.247424721717834 3.11599278450012
4 6 -0.275497376918793 -0.00787072163075209 3.07012677192688
4 7 -0.245462507009506 -0.236090213060379 2.99344372749329
4 8 -0.22868475317955 -0.338838338851929 2.96785950660706
4 9 0.167021587491035 0.32184961438179 3.1826868057251
4 10 0.438539147377014 0.442742794752121 3.22749066352844
4 11 0.697751820087433 0.557854056358337 3.25815439224243
4 12 0.778152644634247 0.587892413139343 3.27530360221863
4 13 -0.0823853462934494 -0.124353438615799 3.03718996047974
4 14 -0.0802075937390327 -0.660961210727692 3.03833103179932
4 15 -0.0642612800002098 -1.02432548999786 2.98887395858765
4 16 -0.0980580002069473 -1.07552123069763 2.94508218765259
4 17 0.0892665758728981 -0.108907371759415 3.05181407928467
4 18 0.0786560401320457 -0.653496861457825 3.01587533950806
4 19 0.0474327504634857 -1.00463473796844 2.98698425292969
4 20 0.0648105219006538 -1.05898356437683 2.92352724075317
5 1 -0.00307527184486389 -0.0337024368345737 3.07126307487488
5 2 -0.0136285312473774 0.0219650771468878 3.13775706291199
5 3 -0.0320712178945541 0.393914937973022 3.18465518951416
5 4 -0.0500489100813866 0.610257029533386 3.17153549194336
5 5 -0.213264167308807 0.247742503881454 3.11889743804932
5 6 -0.27537727355957 -0.00176160433329642 3.072838306427
5 7 -0.245956301689148 -0.234445080161095 2.99679374694824
5 8 -0.22996686398983 -0.338236480951309 2.96918559074402
5 9 0.167228400707245 0.321114420890808 3.18324327468872
5 10 0.438472330570221 0.442008554935455 3.22878932952881
5 11 0.652066826820374 0.538001596927643 3.26062297821045
5 12 0.763427913188934 0.572357416152954 3.28162670135498
5 13 -0.0832837969064713 -0.12527234852314 3.03993916511536
5 14 -0.0810170620679855 -0.661048769950867 3.03875970840454
5 15 -0.0608144514262676 -1.02348470687866 2.98929595947266
5 16 -0.0938323363661766 -1.06546664237976 2.93335962295532
5 17 0.0887534394860268 -0.109797835350037 3.05333542823792
5 18 0.0772162899374962 -0.655532538890839 3.01581692695618
5 19 0.0491455607116222 -1.00236451625824 2.98820543289185
5 20 0.0665279626846313 -1.06049227714539 2.91264796257019
6 1 -0.00314683606848121 -0.0343583934009075 3.07357907295227
6 2 -0.0140457693487406 0.0214805603027344 3.13987326622009
6 3 -0.0323337949812412 0.393322288990021 3.1857533454895
6 4 -0.0491503104567528 0.613964796066284 3.18055462837219
6 5 -0.21232496201992 0.247449785470963 3.12162923812866
6 6 -0.274813085794449 -0.00691217323765159 3.07469010353088
6 7 -0.245559960603714 -0.236713200807571 2.99829912185669
6 8 -0.230083093047142 -0.338036775588989 2.96900272369385
6 9 0.168205738067627 0.320247292518616 3.18839550018311
6 10 0.437745749950409 0.440219283103943 3.23254156112671
6 11 0.681352257728577 0.549367249011993 3.26670241355896
6 12 0.777058362960815 0.574141263961792 3.28450608253479
6 13 -0.0835729762911797 -0.125962376594543 3.04275059700012
6 14 -0.0800094157457352 -0.659968674182892 3.03979253768921
6 15 -0.0607214048504829 -1.0215870141983 2.99045348167419
6 16 -0.096524678170681 -1.06702017784119 2.94216060638428
6 17 0.0889428853988647 -0.110597811639309 3.05563473701477
6 18 0.0769679024815559 -0.654671311378479 3.01768112182617
6 19 0.0462449789047241 -1.0021892786026 2.99195718765259
6 20 0.0601652562618256 -1.06084871292114 2.91833066940308
7 1 -0.00278790155425668 -0.0336684957146645 3.07567119598389
7 2 -0.0139426337555051 0.0221137814223766 3.14198875427246
7 3 -0.0342357009649277 0.394443154335022 3.18800592422485
7 4 -0.0504584684967995 0.617321848869324 3.18594455718994
7 5 -0.21448577940464 0.245842009782791 3.12374258041382
7 6 -0.276248842477798 -0.010155544616282 3.07654523849487
7 7 -0.246672615408897 -0.239089235663414 3.00046443939209
7 8 -0.231224402785301 -0.336614966392517 2.97193050384521
7 9 0.167824178934097 0.321392238140106 3.19178009033203
7 10 0.437399089336395 0.437521368265152 3.23779797554016
7 11 0.660132646560669 0.540129899978638 3.26381897926331
7 12 0.773017644882202 0.573327004909515 3.28590846061707
7 13 -0.0842226967215538 -0.125513181090355 3.04483842849731
7 14 -0.0821776986122131 -0.661114156246185 3.04126048088074
7 15 -0.0612625516951084 -1.01951122283936 2.98887729644775
7 16 -0.0866416022181511 -1.06788718700409 2.93730902671814
7 17 0.0895617976784706 -0.1097447052598 3.05810189247131
7 18 0.0790886878967285 -0.652432680130005 3.01725745201111
7 19 0.0461794249713421 -0.999149560928345 2.99150681495667
7 20 0.059948455542326 -1.05318880081177 2.92669749259949
8 1 -0.00260622776113451 -0.0330655090510845 3.07823061943054
8 2 -0.0140918213874102 0.0227952431887388 3.14451789855957
8 3 -0.0325662419199944 0.395349979400635 3.189936876297
8 4 -0.0507565140724182 0.620285987854004 3.19121289253235
8 5 -0.213449567556381 0.246563747525215 3.12622380256653
8 6 -0.276645869016647 -0.00808788184076548 3.07712936401367
8 7 -0.249605119228363 -0.236873775720596 2.99898529052734
8 8 -0.232678890228271 -0.336396396160126 2.97404050827026
8 9 0.168523788452148 0.321397125720978 3.19720458984375
8 10 0.434970557689667 0.43623760342598 3.23837542533875
8 11 0.650548696517944 0.530658304691315 3.26572608947754
8 12 0.760857343673706 0.569590926170349 3.2885308265686
8 13 -0.0833473056554794 -0.12529730796814 3.04673290252686
8 14 -0.0842011496424675 -0.663736820220947 3.04291152954102
8 15 -0.0657681152224541 -1.02136099338531 2.98716330528259
8 16 -0.10062824934721 -1.06417655944824 2.93259406089783
8 17 0.0900002792477608 -0.109118677675724 3.0608537197113
8 18 0.0780313760042191 -0.650861978530884 3.01710629463196
8 19 0.046087846159935 -0.997391819953918 2.99422240257263
8 20 0.0611851364374161 -1.0563645362854 2.92790055274963
9 1 -0.00275775603950024 -0.0334806479513645 3.07973456382751
9 2 -0.014254242181778 0.0223337076604366 3.14616441726685
9 3 -0.0331183671951294 0.395278126001358 3.19307708740234
9 4 -0.0513060837984085 0.620349168777466 3.18880534172058
9 5 -0.213807746767998 0.245244726538658 3.12762904167175
9 6 -0.277209341526031 -0.00657617347314954 3.07938647270203
9 7 -0.250616282224655 -0.237140625715256 3.0014111995697
9 8 -0.233623877167702 -0.337238937616348 2.97805190086365
9 9 0.168033570051193 0.320662170648575 3.19874405860901
9 10 0.437809467315674 0.435896366834641 3.23676013946533
9 11 0.652733206748962 0.530121982097626 3.26744341850281
9 12 0.762491047382355 0.570292532444 3.28699588775635
9 13 -0.0832443684339523 -0.125607192516327 3.04842019081116
9 14 -0.0844842717051506 -0.663632035255432 3.04292917251587
9 15 -0.061659898608923 -1.02018320560455 2.99077367782593
9 16 -0.0966523066163063 -1.0637092590332 2.94017863273621
9 17 0.0898239314556122 -0.109656937420368 3.0619785785675
9 18 0.0775953084230423 -0.651522636413574 3.01823377609253
9 19 0.0493043102324009 -0.999585211277008 2.9930305480957
9 20 0.0620621182024479 -1.05749380588531 2.91878819465637
10 1 -0.00285985018126667 -0.0341066531836987 3.08050084114075
10 2 -0.0140874022617936 0.0217198878526688 3.14695835113525
10 3 -0.0332404896616936 0.394252300262451 3.19356751441956
10 4 -0.0502899363636971 0.621139705181122 3.19139814376831
10 5 -0.214005798101425 0.246331185102463 3.13008427619934
10 6 -0.277765780687332 -0.0129480082541704 3.07778024673462
10 7 -0.250642597675323 -0.242712914943695 3.00328588485718
10 8 -0.233706071972847 -0.33623018860817 2.9817636013031
10 9 0.167998701334 0.320723593235016 3.1992359161377
10 10 0.437762379646301 0.43575519323349 3.23542928695679
10 11 0.651320695877075 0.53280907869339 3.26688551902771
10 12 0.763753354549408 0.570752799510956 3.27659749984741
10 13 -0.0832790583372116 -0.125948965549469 3.04883813858032
10 14 -0.0848687067627907 -0.665032207965851 3.04400110244751
10 15 -0.0572790578007698 -1.02340400218964 2.98855209350586
10 16 -0.0971026048064232 -1.0653555393219 2.93969941139221
10 17 0.0893433466553688 -0.110610648989677 3.06299996376038
10 18 0.074234813451767 -0.657745063304901 3.01916193962097
10 19 0.0457792170345783 -1.00053358078003 2.99142289161682
10 20 0.0656549409031868 -1.05906939506531 2.91143679618835
11 1 -0.00285061122849584 -0.0343025997281075 3.08099341392517
11 2 -0.0142354927957058 0.0214678384363651 3.14746260643005
11 3 -0.033472117036581 0.393777966499329 3.19395065307617
11 4 -0.0506453812122345 0.620831429958344 3.18774461746216
11 5 -0.213202714920044 0.247250646352768 3.1304874420166
11 6 -0.277698159217834 -0.00987598858773708 3.07812762260437
11 7 -0.251806676387787 -0.239800035953522 3.00351500511169
11 8 -0.234460398554802 -0.336511075496674 2.98151087760925
11 9 0.168759614229202 0.320595473051071 3.20002818107605
11 10 0.438721776008606 0.435799449682236 3.23541641235352
11 11 0.704572439193726 0.554838299751282 3.26473116874695
11 12 0.789350867271423 0.576314330101013 3.27186417579651
11 13 -0.0830466747283936 -0.126072615385056 3.04912114143372
11 14 -0.0825825780630112 -0.665767788887024 3.04466390609741
11 15 -0.064045250415802 -1.02199268341064 2.99114060401917
11 16 -0.0975056886672974 -1.06446826457977 2.93896269798279
11 17 0.0895067825913429 -0.11098150908947 3.06359791755676
11 18 0.0740350186824799 -0.656986474990845 3.01888513565063
11 19 0.0477774366736412 -1.00078988075256 2.99048590660095
11 20 0.0643260627985001 -1.06114315986633 2.91642165184021
12 1 -0.00277769099920988 -0.0336115919053555 3.08092355728149
12 2 -0.0144165214151144 0.0219587832689285 3.14741206169128
12 3 -0.0347790941596031 0.393785774707794 3.19306373596191
12 4 -0.0504425168037415 0.621652483940125 3.18613934516907
12 5 -0.214138746261597 0.246852874755859 3.12984442710876
12 6 -0.277064740657806 -0.0115407090634108 3.0773069858551
12 7 -0.250103056430817 -0.24125973880291 3.0023775100708
12 8 -0.233408972620964 -0.336711198091507 2.98008942604065
12 9 0.168236613273621 0.321216136217117 3.20027422904968
12 10 0.437684178352356 0.436148345470428 3.23528099060059
12 11 0.652937293052673 0.531111836433411 3.26329636573792
12 12 0.763627529144287 0.570318460464478 3.27662205696106
12 13 -0.0828838273882866 -0.125585868954659 3.0488588809967
12 14 -0.0832366943359375 -0.662290096282959 3.04369473457336
12 15 -0.0585517026484013 -1.01752936840057 2.98917436599731
12 16 -0.0999508127570152 -1.0633909702301 2.93703532218933
12 17 0.0900491252541542 -0.110166124999523 3.06351590156555
12 18 0.0785658210515976 -0.650728583335876 3.01827549934387
12 19 0.0469132475554943 -0.998643934726715 2.99330282211304
12 20 0.0611681342124939 -1.05921626091003 2.9204261302948
13 1 -0.00297360168769956 -0.0330663248896599 3.08026266098022
13 2 -0.0146071892231703 0.0222156047821045 3.1467604637146
13 3 -0.0350359119474888 0.39194068312645 3.19176387786865
13 4 -0.050619475543499 0.621580123901367 3.18970608711243
13 5 -0.215051785111427 0.246294766664505 3.12763619422913
13 6 -0.276959180831909 -0.00847806315869093 3.07743453979492
13 7 -0.249648600816727 -0.237997248768806 3.00166726112366
13 8 -0.233671367168427 -0.337011098861694 2.97974109649658
13 9 0.168490424752235 0.320881307125092 3.19885039329529
13 10 0.437913835048676 0.435929656028748 3.23547792434692
13 11 0.652732372283936 0.532833278179169 3.2616171836853
13 12 0.764353692531586 0.56936639547348 3.27378797531128
13 13 -0.0836143493652344 -0.125054538249969 3.04808044433594
13 14 -0.0842014029622078 -0.658024787902832 3.04293751716614
13 15 -0.0650922656059265 -1.01197004318237 2.99068284034729
13 16 -0.095070481300354 -1.06437909603119 2.94591164588928
13 17 0.090250737965107 -0.10974109172821 3.06238079071045
13 18 0.0790599882602692 -0.645871341228485 3.01784801483154
13 19 0.0453346148133278 -0.99511057138443 2.99460983276367
13 20 0.0697494298219681 -1.05290913581848 2.92840647697449
14 1 -0.00347116496413946 -0.0334264747798443 3.07879948616028
14 2 -0.0149647910147905 0.0219561755657196 3.14531469345093
14 3 -0.0340235903859138 0.391325235366821 3.18952870368958
14 4 -0.050946906208992 0.6205233335495 3.18267035484314
14 5 -0.215070128440857 0.246471434831619 3.12604808807373
14 6 -0.276967227458954 -0.00139146717265248 3.07429552078247
14 7 -0.2518450319767 -0.235614076256752 2.9985933303833
14 8 -0.23447772860527 -0.336836516857147 2.97696495056152
14 9 0.167989626526833 0.320457398891449 3.19678640365601
14 10 0.437594830989838 0.434072971343994 3.23165202140808
14 11 0.657897293567657 0.536221861839294 3.26749634742737
14 12 0.771280765533447 0.568781912326813 3.26701283454895
14 13 -0.0840924233198166 -0.12524875998497 3.04667472839355
14 14 -0.084971159696579 -0.659111618995667 3.04268002510071
14 15 -0.0627883225679398 -1.01254081726074 2.99270820617676
14 16 -0.0905284285545349 -1.06365776062012 2.94553017616272
14 17 0.0893374159932137 -0.110104963183403 3.06063985824585
14 18 0.077816016972065 -0.64974969625473 3.01645541191101
14 19 0.0489933118224144 -1.00023412704468 2.991858959198
14 20 0.0721090286970139 -1.05986201763153 2.91428256034851
15 1 -0.00418119831010699 -0.0331948697566986 3.07679486274719
15 2 -0.0156651195138693 0.0220111925154924 3.14339876174927
15 3 -0.0361638329923153 0.391203165054321 3.18826484680176
15 4 -0.0488359145820141 0.619343161582947 3.1733615398407
15 5 -0.212938964366913 0.247832670807838 3.12466621398926
15 6 -0.27716475725174 -0.00745616620406508 3.0725884437561
15 7 -0.252275675535202 -0.237346008419991 2.99778032302856
15 8 -0.234858095645905 -0.337859988212585 2.97558212280273
15 9 0.168317005038261 0.320648998022079 3.19430041313171
15 10 0.438582897186279 0.434192299842834 3.22774410247803
15 11 0.651993989944458 0.53110545873642 3.25995826721191
15 12 0.76351273059845 0.56966108083725 3.26421785354614
15 13 -0.0848760828375816 -0.124329380691051 3.04420208930969
15 14 -0.0854228734970093 -0.656921744346619 3.041659116745
15 15 -0.0616494566202164 -1.0105619430542 2.992342710495
15 16 -0.091496966779232 -1.06196284294128 2.94691038131714
15 17 0.0887200757861137 -0.109707571566105 3.05838990211487
15 18 0.0781965404748917 -0.645514726638794 3.01584672927856
15 19 0.0472515225410461 -0.991540014743805 2.99601721763611
15 20 0.0616527944803238 -1.05363738536835 2.92786765098572
16 1 -0.00333638256415725 -0.0326420515775681 3.07510828971863
16 2 -0.0155467493459582 0.0230017714202404 3.14139723777771
16 3 -0.0365147888660431 0.393658399581909 3.18475103378296
16 4 -0.0333252958953381 0.626164972782135 3.18630504608154
16 5 -0.206387773156166 0.252002239227295 3.12366223335266
16 6 -0.278636753559113 -0.00589911406859756 3.07384419441223
16 7 -0.253572791814804 -0.235623091459274 2.99823689460754
16 8 -0.23510953783989 -0.339612424373627 2.97560358047485
16 9 0.173481747508049 0.322428315877914 3.19591903686523
16 10 0.440682649612427 0.43529611825943 3.22467112541199
16 11 0.654991984367371 0.532310783863068 3.2527015209198
16 12 0.768332481384277 0.562134206295013 3.2626621723175
16 13 -0.0834881886839867 -0.122530058026314 3.04114031791687
16 14 -0.0873724371194839 -0.661399245262146 3.04010939598084
16 15 -0.0602347552776337 -1.01358997821808 2.99120163917542
16 16 -0.0930294468998909 -1.06436336040497 2.94729781150818
16 17 0.0896344259381294 -0.109866663813591 3.058345079422
16 18 0.0758911818265915 -0.649479985237122 3.01526618003845
16 19 0.0503205880522728 -1.00106930732727 2.99070453643799
16 20 0.0727333426475525 -1.06103456020355 2.91778135299683
17 1 -0.00402929726988077 -0.0319894813001156 3.07450723648071
17 2 -0.0164375491440296 0.0235564522445202 3.14082288742065
17 3 -0.0382096543908119 0.394820421934128 3.18527173995972
17 4 -0.0270824935287237 0.627651691436768 3.18754744529724
17 5 -0.205599367618561 0.252663373947144 3.12239861488342
17 6 -0.277428448200226 -0.0161214079707861 3.07217860221863
17 7 -0.253745973110199 -0.245531141757965 2.99412775039673
17 8 -0.23629979789257 -0.341182559728622 2.97597050666809
17 9 0.174608245491982 0.322347491979599 3.19565629959106
17 10 0.442153602838516 0.433467447757721 3.22553610801697
17 11 0.657257676124573 0.530021190643311 3.25167393684387
17 12 0.770021378993988 0.560830056667328 3.26335501670837
17 13 -0.0847082659602165 -0.12148430198431 3.04001784324646
17 14 -0.088491827249527 -0.660838603973389 3.03993916511536
17 15 -0.0593504682183266 -1.01467227935791 2.98822808265686
17 16 -0.0868734419345856 -1.06400036811829 2.93930816650391
17 17 0.0892662480473518 -0.110178917646408 3.05885076522827
17 18 0.0748474597930908 -0.646788716316223 3.01460456848145
17 19 0.0456922203302383 -0.994861543178558 2.99514627456665
17 20 0.0732363164424896 -1.06168127059937 2.92878246307373
18 1 -0.0072011249139905 -0.0336651802062988 3.07391619682312
18 2 -0.0194371826946735 0.0220386162400246 3.14056611061096
18 3 -0.0440128035843372 0.394824475049973 3.18716263771057
18 4 -0.0437348149716854 0.623781383037567 3.16803336143494
18 5 -0.211310476064682 0.250911027193069 3.12129616737366
18 6 -0.278305381536484 -0.0177646800875664 3.07049798965454
18 7 -0.255327641963959 -0.247716784477234 2.99291253089905
18 8 -0.240732297301292 -0.340213388204575 2.97607278823853
18 9 0.164170444011688 0.319638252258301 3.19098567962646
18 10 0.441609680652618 0.430294424295425 3.2268807888031
18 11 0.659761250019073 0.520412266254425 3.25348711013794
18 12 0.772088348865509 0.557658433914185 3.26314067840576
18 13 -0.0868135839700699 -0.122887291014194 3.03918671607971
18 14 -0.0888037830591202 -0.661966323852539 3.03936862945557
18 15 -0.0617765076458454 -1.01325285434723 2.99199342727661
18 16 -0.0916622579097748 -1.06456160545349 2.94708108901978
18 17 0.0855504423379898 -0.111195802688599 3.05867099761963
18 18 0.0722334533929825 -0.650572717189789 3.01507091522217
18 19 0.0467337556183338 -0.996081471443176 2.99269938468933
18 20 0.0667447671294212 -1.05751752853394 2.91933274269104
19 1 -0.0104911159723997 -0.0353652723133564 3.07354950904846
19 2 -0.0220571421086788 0.0204514246433973 3.1405782699585
19 3 -0.045655257999897 0.394628405570984 3.18937540054321
19 4 -0.0567501410841942 0.625627279281616 3.1774799823761
19 5 -0.2164705991745 0.248785763978958 3.12167978286743
19 6 -0.27665314078331 -0.00715217785909772 3.07162427902222
19 7 -0.257902681827545 -0.239126071333885 2.99885058403015
19 8 -0.242677628993988 -0.340305358171463 2.97770595550537
19 9 0.158174499869347 0.318417817354202 3.18798160552979
19 10 0.445335626602173 0.433037549257278 3.22673869132996
19 11 0.666615724563599 0.518643319606781 3.24801445007324
19 12 0.765775501728058 0.553567290306091 3.24927973747253
19 13 -0.0903431624174118 -0.124978095293045 3.03991913795471
19 14 -0.0900864750146866 -0.660756289958954 3.0389552116394
19 15 -0.0654556453227997 -1.01356625556946 2.99159026145935
19 16 -0.087246298789978 -1.06557774543762 2.94302129745483
19 17 0.0819412469863892 -0.111434504389763 3.05696058273315
19 18 0.0735215395689011 -0.648225247859955 3.01485967636108
19 19 0.0471266768872738 -0.996691644191742 2.99395823478699
19 20 0.065604954957962 -1.05272269248962 2.92579245567322
20 1 -0.0118108792230487 -0.0364338643848896 3.07396411895752
20 2 -0.0232696030288935 0.0197376050055027 3.14106583595276
20 3 -0.0465286448597908 0.395033478736877 3.19006681442261
20 4 -0.0577034316956997 0.627456903457642 3.18245315551758
20 5 -0.218162804841995 0.247176840901375 3.12112927436829
20 6 -0.278838664293289 -0.0178408641368151 3.07038354873657
20 7 -0.257228523492813 -0.250171512365341 2.9987256526947
20 8 -0.243264019489288 -0.340497076511383 2.98054480552673
20 9 0.156554818153381 0.31754606962204 3.18660521507263
20 10 0.442364245653152 0.43051815032959 3.22430777549744
20 11 0.662709951400757 0.518194139003754 3.24835801124573
20 12 0.776128470897675 0.556375563144684 3.24707937240601
20 13 -0.0916672050952911 -0.126599788665771 3.04070901870728
20 14 -0.0915105119347572 -0.659895360469818 3.03815031051636
20 15 -0.0663789287209511 -1.01540243625641 2.98957014083862
20 16 -0.0938239693641663 -1.064204454422 2.94047665596008
20 17 0.0807706415653229 -0.11174001544714 3.05724406242371
20 18 0.0732963532209396 -0.64640074968338 3.01323866844177
20 19 0.0482509136199951 -0.994648337364197 2.99278664588928
20 20 0.0626035779714584 -1.05531084537506 2.92110848426819
