1 1 -0.0593943819403648 -0.136409625411034 3.14143228530884
1 2 -0.0616592280566692 -0.0821113362908363 3.20208477973938
1 3 -0.0801967307925224 0.261108130216599 3.23038649559021
1 4 -0.109988786280155 0.458613336086273 3.23709344863892
1 5 -0.259465843439102 0.136127561330795 3.2213249206543
1 6 -0.276116520166397 -0.116102501749992 3.1601254940033
1 7 -0.268133789300919 -0.316186964511871 3.0657000541687
1 8 -0.264490008354187 -0.361623972654343 3.04330921173096
1 9 0.121416263282299 0.182553589344025 3.22515416145325
1 10 0.370266139507294 0.218701422214508 3.11317443847656
1 11 0.560468316078186 0.249301642179489 3.00204539299011
1 12 0.621440351009369 0.26168617606163 2.96591138839722
1 13 -0.140714555978775 -0.224155783653259 3.11623573303223
1 14 -0.137901395559311 -0.680539488792419 3.11721801757813
1 15 -0.126647844910622 -1.02075242996216 3.05828857421875
1 16 -0.162157371640205 -1.07003664970398 3.00945496559143
1 17 0.0311838649213314 -0.213523358106613 3.12388396263123
1 18 0.0387648902833462 -0.669015109539032 3.09924554824829
1 19 0.0106274913996458 -1.00620889663696 3.05782628059387
1 20 0.0512302406132221 -1.05536293983459 2.98534321784973
2 1 -0.0545890145003796 -0.131116405129433 3.14726591110229
2 2 -0.0602114833891392 -0.0780943483114243 3.20685505867004
2 3 -0.0798378959298134 0.261592388153076 3.23207879066467
2 4 -0.111137107014656 0.45762774348259 3.23777318000793
2 5 -0.260081887245178 0.135822355747223 3.22212505340576
2 6 -0.275534123182297 -0.117359146475792 3.1604950428009
2 7 -0.266811221837997 -0.31795871257782 3.0648877620697
2 8 -0.262207478284836 -0.365046381950378 3.04605078697205
2 9 0.12371264398098 0.194205150008202 3.24675607681274
2 10 0.376785099506378 0.229625716805458 3.13678598403931
2 11 0.590214133262634 0.27954962849617 3.02501368522644
2 12 0.658476114273071 0.289924681186676 3.01091003417969
2 13 -0.135523483157158 -0.221833944320679 3.12008666992188
2 14 -0.136277586221695 -0.681556284427643 3.1169855594635
2 15 -0.126260817050934 -1.02107274532318 3.0574779510498
2 16 -0.16124914586544 -1.07160019874573 3.0081160068512
2 17 0.0375546999275684 -0.209501981735229 3.13231754302979
2 18 0.037742018699646 -0.675097584724426 3.10918784141541
2 19 0.0172796510159969 -1.00852799415588 3.05702590942383
2 20 0.0483508408069611 -1.05404484272003 2.99437093734741
3 1 -0.0542875193059444 -0.130582466721535 3.14777970314026
3 2 -0.0603634640574455 -0.0777647197246552 3.20747590065002
3 3 -0.0826261192560196 0.262617260217667 3.23509645462036
3 4 -0.114232681691647 0.455932945013046 3.23786306381226
3 5 -0.260280936956406 0.13568539917469 3.22157740592957
3 6 -0.275755196809769 -0.115358896553516 3.16163563728333
3 7 -0.26566481590271 -0.315766394138336 3.06402254104614
3 8 -0.259843975305557 -0.370062261819839 3.03844451904297
3 9 0.122963689267635 0.194180324673653 3.24823522567749
3 10 0.376881569623947 0.228643000125885 3.13666367530823
3 11 0.590844750404358 0.270780175924301 3.02927184104919
3 12 0.654386520385742 0.278747409582138 3.001784324646
3 13 -0.134737029671669 -0.221131175756454 3.1202540397644
3 14 -0.134806945919991 -0.680532157421112 3.11698126792908
3 15 -0.12590429186821 -1.02263045310974 3.05820178985596
3 16 -0.162320822477341 -1.07203340530396 3.01105427742004
3 17 0.0382431000471115 -0.209049090743065 3.13278770446777
3 18 0.0377839989960194 -0.679878056049347 3.11136078834534
3 19 0.0171066224575043 -1.01041269302368 3.05896067619324
3 20 0.0503320619463921 -1.05867290496826 2.9915759563446
4 1 -0.0544662661850452 -0.130233332514763 3.14802551269531
4 2 -0.0607173703610897 -0.0772816613316536 3.20790123939514
4 3 -0.0829775333404541 0.263404250144959 3.23580598831177
4 4 -0.115226767957211 0.456871390342712 3.23801374435425
4 5 -0.261061459779739 0.136040911078453 3.22252058982849
4 6 -0.274947136640549 -0.117347575724125 3.16132235527039
4 7 -0.265947669744492 -0.31814244389534 3.0635724067688
4 8 -0.263142883777618 -0.365843504667282 3.04311585426331
4 9 0.121775090694427 0.19442293047905 3.2497456073761
4 10 0.366567015647888 0.223091170191765 3.13979887962341
4 11 0.582400321960449 0.266568899154663 3.02356123924255
4 12 0.646462261676788 0.280805915594101 3.00019025802612
4 13 -0.134992182254791 -0.220383077859879 3.1203556060791
4 14 -0.134613156318665 -0.679471552371979 3.11700224876404
4 15 -0.127061903476715 -1.02343416213989 3.05793023109436
4 16 -0.166246995329857 -1.07453203201294 3.00883889198303
4 17 0.0379776805639267 -0.20898075401783 3.13308358192444
4 18 0.0366945751011372 -0.682823598384857 3.11228227615356
4 19 0.0181054305285215 -1.01026690006256 3.05990934371948
4 20 0.0491160601377487 -1.05905532836914 2.99235010147095
5 1 -0.0548005476593971 -0.130301862955093 3.14840269088745
5 2 -0.0610239543020725 -0.0775402262806892 3.20839786529541
5 3 -0.0853644460439682 0.262531876564026 3.2371940612793
5 4 -0.114912830293179 0.455924212932587 3.24000644683838
5 5 -0.262163788080215 0.135419934988022 3.22414064407349
5 6 -0.275699764490128 -0.115187160670757 3.16130876541138
5 7 -0.266299903392792 -0.316924631595612 3.06539225578308
5 8 -0.262761056423187 -0.365784257650375 3.04171705245972
5 9 0.121296338737011 0.193679511547089 3.25028872489929
5 10 0.369027256965637 0.223029881715775 3.13799166679382
5 11 0.584877252578735 0.266487449407578 3.02774620056152
5 12 0.64486026763916 0.280260652303696 2.99449133872986
5 13 -0.135188907384872 -0.220474094152451 3.12066030502319
5 14 -0.135472789406776 -0.679116487503052 3.11693525314331
5 15 -0.126492589712143 -1.02154076099396 3.05842566490173
5 16 -0.164381965994835 -1.07177639007568 3.00646758079529
5 17 0.0377982370555401 -0.208982959389687 3.13307237625122
5 18 0.0374612249433994 -0.678814649581909 3.11095666885376
5 19 0.0135542321950197 -1.01088666915894 3.06105375289917
5 20 0.0503504201769829 -1.0580472946167 2.99485325813293
6 1 -0.0549570210278034 -0.130098611116409 3.14867186546326
6 2 -0.0612043477594852 -0.0772675424814224 3.20865631103516
6 3 -0.0850310176610947 0.263300538063049 3.2373411655426
6 4 -0.115405850112438 0.456674873828888 3.24013805389404
6 5 -0.262609988451004 0.135554909706116 3.22479915618896
6 6 -0.275335937738419 -0.117533050477505 3.16117906570435
6 7 -0.266203820705414 -0.319432228803635 3.06502914428711
6 8 -0.262381553649902 -0.365701168775558 3.04179215431213
6 9 0.120988607406616 0.193333119153976 3.25121378898621
6 10 0.368921875953674 0.223080590367317 3.13644814491272
6 11 0.566801190376282 0.265308231115341 3.03159070014954
6 12 0.633436441421509 0.277230978012085 2.99573373794556
6 13 -0.135300397872925 -0.220243036746979 3.12080717086792
6 14 -0.134657502174377 -0.679053246974945 3.11686253547668
6 15 -0.126040980219841 -1.02111494541168 3.05853962898254
6 16 -0.164086997509003 -1.07192015647888 3.00890755653381
6 17 0.0377468168735504 -0.209060817956924 3.13353896141052
6 18 0.0376819893717766 -0.677998721599579 3.11123323440552
6 19 0.0136732906103134 -1.01043319702148 3.06022691726685
6 20 0.0472377836704254 -1.06016230583191 2.99991273880005
7 1 -0.0551913231611252 -0.130054801702499 3.14915704727173
7 2 -0.0614281743764877 -0.0773102939128876 3.20914959907532
7 3 -0.0837453305721283 0.262392163276672 3.23793888092041
7 4 -0.114711813628674 0.457769572734833 3.24315786361694
7 5 -0.262811899185181 0.135459274053574 3.22506022453308
7 6 -0.275793582201004 -0.114770509302616 3.16155004501343
7 7 -0.26588436961174 -0.317089557647705 3.06600880622864
7 8 -0.263142257928848 -0.366473823785782 3.04278635978699
7 9 0.121398948132992 0.193346738815308 3.25231838226318
7 10 0.370662689208984 0.223404362797737 3.13514304161072
7 11 0.562744617462158 0.266478717327118 3.02672743797302
7 12 0.649044632911682 0.281842917203903 2.99188113212585
7 13 -0.13568226993084 -0.22016853094101 3.12125420570374
7 14 -0.134968265891075 -0.678761720657349 3.11669325828552
7 15 -0.126655444502831 -1.02156066894531 3.05874514579773
7 16 -0.165233477950096 -1.07194852828979 3.01184010505676
7 17 0.0373286902904511 -0.209293112158775 3.13374304771423
7 18 0.0371247008442879 -0.680679619312286 3.11128783226013
7 19 0.0147788180038333 -1.01169848442078 3.0617413520813
7 20 0.0518265329301357 -1.06166064739227 2.99614453315735
8 1 -0.0552284978330135 -0.130213782191277 3.14965105056763
8 2 -0.0614914670586586 -0.0776034519076347 3.20973443984985
8 3 -0.0841949060559273 0.26172012090683 3.23924803733826
8 4 -0.114097326993942 0.456396549940109 3.24266910552979
8 5 -0.263072907924652 0.134764358401299 3.22589373588562
8 6 -0.277665436267853 -0.110618837177753 3.1635468006134
8 7 -0.265972554683685 -0.312023937702179 3.06861305236816
8 8 -0.262651205062866 -0.366089105606079 3.04414510726929
8 9 0.121231630444527 0.193830639123917 3.25332140922546
8 10 0.372702091932297 0.224389135837555 3.13285779953003
8 11 0.564706385135651 0.265253126621246 3.02293252944946
8 12 0.650697886943817 0.282028555870056 2.98865485191345
8 13 -0.135502994060516 -0.220607861876488 3.12175536155701
8 14 -0.134906947612762 -0.680892825126648 3.11737728118896
8 15 -0.127007186412811 -1.02171123027802 3.05953407287598
8 16 -0.166486531496048 -1.07352364063263 3.01064968109131
8 17 0.0377361141145229 -0.209218978881836 3.13404941558838
8 18 0.0377709940075874 -0.677208244800568 3.11184358596802
8 19 0.0135359698906541 -1.01238453388214 3.06246447563171
8 20 0.0490309521555901 -1.05948090553284 2.99518799781799
9 1 -0.0547856613993645 -0.130495101213455 3.15020823478699
9 2 -0.060990933328867 -0.0781358778476715 3.21047902107239
9 3 -0.0826899260282516 0.261233270168304 3.2415931224823
9 4 -0.113936692476273 0.455463260412216 3.24308848381042
9 5 -0.262670665979385 0.1344273686409 3.22593760490417
9 6 -0.276853144168854 -0.112375967204571 3.16348528862
9 7 -0.265532910823822 -0.31503888964653 3.06841897964478
9 8 -0.262162148952484 -0.367053478956223 3.04425930976868
9 9 0.12144773453474 0.193434864282608 3.25376176834106
9 10 0.366837054491043 0.223297208547592 3.13658118247986
9 11 0.557868957519531 0.26459863781929 3.02483749389648
9 12 0.626317739486694 0.276640295982361 2.99791574478149
9 13 -0.135176286101341 -0.22105273604393 3.12198352813721
9 14 -0.134054809808731 -0.680854678153992 3.1181275844574
9 15 -0.126109421253204 -1.02023184299469 3.05830001831055
9 16 -0.159831896424294 -1.0715389251709 3.00658178329468
9 17 0.037953469902277 -0.209279209375381 3.13432049751282
9 18 0.0368044823408127 -0.67696475982666 3.11227750778198
9 19 0.0160696431994438 -1.01219093799591 3.05832552909851
9 20 0.0490405708551407 -1.06068575382233 2.99739456176758
10 1 -0.0548510067164898 -0.130824193358421 3.15051698684692
10 2 -0.0609671100974083 -0.0785561501979828 3.21097660064697
10 3 -0.0832490175962448 0.261221021413803 3.24327778816223
10 4 -0.113687306642532 0.456631064414978 3.24385094642639
10 5 -0.262042313814163 0.134496852755547 3.22625494003296
10 6 -0.27568507194519 -0.115126274526119 3.1638445854187
10 7 -0.265723377466202 -0.317671746015549 3.06830382347107
10 8 -0.262158632278442 -0.365331321954727 3.04660797119141
10 9 0.121232107281685 0.19384554028511 3.25370979309082
10 10 0.365856289863586 0.224499747157097 3.135094165802
10 11 0.581577181816101 0.27149111032486 3.01830077171326
10 12 0.646514356136322 0.279491454362869 2.99520134925842
10 13 -0.135209009051323 -0.22126704454422 3.12213659286499
10 14 -0.134036973118782 -0.680679559707642 3.1185290813446
10 15 -0.125764206051826 -1.01943826675415 3.05865406990051
10 16 -0.162012159824371 -1.0718936920166 3.00685477256775
10 17 0.0376963280141354 -0.209494695067406 3.13451027870178
10 18 0.0390108153223991 -0.67377781867981 3.11329174041748
10 19 0.0172792803496122 -1.00756943225861 3.0594847202301
10 20 0.0490159913897514 -1.05733966827393 2.99546647071838
11 1 -0.0544222369790077 -0.131318882107735 3.15069031715393
11 2 -0.0608390122652054 -0.0787468925118446 3.21104121208191
11 3 -0.0839867442846298 0.26113286614418 3.24148488044739
11 4 -0.113266907632351 0.457189708948135 3.24420952796936
11 5 -0.26084440946579 0.134583815932274 3.22532725334167
11 6 -0.275392174720764 -0.115959659218788 3.1639621257782
11 7 -0.265431553125381 -0.318523585796356 3.0683491230011
11 8 -0.262243181467056 -0.365941435098648 3.04609513282776
11 9 0.12078583240509 0.19473460316658 3.25335836410522
11 10 0.364929914474487 0.225423082709312 3.13645529747009
11 11 0.578182578086853 0.272169589996338 3.02100920677185
11 12 0.64043790102005 0.279777765274048 2.99206018447876
11 13 -0.134313970804214 -0.221676409244537 3.12228178977966
11 14 -0.133725836873055 -0.680585443973541 3.11830019950867
11 15 -0.126421555876732 -1.02202153205872 3.05898833274841
11 16 -0.165679886937141 -1.07478356361389 3.00837326049805
11 17 0.0383157804608345 -0.209696188569069 3.1351490020752
11 18 0.0361919812858105 -0.679348945617676 3.113361120224
11 19 0.0141762597486377 -1.00727200508118 3.06132864952087
11 20 0.0493455193936825 -1.05689465999603 2.9965193271637
12 1 -0.0543853268027306 -0.131116434931755 3.15086793899536
12 2 -0.0607182197272778 -0.0785174965858459 3.2112455368042
12 3 -0.0841263383626938 0.261792659759521 3.24178838729858
12 4 -0.112837351858616 0.456000566482544 3.24345207214355
12 5 -0.261466383934021 0.134060114622116 3.22574019432068
12 6 -0.275261700153351 -0.114637576043606 3.16440510749817
12 7 -0.265855133533478 -0.316909968852997 3.06806373596191
12 8 -0.262540757656097 -0.364639073610306 3.04678726196289
12 9 0.121002122759819 0.195372864603996 3.25359916687012
12 10 0.365665882825851 0.226465165615082 3.13388872146606
12 11 0.582195699214935 0.274529933929443 3.01907014846802
12 12 0.625254809856415 0.281595557928085 2.99980545043945
12 13 -0.134354889392853 -0.221685513854027 3.12235760688782
12 14 -0.133756041526794 -0.680503666400909 3.1181013584137
12 15 -0.127556562423706 -1.02297496795654 3.05716395378113
12 16 -0.160878077149391 -1.07340729236603 3.00859379768372
12 17 0.0384338721632957 -0.209419399499893 3.1352162361145
12 18 0.0360245853662491 -0.677205204963684 3.1132116317749
12 19 0.0152482651174068 -1.00854921340942 3.06091547012329
12 20 0.0444879755377769 -1.05752801895142 3.00176453590393
13 1 -0.0545941479504108 -0.130914092063904 3.15086674690247
13 2 -0.0607525631785393 -0.0781102031469345 3.21123909950256
13 3 -0.0835477560758591 0.262284845113754 3.24049496650696
13 4 -0.114120662212372 0.455541282892227 3.2414653301239
13 5 -0.26241460442543 0.135107591748238 3.22692823410034
13 6 -0.27516183257103 -0.115022733807564 3.16444993019104
13 7 -0.265756517648697 -0.317324817180634 3.06814908981323
13 8 -0.262182354927063 -0.366066962480545 3.04468822479248
13 9 0.120695419609547 0.196053177118301 3.25333690643311
13 10 0.362871021032333 0.227928206324577 3.13283586502075
13 11 0.581951320171356 0.274210602045059 3.01679563522339
13 12 0.623443961143494 0.281736254692078 3.00096130371094
13 13 -0.134733408689499 -0.221420332789421 3.12257409095764
13 14 -0.134438171982765 -0.678794085979462 3.11788392066956
13 15 -0.126850545406342 -1.02042424678802 3.05998206138611
13 16 -0.16205869615078 -1.07096815109253 3.00830268859863
13 17 0.0380170270800591 -0.209212481975555 3.13492012023926
13 18 0.0370751246809959 -0.678756296634674 3.11334300041199
13 19 0.0160281900316477 -1.00872945785522 3.06082725524902
13 20 0.0487245991826057 -1.05817234516144 2.99652290344238
14 1 -0.054522443562746 -0.13130234181881 3.12768292427063
14 2 -0.061304684728384 -0.077681265771389 3.18743133544922
14 3 -0.0834492817521095 0.263899087905884 3.21265840530396
14 4 -0.114102199673653 0.453668653964996 3.21844244003296
14 5 -0.261499106884003 0.133359327912331 3.20278310775757
14 6 -0.273035794496536 -0.118871428072453 3.13811230659485
14 7 -0.26423591375351 -0.322105079889297 3.04408931732178
14 8 -0.260941207408905 -0.366154432296753 3.01848578453064
14 9 0.120148003101349 0.195169851183891 3.23364591598511
14 10 0.365188419818878 0.230277180671692 3.13061714172363
14 11 0.582501888275146 0.275149583816528 3.01455354690552
14 12 0.626040160655975 0.283711791038513 2.99818825721741
14 13 -0.134890869259834 -0.222339749336243 3.10064291954041
14 14 -0.133139327168465 -0.678520023822784 3.09651350975037
14 15 -0.125385448336601 -1.01605808734894 3.03853321075439
14 16 -0.15617635846138 -1.06743454933167 2.97555661201477
14 17 0.0383653603494167 -0.209151312708855 3.11187148094177
14 18 0.0346806906163692 -0.678719222545624 3.09195470809937
14 19 0.0160720720887184 -1.00404167175293 3.03832483291626
14 20 0.0486627109348774 -1.05305767059326 2.96782851219177
15 1 -0.0545037537813187 -0.131189405918121 3.12453484535217
15 2 -0.0615455508232117 -0.0776128619909287 3.18414402008057
15 3 -0.0838128328323364 0.263097643852234 3.20910120010376
15 4 -0.11477792263031 0.452957063913345 3.21370315551758
15 5 -0.261372774839401 0.132678985595703 3.19904899597168
15 6 -0.273642003536224 -0.118270255625248 3.13519644737244
15 7 -0.263718754053116 -0.321598142385483 3.04166221618652
15 8 -0.257180780172348 -0.403492510318756 3.00392007827759
15 9 0.121170580387115 0.194897472858429 3.23164653778076
15 10 0.364207714796066 0.23146778345108 3.13069772720337
15 11 0.582046031951904 0.27566996216774 3.01533842086792
15 12 0.623469948768616 0.285183608531952 2.99458742141724
15 13 -0.13492351770401 -0.222562402486801 3.09730863571167
15 14 -0.131806656718254 -0.679246783256531 3.09319877624512
15 15 -0.12706483900547 -1.01638150215149 3.031489610672
15 16 -0.157196775078773 -1.06806647777557 2.97490382194519
15 17 0.0386554710566998 -0.209362357854843 3.10895895957947
15 18 0.0343532487750053 -0.680006146430969 3.08903479576111
15 19 0.0119200712069869 -1.00925350189209 3.03217315673828
15 20 0.0500689968466759 -1.05410313606262 2.96613526344299
16 1 -0.054695762693882 -0.13051763176918 3.12295532226563
16 2 -0.0617129877209663 -0.0769091844558716 3.18238520622253
16 3 -0.0845513194799423 0.262744843959808 3.20553350448608
16 4 -0.114322304725647 0.454626142978668 3.21193218231201
16 5 -0.261535376310349 0.133397251367569 3.19850778579712
16 6 -0.273792207241058 -0.122388154268265 3.13255572319031
16 7 -0.263744503259659 -0.325288772583008 3.03831028938293
16 8 -0.260173201560974 -0.369107902050018 3.01486706733704
16 9 0.121728770434856 0.195441141724586 3.23001146316528
16 10 0.360221236944199 0.2304647564888 3.13321399688721
16 11 0.580378830432892 0.27496924996376 3.00720906257629
16 12 0.628076612949371 0.286042004823685 2.99497032165527
16 13 -0.135150328278542 -0.222028464078903 3.09605598449707
16 14 -0.132030308246613 -0.6788609623909 3.09241247177124
16 15 -0.125238731503487 -1.01661121845245 3.0318398475647
16 16 -0.155864581465721 -1.06723093986511 2.97437572479248
16 17 0.0387233421206474 -0.208903715014458 3.1074845790863
16 18 0.0350847281515598 -0.679441690444946 3.08638954162598
16 19 0.00956332497298718 -1.00769889354706 3.0335693359375
16 20 0.0519116446375847 -1.05363714694977 2.96516990661621
17 1 -0.0547284930944443 -0.130197182297707 3.12173175811768
17 2 -0.0617984905838966 -0.0763845220208168 3.18097925186157
17 3 -0.0835036709904671 0.263830840587616 3.20362257957459
17 4 -0.115160889923573 0.455532073974609 3.21144247055054
17 5 -0.261443495750427 0.134394079446793 3.1969313621521
17 6 -0.274208962917328 -0.122165963053703 3.13268613815308
17 7 -0.263936460018158 -0.324497282505035 3.03719925880432
17 8 -0.261966735124588 -0.365246415138245 3.01717209815979
17 9 0.121643483638763 0.195345729589462 3.22898435592651
17 10 0.364305526018143 0.23255729675293 3.13123822212219
17 11 0.568770229816437 0.279800921678543 3.01992130279541
17 12 0.61987030506134 0.286302983760834 2.99678826332092
17 13 -0.135357052087784 -0.221768409013748 3.09520030021667
17 14 -0.133132547140121 -0.678824305534363 3.09129357337952
17 15 -0.126725494861603 -1.01643133163452 3.03090691566467
17 16 -0.161237463355064 -1.06815528869629 2.97592329978943
17 17 0.0387239046394825 -0.208568587899208 3.10632371902466
17 18 0.035765465348959 -0.678597986698151 3.08530116081238
17 19 0.0174687504768372 -1.00503373146057 3.03509378433228
17 20 0.0514097027480602 -1.05337166786194 2.96663427352905
18 1 -0.0554121360182762 -0.130389705300331 3.1205108165741
18 2 -0.0620058253407478 -0.0766178667545319 3.17991948127747
18 3 -0.0834289938211441 0.263731300830841 3.20334553718567
18 4 -0.116941757500172 0.4563347697258 3.21083164215088
18 5 -0.262623578310013 0.133872270584106 3.19737458229065
18 6 -0.274666160345078 -0.124971270561218 3.13154697418213
18 7 -0.263739764690399 -0.327025592327118 3.03588819503784
18 8 -0.264426916837692 -0.36390608549118 3.01737284660339
18 9 0.121166251599789 0.195198431611061 3.22769737243652
18 10 0.354879766702652 0.236797392368317 3.13435983657837
18 11 0.571972787380219 0.282751798629761 3.01055312156677
18 12 0.629482805728912 0.294506430625916 2.9802873134613
18 13 -0.136463418602943 -0.222127124667168 3.09395599365234
18 14 -0.133669286966324 -0.679137468338013 3.09062790870667
18 15 -0.126559004187584 -1.01590812206268 3.03052687644959
18 16 -0.162079125642776 -1.06985199451447 2.97795271873474
18 17 0.0377524644136429 -0.208706215023994 3.10462498664856
18 18 0.0353540889918804 -0.678981721401215 3.08471989631653
18 19 0.0153780030086637 -1.00704395771027 3.03262138366699
18 20 0.0515063665807247 -1.05272936820984 2.964280128479
19 1 -0.0557110980153084 -0.13059364259243 3.12001204490662
19 2 -0.0621203370392323 -0.076694443821907 3.17946457862854
19 3 -0.0832661986351013 0.264375537633896 3.2030770778656
19 4 -0.117079272866249 0.456332296133041 3.21023368835449
19 5 -0.262900590896606 0.133702501654625 3.19704914093018
19 6 -0.275097221136093 -0.125974640250206 3.13104939460754
19 7 -0.263283520936966 -0.328460395336151 3.03639054298401
19 8 -0.26470011472702 -0.362136453390121 3.018150806427
19 9 0.120353154838085 0.194797202944756 3.22657895088196
19 10 0.363672137260437 0.23779271543026 3.13132286071777
19 11 0.571396350860596 0.283968031406403 3.00630116462708
19 12 0.624031662940979 0.294463604688644 2.9821949005127
19 13 -0.136865988373756 -0.222172453999519 3.09356474876404
19 14 -0.133911907672882 -0.679085791110992 3.09031200408936
19 15 -0.126374810934067 -1.01728045940399 3.031085729599
19 16 -0.162493050098419 -1.06863832473755 2.97729349136353
19 17 0.0372788608074188 -0.20895192027092 3.10414004325867
19 18 0.0352229066193104 -0.679482400417328 3.08417010307312
19 19 0.0154129369184375 -1.00585210323334 3.03220796585083
19 20 0.0520403124392033 -1.05302238464355 2.96485495567322
20 1 -0.0559772290289402 -0.13065579533577 3.11996984481812
20 2 -0.0621951892971992 -0.0769179090857506 3.17944526672363
20 3 -0.0832375064492226 0.263700097799301 3.20385313034058
20 4 -0.116825327277184 0.455945134162903 3.21260285377502
20 5 -0.263034373521805 0.134545162320137 3.19740843772888
20 6 -0.275370121002197 -0.126265168190002 3.13107776641846
20 7 -0.263383090496063 -0.329019635915756 3.03682947158813
20 8 -0.266235828399658 -0.362999737262726 3.01558566093445
20 9 0.11968182772398 0.194805815815926 3.22620320320129
20 10 0.363769948482513 0.237832471728325 3.13107442855835
20 11 0.579105138778687 0.286455601453781 3.00021719932556
20 12 0.630068600177765 0.297714412212372 2.98000717163086
20 13 -0.137264877557755 -0.222048744559288 3.09358358383179
20 14 -0.134308949112892 -0.67895781993866 3.09027576446533
20 15 -0.124725513160229 -1.01517152786255 3.0314040184021
20 16 -0.159858509898186 -1.06764793395996 2.97750520706177
20 17 0.0367759317159653 -0.209013476967812 3.1041214466095
20 18 0.0353328064084053 -0.679157078266144 3.0835862159729
20 19 0.0110707245767117 -1.00622618198395 3.032066822052
20 20 0.051474180072546 -1.05325174331665 2.96595859527588
