1 1 -0.00753862131386995 -0.0313818529248238 3.05841302871704
1 2 -0.0188664477318525 0.024339597672224 3.1236789226532
1 3 -0.0318095721304417 0.391848266124725 3.16436338424683
1 4 -0.0579912699759007 0.583083152770996 3.1568911075592
1 5 -0.21777768433094 0.249100163578987 3.09941792488098
1 6 -0.275521159172058 -0.00689765717834234 3.04261612892151
1 7 -0.249991819262505 -0.241047918796539 2.9510190486908
1 8 -0.236537382006645 -0.33912381529808 2.93981456756592
1 9 0.164457827806473 0.301767528057098 3.16746115684509
1 10 0.450263231992722 0.377652764320374 3.18910574913025
1 11 0.662775039672852 0.462464660406113 3.19581532478333
1 12 0.773694217205048 0.487532734870911 3.18122744560242
1 13 -0.0882432833313942 -0.121335282921791 3.0229115486145
1 14 -0.0880858972668648 -0.658226728439331 3.03380537033081
1 15 -0.0641513988375664 -1.01045155525208 2.99170970916748
1 16 -0.0889153853058815 -1.06522834300995 2.94506907463074
1 17 0.0834074690937996 -0.109084218740463 3.04604959487915
1 18 0.076155997812748 -0.647100567817688 3.00838923454285
1 19 0.0480238273739815 -0.994533240795136 2.99348545074463
1 20 0.0653771162033081 -1.05422556400299 2.91786313056946
2 1 -0.00408412655815482 -0.0325161144137383 3.06186938285828
2 2 -0.0146416807547212 0.0225530061870813 3.12791204452515
2 3 -0.0266929939389229 0.392230272293091 3.1755199432373
2 4 -0.0515628382563591 0.58705472946167 3.16056275367737
2 5 -0.213652119040489 0.247499465942383 3.10307860374451
2 6 -0.27505487203598 0.00769836036488414 3.04721188545227
2 7 -0.249429985880852 -0.240665048360825 2.95255351066589
2 8 -0.234970241785049 -0.338575124740601 2.93961572647095
2 9 0.168520748615265 0.300350427627563 3.17016220092773
2 10 0.447230815887451 0.375731945037842 3.18885517120361
2 11 0.662717700004578 0.456725746393204 3.20742964744568
2 12 0.756892740726471 0.476360350847244 3.18672132492065
2 13 -0.0852164328098297 -0.121847987174988 3.02596187591553
2 14 -0.0875940769910812 -0.659457385540009 3.03598213195801
2 15 -0.0595322847366333 -1.01380813121796 2.98910188674927
2 16 -0.0895882025361061 -1.06151580810547 2.93927550315857
2 17 0.0869102478027344 -0.110636256635189 3.04901099205017
2 18 0.0768391937017441 -0.65234112739563 3.01221561431885
2 19 0.0462060421705246 -1.00044167041779 2.98822975158691
2 20 0.0689567178487778 -1.05747067928314 2.91660213470459
3 1 -0.00215707300230861 -0.0331821627914906 3.06521081924438
3 2 -0.0125626940280199 0.0221850983798504 3.13116788864136
3 3 -0.0256958063691854 0.391514807939529 3.1774001121521
3 4 -0.0481399334967136 0.592040777206421 3.16370964050293
3 5 -0.209530130028725 0.248975351452827 3.10912537574768
3 6 -0.275660783052444 0.0102298427373171 3.05119919776917
3 7 -0.246768414974213 -0.240831777453423 2.95637249946594
3 8 -0.234352022409439 -0.336685955524445 2.94048976898193
3 9 0.170172721147537 0.300402343273163 3.17300462722778
3 10 0.450651913881302 0.375315189361572 3.19180607795715
3 11 0.671117007732391 0.452220916748047 3.1962571144104
3 12 0.760066986083984 0.473407983779907 3.17964172363281
3 13 -0.0832430794835091 -0.122307494282722 3.03008413314819
3 14 -0.0877643525600433 -0.657954931259155 3.03783440589905
3 15 -0.0586186200380325 -1.01457262039185 2.98915600776672
3 16 -0.0904367864131927 -1.06358599662781 2.94245195388794
3 17 0.0884822234511375 -0.111264921724796 3.05158376693726
3 18 0.0793147087097168 -0.653970837593079 3.0137996673584
3 19 0.0478118732571602 -1.00034725666046 2.99199175834656
3 20 0.0707134231925011 -1.05773031711578 2.9197564125061
4 1 -0.00121731997933239 -0.033691231161356 3.06821775436401
4 2 -0.0117875393480062 0.0218022484332323 3.13418173789978
4 3 -0.0255001410841942 0.390659838914871 3.17976427078247
4 4 -0.0480791479349136 0.594321072101593 3.16457581520081
4 5 -0.207858890295029 0.249708026647568 3.11244821548462
4 6 -0.275480270385742 0.0109427962452173 3.05372834205627
4 7 -0.245984643697739 -0.242395371198654 2.96063208580017
4 8 -0.233825623989105 -0.335349291563034 2.9431746006012
4 9 0.17314325273037 0.300112158060074 3.17695069313049
4 10 0.449507355690002 0.374601364135742 3.19733238220215
4 11 0.664533734321594 0.455135852098465 3.21292638778687
4 12 0.762042999267578 0.475035697221756 3.18593955039978
4 13 -0.0822336077690125 -0.122777208685875 3.03366208076477
4 14 -0.0860285609960556 -0.659018993377686 3.03949904441834
4 15 -0.0582267828285694 -1.01333808898926 2.99055671691895
4 16 -0.0958772301673889 -1.05984842777252 2.94234466552734
4 17 0.0895118564367294 -0.111791729927063 3.0541296005249
4 18 0.0783690512180328 -0.65137380361557 3.0158109664917
4 19 0.0459402725100517 -1.00207817554474 2.99054527282715
4 20 0.0689289346337318 -1.0559401512146 2.91812491416931
5 1 -0.000963092898018658 -0.03441072255373 3.07015562057495
5 2 -0.0112687107175589 0.0212650280445814 3.13620018959045
5 3 -0.0234289467334747 0.391956061124802 3.18231773376465
5 4 -0.0480376407504082 0.597725868225098 3.16349363327026
5 5 -0.206401273608208 0.250345826148987 3.11528944969177
5 6 -0.275454521179199 0.00966814998537302 3.05746388435364
5 7 -0.246233984827995 -0.242439389228821 2.96231770515442
5 8 -0.23417392373085 -0.335056871175766 2.94591856002808
5 9 0.173950150609016 0.29990741610527 3.17822766304016
5 10 0.447090119123459 0.374928861856461 3.19324946403503
5 11 0.662465929985046 0.453350782394409 3.19969964027405
5 12 0.771181523799896 0.478124767541885 3.18271446228027
5 13 -0.0820612832903862 -0.122968755662441 3.03569579124451
5 14 -0.0859248042106628 -0.65923011302948 3.03877425193787
5 15 -0.0561510138213634 -1.01409077644348 2.99226260185242
5 16 -0.0865671038627625 -1.06092953681946 2.9432692527771
5 17 0.0895050168037415 -0.112855024635792 3.05595350265503
5 18 0.0804870277643204 -0.651890099048615 3.0150842666626
5 19 0.0473734699189663 -1.00122809410095 2.99279570579529
5 20 0.071653425693512 -1.06301462650299 2.91873598098755
6 1 -0.00102134491316974 -0.0341669097542763 3.07053232192993
6 2 -0.0111574223265052 0.0216442570090294 3.13663911819458
6 3 -0.0232718978077173 0.392578393220901 3.18226599693298
6 4 -0.0465029552578926 0.599493265151978 3.16540575027466
6 5 -0.206467404961586 0.250635623931885 3.11579179763794
6 6 -0.275937914848328 0.0101136201992631 3.0579047203064
6 7 -0.247461542487144 -0.240873441100121 2.96277952194214
6 8 -0.234672695398331 -0.335527986288071 2.94632840156555
6 9 0.174246147274971 0.299915134906769 3.17811274528503
6 10 0.448428809642792 0.376024663448334 3.18919944763184
6 11 0.682187378406525 0.459570944309235 3.19467091560364
6 12 0.762456953525543 0.472971826791763 3.17769551277161
6 13 -0.0823847427964211 -0.122460789978504 3.03622555732727
6 14 -0.085618868470192 -0.659159123897552 3.03935360908508
6 15 -0.057384580373764 -1.00787925720215 2.99592566490173
6 16 -0.0985633358359337 -1.06196117401123 2.93905925750732
6 17 0.0894674584269524 -0.112837791442871 3.05602860450745
6 18 0.0793545171618462 -0.65383106470108 3.0144727230072
6 19 0.0475081726908684 -1.00146508216858 2.98952198028564
6 20 0.0694446712732315 -1.06006395816803 2.91082906723022
7 1 -0.000266154966084287 -0.0341988243162632 3.06950426101685
7 2 -0.0101754143834114 0.0218483209609985 3.135666847229
7 3 -0.0218177195638418 0.393023908138275 3.18041062355042
7 4 -0.0464907996356487 0.602653205394745 3.16454672813416
7 5 -0.205666854977608 0.250854402780533 3.11532306671143
7 6 -0.275572657585144 0.0121910991147161 3.05695557594299
7 7 -0.247136294841766 -0.242731347680092 2.96239304542542
7 8 -0.234162002801895 -0.333353698253632 2.94578433036804
7 9 0.174559682607651 0.29951211810112 3.1766083240509
7 10 0.450078547000885 0.375376999378204 3.18762588500977
7 11 0.696476817131042 0.460878044366837 3.18608736991882
7 12 0.775775969028473 0.47622737288475 3.169682264328
7 13 -0.0815902277827263 -0.122411109507084 3.03489947319031
7 14 -0.0872623696923256 -0.657261252403259 3.0389404296875
7 15 -0.0613225027918816 -1.01099967956543 2.9932279586792
7 16 -0.090947799384594 -1.05900979042053 2.94219875335693
7 17 0.0898877531290054 -0.112624704837799 3.05507802963257
7 18 0.079595647752285 -0.649884045124054 3.01305890083313
7 19 0.0485298484563828 -0.999402403831482 2.99456357955933
7 20 0.0602111332118511 -1.05521130561829 2.93047547340393
8 1 -0.000726714846678078 -0.034445907920599 3.06829309463501
8 2 -0.0103008262813091 0.0219831317663193 3.13454651832581
8 3 -0.021818159148097 0.394860029220581 3.17880725860596
8 4 -0.0462807230651379 0.606122255325317 3.1617419719696
8 5 -0.205934017896652 0.250258654356003 3.11386251449585
8 6 -0.275511413812637 0.0132894683629274 3.05583953857422
8 7 -0.247284665703773 -0.24118535220623 2.96031188964844
8 8 -0.235009223222733 -0.334183543920517 2.943678855896
8 9 0.172802329063416 0.299282342195511 3.17349910736084
8 10 0.449537068605423 0.375993579626083 3.18224406242371
8 11 0.668017327785492 0.445709526538849 3.18012738227844
8 12 0.774562418460846 0.478369534015656 3.18291425704956
8 13 -0.0822705700993538 -0.122568160295486 3.03381299972534
8 14 -0.0867042243480682 -0.657048642635345 3.03833413124084
8 15 -0.0599555969238281 -1.01286923885345 2.99036931991577
8 16 -0.0907152891159058 -1.06058812141418 2.94285702705383
8 17 0.0891896486282349 -0.112555496394634 3.054044008255
8 18 0.0777731463313103 -0.649567782878876 3.01282954216003
8 19 0.0438511967658997 -0.998579919338226 2.99305033683777
8 20 0.066817931830883 -1.05580699443817 2.92350292205811
9 1 -0.00154615135397762 -0.0341526083648205 3.06655669212341
9 2 -0.0113235376775265 0.0219214111566544 3.13276290893555
9 3 -0.0230490528047085 0.392982840538025 3.17714047431946
9 4 -0.045838188380003 0.606329321861267 3.15964078903198
9 5 -0.206651583313942 0.249621480703354 3.11154222488403
9 6 -0.275238543748856 0.013182076625526 3.05430603027344
9 7 -0.248612880706787 -0.240070402622223 2.95884156227112
9 8 -0.236709877848625 -0.335449635982513 2.94342350959778
9 9 0.173331171274185 0.299200594425201 3.17305374145508
9 10 0.446824550628662 0.376747727394104 3.17875266075134
9 11 0.66378927230835 0.448537081480026 3.18612790107727
9 12 0.771941363811493 0.478269964456558 3.17943453788757
9 13 -0.0835075229406357 -0.122381567955017 3.03139090538025
9 14 -0.0865382254123688 -0.660371840000153 3.0368812084198
9 15 -0.0597784779965878 -1.01573383808136 2.98894476890564
9 16 -0.0994091033935547 -1.06295585632324 2.93326616287231
9 17 0.0886136069893837 -0.112698718905449 3.052170753479
9 18 0.0784944146871567 -0.654119849205017 3.01192164421082
9 19 0.0455863699316978 -1.00262629985809 2.99130797386169
9 20 0.0697478204965591 -1.05776071548462 2.91300773620605
10 1 -0.00317663396708667 -0.0345436669886112 3.0655345916748
10 2 -0.0130778346210718 0.0214586481451988 3.1317298412323
10 3 -0.0258164592087269 0.39227294921875 3.17615270614624
10 4 -0.0476753264665604 0.607250928878784 3.15896201133728
10 5 -0.207844659686089 0.249211400747299 3.10939455032349
10 6 -0.275496512651443 0.0125765400007367 3.05445432662964
10 7 -0.249921843409538 -0.244275569915771 2.95633339881897
10 8 -0.238826110959053 -0.336779147386551 2.94109392166138
10 9 0.170882627367973 0.299842447042465 3.17131590843201
10 10 0.442136406898499 0.376096695661545 3.17825865745544
10 11 0.657144665718079 0.451770722866058 3.18890762329102
10 12 0.765321373939514 0.480098694562912 3.17583870887756
10 13 -0.084669440984726 -0.122327886521816 3.03066039085388
10 14 -0.0876215398311615 -0.660091996192932 3.03643321990967
10 15 -0.0593719780445099 -1.01216673851013 2.98887491226196
10 16 -0.0954360365867615 -1.05968594551086 2.94511198997498
10 17 0.0866198539733887 -0.113098338246346 3.05092978477478
10 18 0.0749292224645615 -0.657065987586975 3.00960111618042
10 19 0.0442605540156364 -1.00745582580566 2.98885250091553
10 20 0.0729717388749123 -1.06040215492249 2.9111967086792
11 1 -0.0054004373960197 -0.0335584618151188 3.06512761116028
11 2 -0.0150811672210693 0.0220429003238678 3.1313304901123
11 3 -0.0283014159649611 0.391473382711411 3.17602300643921
11 4 -0.049577996134758 0.607699036598206 3.15868353843689
11 5 -0.212317511439323 0.248116016387939 3.10935139656067
11 6 -0.276676505804062 0.00315925595350564 3.05120968818665
11 7 -0.253757923841476 -0.247580349445343 2.95324945449829
11 8 -0.244120702147484 -0.335385501384735 2.93433475494385
11 9 0.169911101460457 0.300752967596054 3.17064237594604
11 10 0.434668391942978 0.377429395914078 3.17426824569702
11 11 0.681688368320465 0.466690897941589 3.17864084243774
11 12 0.763626456260681 0.477663844823837 3.16644239425659
11 13 -0.0871384143829346 -0.122017815709114 3.03001117706299
11 14 -0.0895432680845261 -0.657549381256104 3.03581142425537
11 15 -0.0598016493022442 -1.01403021812439 2.98700499534607
11 16 -0.0926435515284538 -1.06072819232941 2.94049906730652
11 17 0.0848909467458725 -0.112673938274384 3.050452709198
11 18 0.0725255608558655 -0.653346657752991 3.01026678085327
11 19 0.0453910976648331 -1.00289714336395 2.98977851867676
11 20 0.0678649321198463 -1.05775415897369 2.91858386993408
12 1 -0.00760666048154235 -0.0332220308482647 3.06437087059021
12 2 -0.0170542299747467 0.0227493345737457 3.1305513381958
12 3 -0.0292069129645824 0.394284188747406 3.17500329017639
12 4 -0.0571537129580975 0.611539363861084 3.15997457504272
12 5 -0.214526876807213 0.249219506978989 3.10877156257629
12 6 -0.27711009979248 0.00389012042433023 3.05223965644836
12 7 -0.256696432828903 -0.246782302856445 2.95354437828064
12 8 -0.246855080127716 -0.335451900959015 2.93242859840393
12 9 0.165959388017654 0.301312148571014 3.16965627670288
12 10 0.447984278202057 0.380062282085419 3.17824149131775
12 11 0.664331376552582 0.454467952251434 3.17461204528809
12 12 0.773833096027374 0.485052227973938 3.17188119888306
12 13 -0.0899820998311043 -0.121569357812405 3.02918100357056
12 14 -0.0911789536476135 -0.657054603099823 3.03546166419983
12 15 -0.0599579848349094 -1.01352953910828 2.98903775215149
12 16 -0.0961515605449677 -1.05734086036682 2.94087767601013
12 17 0.0824758261442184 -0.112145937979221 3.050217628479
12 18 0.0737857818603516 -0.647805869579315 3.0102686882019
12 19 0.0414474681019783 -1.00280809402466 2.99212551116943
12 20 0.0572247132658958 -1.05124878883362 2.93207287788391
13 1 -0.00979733094573021 -0.033461544662714 3.06504845619202
13 2 -0.0198317691683769 0.0227289367467165 3.13123440742493
13 3 -0.034715261310339 0.396273016929626 3.17718076705933
13 4 -0.0610475689172745 0.615049064159393 3.16216063499451
13 5 -0.217573255300522 0.24978843331337 3.10984921455383
13 6 -0.279012858867645 0.00825210381299257 3.05258655548096
13 7 -0.259599506855011 -0.244981333613396 2.95436978340149
13 8 -0.248437106609344 -0.335307002067566 2.93310546875
13 9 0.162351474165916 0.300916165113449 3.169193983078
13 10 0.438489198684692 0.381132245063782 3.17811965942383
13 11 0.6734259724617 0.460856646299362 3.18067622184753
13 12 0.755952715873718 0.476102620363235 3.16971135139465
13 13 -0.0916487947106361 -0.121810287237167 3.0292637348175
13 14 -0.0920406505465508 -0.658210813999176 3.03555703163147
13 15 -0.0655753910541534 -1.01408040523529 2.98957753181458
13 16 -0.0891526490449905 -1.0662956237793 2.94288921356201
13 17 0.0801888704299927 -0.112312309443951 3.05122900009155
13 18 0.0732704699039459 -0.652510523796082 3.01092863082886
13 19 0.0492240786552429 -1.00055432319641 2.98968696594238
13 20 0.0654794275760651 -1.06022918224335 2.91408228874207
14 1 -0.0124214962124825 -0.0334892496466637 3.06520295143127
14 2 -0.0218947846442461 0.02277129329741 3.1315004825592
14 3 -0.0357139743864536 0.395397245883942 3.17744183540344
14 4 -0.061885192990303 0.614164173603058 3.15910363197327
14 5 -0.22014319896698 0.251891076564789 3.11117267608643
14 6 -0.283678740262985 0.0124536976218224 3.05352544784546
14 7 -0.264555037021637 -0.24141800403595 2.95566606521606
14 8 -0.251948893070221 -0.335683643817902 2.93652963638306
14 9 0.160068169236183 0.300599008798599 3.16902589797974
14 10 0.444563806056976 0.379698574542999 3.18418955802917
14 11 0.690622329711914 0.463387548923492 3.18885469436646
14 12 0.770633935928345 0.477948307991028 3.16914558410645
14 13 -0.0944013744592667 -0.121477350592613 3.0301342010498
14 14 -0.0931624993681908 -0.658644020557404 3.03488254547119
14 15 -0.0668050348758698 -1.01103210449219 2.99045157432556
14 16 -0.0938862934708595 -1.06035530567169 2.94012570381165
14 17 0.0776416584849358 -0.112226955592632 3.05125522613525
14 18 0.0714487507939339 -0.650347411632538 3.00806355476379
14 19 0.0482063144445419 -0.995924234390259 2.99154305458069
14 20 0.0671461522579193 -1.05730628967285 2.91460967063904
15 1 -0.0131389992311597 -0.0337830744683743 3.06544613838196
15 2 -0.0227550826966763 0.0226871203631163 3.13176989555359
15 3 -0.0364313162863255 0.396409511566162 3.17752552032471
15 4 -0.0616335012018681 0.616278529167175 3.15944695472717
15 5 -0.220824301242828 0.252070426940918 3.11147475242615
15 6 -0.283831745386124 0.0124461324885488 3.05463981628418
15 7 -0.265851318836212 -0.240057751536369 2.95645523071289
15 8 -0.252620309591293 -0.336817860603333 2.93813848495483
15 9 0.1579729616642 0.300663501024246 3.17025828361511
15 10 0.443095237016678 0.379986166954041 3.18460774421692
15 11 0.664680600166321 0.438839256763458 3.16859698295593
15 12 0.772007942199707 0.474323064088821 3.16727161407471
15 13 -0.0948416516184807 -0.121747255325317 3.03044629096985
15 14 -0.0939606577157974 -0.657955348491669 3.03351950645447
15 15 -0.0633394420146942 -1.01063632965088 2.99090576171875
15 16 -0.0906911790370941 -1.06131601333618 2.93831133842468
15 17 0.0768032670021057 -0.112187102437019 3.05165195465088
15 18 0.0688830986618996 -0.651859521865845 3.00768828392029
15 19 0.0475291088223457 -0.99714183807373 2.99289536476135
15 20 0.0588753558695316 -1.05619359016418 2.92319178581238
16 1 -0.0135370176285505 -0.0344084016978741 3.06658291816711
16 2 -0.0229796022176743 0.0219975132495165 3.13290691375732
16 3 -0.0359871201217175 0.395046234130859 3.17874383926392
16 4 -0.0611158907413483 0.61650812625885 3.16336297988892
16 5 -0.221129432320595 0.251952201128006 3.11286520957947
16 6 -0.282915621995926 0.013616569340229 3.05549120903015
16 7 -0.266106754541397 -0.240494921803474 2.95771646499634
16 8 -0.252916127443314 -0.336755752563477 2.93835139274597
16 9 0.157691299915314 0.30012983083725 3.17079734802246
16 10 0.449231177568436 0.379662781953812 3.18839287757874
16 11 0.666460931301117 0.451006054878235 3.19330596923828
16 12 0.773709535598755 0.481249779462814 3.17810940742493
16 13 -0.0952054038643837 -0.122333653271198 3.03237009048462
16 14 -0.0934582427144051 -0.658606469631195 3.03359007835388
16 15 -0.0647074431180954 -1.01307690143585 2.98787260055542
16 16 -0.0937679558992386 -1.05997884273529 2.93802165985107
16 17 0.0762797370553017 -0.112608164548874 3.05235433578491
16 18 0.0687798708677292 -0.652069985866547 3.00794959068298
16 19 0.0441363900899887 -0.999349474906921 2.98806095123291
16 20 0.0703584179282188 -1.05738818645477 2.91074633598328
17 1 -0.013468555174768 -0.0343245305120945 3.06808400154114
17 2 -0.0231997855007648 0.0217723622918129 3.13443279266357
17 3 -0.0367139540612698 0.393838763237 3.18098640441895
17 4 -0.0600771717727184 0.615517616271973 3.16271257400513
17 5 -0.220803886651993 0.251777499914169 3.11391925811768
17 6 -0.279946208000183 0.0121145565062761 3.05667901039124
17 7 -0.264428734779358 -0.243705034255981 2.95787501335144
17 8 -0.252324163913727 -0.337114155292511 2.9404559135437
17 9 0.158562168478966 0.300354301929474 3.17358660697937
17 10 0.443065702915192 0.378089606761932 3.18609356880188
17 11 0.658246278762817 0.451186835765839 3.20437097549438
17 12 0.764307022094727 0.478513836860657 3.18008518218994
17 13 -0.0949981585144997 -0.122243411839008 3.03402805328369
17 14 -0.0937900468707085 -0.658952236175537 3.03542304039001
17 15 -0.0645233541727066 -1.01048493385315 2.98923754692078
17 16 -0.0934166014194489 -1.05963015556335 2.94118905067444
17 17 0.076535776257515 -0.112496271729469 3.0535933971405
17 18 0.0688805803656578 -0.649589836597443 3.00923037528992
17 19 0.0395148098468781 -0.998259782791138 2.98922276496887
17 20 0.0660484060645103 -1.05385065078735 2.93077564239502
18 1 -0.0131971556693316 -0.0351508893072605 3.07002186775208
18 2 -0.0230884030461311 0.0208206791430712 3.13648080825806
18 3 -0.0375202856957912 0.392881274223328 3.18353843688965
18 4 -0.0598388761281967 0.615125060081482 3.16428565979004
18 5 -0.21987721323967 0.251671463251114 3.11534667015076
18 6 -0.279903411865234 0.00961731374263763 3.05720663070679
18 7 -0.263389587402344 -0.24354088306427 2.95990562438965
18 8 -0.250477969646454 -0.337795615196228 2.93932199478149
18 9 0.158684104681015 0.299991458654404 3.17458152770996
18 10 0.437553107738495 0.377022296190262 3.18492293357849
18 11 0.699248611927032 0.46038481593132 3.18614935874939
18 12 0.779204130172729 0.479033678770065 3.17469429969788
18 13 -0.094137579202652 -0.122800022363663 3.03585410118103
18 14 -0.0926511883735657 -0.66277539730072 3.03781914710999
18 15 -0.065764307975769 -1.01226925849915 2.9901807308197
18 16 -0.0802488252520561 -1.06321370601654 2.93769001960754
18 17 0.07685536891222 -0.11312161386013 3.05557990074158
18 18 0.0690577998757362 -0.654641628265381 3.01125931739807
18 19 0.0447757691144943 -1.00005221366882 2.9875283241272
18 20 0.0719475299119949 -1.05780267715454 2.91227769851685
19 1 -0.0128320818766952 -0.0349986031651497 3.07241940498352
19 2 -0.0227650105953217 0.0206634923815727 3.13897657394409
19 3 -0.0363707467913628 0.39281490445137 3.18746995925903
19 4 -0.0603681281208992 0.614350318908691 3.16803359985352
19 5 -0.21896980702877 0.250952750444412 3.11844635009766
19 6 -0.28110858798027 -0.00153448327910155 3.05624270439148
19 7 -0.262428253889084 -0.246890157461166 2.96106958389282
19 8 -0.249500319361687 -0.337380051612854 2.94086813926697
19 9 0.159967690706253 0.300524055957794 3.17856454849243
19 10 0.43726721405983 0.374110639095306 3.18918251991272
19 11 0.654368221759796 0.44422510266304 3.20062565803528
19 12 0.76215922832489 0.474377870559692 3.19245648384094
19 13 -0.0936893671751022 -0.122756138443947 3.03792405128479
19 14 -0.0926389545202255 -0.661517083644867 3.03929829597473
19 15 -0.0662460327148438 -1.01107478141785 2.98943209648132
19 16 -0.0908291935920715 -1.06079745292664 2.93777346611023
19 17 0.0773335471749306 -0.113083049654961 3.05793023109436
19 18 0.06896061450243 -0.655068576335907 3.01182293891907
19 19 0.0479277893900871 -1.00153529644012 2.98708629608154
19 20 0.0650475770235062 -1.05842018127441 2.91877722740173
20 1 -0.0123199578374624 -0.0352137051522732 3.07470011711121
20 2 -0.022526104003191 0.0203935075551271 3.14124536514282
20 3 -0.0363023653626442 0.392015337944031 3.18920063972473
20 4 -0.060570053756237 0.614975094795227 3.17255067825317
20 5 -0.218888133764267 0.249580830335617 3.12012505531311
20 6 -0.279859244823456 -0.00464618019759655 3.05984568595886
20 7 -0.262314230203629 -0.248372480273247 2.96479749679565
20 8 -0.249131724238396 -0.337770164012909 2.93993854522705
20 9 0.160540372133255 0.300322145223618 3.18192434310913
20 10 0.439369678497314 0.375668346881866 3.19439053535461
20 11 0.6837557554245 0.464406996965408 3.20021057128906
20 12 0.764849185943604 0.475836098194122 3.18617153167725
20 13 -0.0930497348308563 -0.123300462961197 3.03992247581482
20 14 -0.0927098542451859 -0.661612212657928 3.04014158248901
20 15 -0.0617838352918625 -1.0116468667984 2.99001049995422
20 16 -0.0917826145887375 -1.0613956451416 2.94384384155273
20 17 0.0780049338936806 -0.113237433135509 3.06011080741882
20 18 0.0703898668289185 -0.652068793773651 3.01312565803528
20 19 0.0411804914474487 -0.995232343673706 2.99119400978088
20 20 0.0633157044649124 -1.05622315406799 2.92080807685852
