1 1 -0.033618476241827 -0.0725191459059715 3.10464143753052
1 2 -0.0353720337152481 -0.0151642262935638 3.16806316375732
1 3 -0.0480416193604469 0.35124608874321 3.20192718505859
1 4 -0.0451528280973434 0.544905245304108 3.19720840454102
1 5 -0.209097295999527 0.221549421548843 3.18393325805664
1 6 -0.258353412151337 -0.00199413066729903 3.14084935188293
1 7 -0.270429581403732 -0.237448558211327 3.0237512588501
1 8 -0.266697227954865 -0.325736463069916 2.97960758209229
1 9 0.140262603759766 0.253501057624817 3.18919277191162
1 10 0.364840149879456 0.270326018333435 3.12977504730225
1 11 0.583440363407135 0.316793739795685 3.02705764770508
1 12 0.653755784034729 0.321362107992172 3.00844621658325
1 13 -0.109815545380116 -0.149256944656372 3.08226227760315
1 14 -0.155555009841919 -0.585205018520355 3.02038621902466
1 15 -0.153796881437302 -0.95114004611969 3.03837132453918
1 16 -0.155477419495583 -1.0522643327713 2.96348929405212
1 17 0.0470499508082867 -0.148203045129776 3.08595395088196
1 18 0.106812916696072 -0.572377681732178 2.99951863288879
1 19 0.0981282815337181 -0.943803787231445 3.02174925804138
1 20 0.109110802412033 -1.04503989219666 2.94956755638123
2 1 -0.0336365662515163 -0.0718622654676437 3.10423278808594
2 2 -0.035497784614563 -0.014658591710031 3.16773009300232
2 3 -0.0482899323105812 0.351232886314392 3.20170855522156
2 4 -0.0454334951937199 0.5450758934021 3.19847297668457
2 5 -0.210336953401566 0.221927747130394 3.18426537513733
2 6 -0.257985025644302 -0.00947378575801849 3.1368932723999
2 7 -0.269754767417908 -0.235380008816719 3.01953816413879
2 8 -0.265951633453369 -0.319842457771301 2.97031497955322
2 9 0.14026503264904 0.254318177700043 3.18973851203918
2 10 0.401050120592117 0.277422815561295 3.12003445625305
2 11 0.590158641338348 0.320410162210464 3.03340148925781
2 12 0.659926176071167 0.32494330406189 3.01493859291077
2 13 -0.109815843403339 -0.149010598659515 3.08188009262085
2 14 -0.155901491641998 -0.584839463233948 3.02045297622681
2 15 -0.153019666671753 -0.951073348522186 3.03994798660278
2 16 -0.154286921024323 -1.05454587936401 2.96681475639343
2 17 0.047598984092474 -0.147696673870087 3.08583402633667
2 18 0.107568129897118 -0.57327264547348 3.00042605400085
2 19 0.0978752449154854 -0.944684028625488 3.02261805534363
2 20 0.108205206692219 -1.04604768753052 2.95084261894226
3 1 -0.0320849977433681 -0.0712021216750145 3.10508561134338
3 2 -0.0343229100108147 -0.014269357547164 3.1687068939209
3 3 -0.0483581684529781 0.351582586765289 3.20462131500244
3 4 -0.0451604016125202 0.544072329998016 3.20160365104675
3 5 -0.210722059011459 0.221775949001312 3.185791015625
3 6 -0.257097601890564 -0.00278607569634914 3.14318919181824
3 7 -0.26753032207489 -0.236348748207092 3.01919913291931
3 8 -0.265924781560898 -0.319566428661346 2.96835017204285
3 9 0.140087872743607 0.254319399595261 3.1913435459137
3 10 0.395572394132614 0.274640321731567 3.12546801567078
3 11 0.581340134143829 0.316293627023697 3.03442978858948
3 12 0.635399460792542 0.318938314914703 3.01933526992798
3 13 -0.108037829399109 -0.148629516363144 3.08216428756714
3 14 -0.155001610517502 -0.584150910377502 3.02001142501831
3 15 -0.153006553649902 -0.950474977493286 3.044762134552
3 16 -0.154628872871399 -1.05645036697388 2.96774959564209
3 17 0.0500164851546288 -0.146701708436012 3.08726239204407
3 18 0.10737182199955 -0.574030876159668 3.00337958335876
3 19 0.0976975932717323 -0.947023272514343 3.02181386947632
3 20 0.111545488238335 -1.04689276218414 2.94297194480896
4 1 -0.0307142436504364 -0.0708278939127922 3.1077835559845
4 2 -0.0332191251218319 -0.0136837009340525 3.17129325866699
4 3 -0.0480779930949211 0.352582603693008 3.20680618286133
4 4 -0.045365322381258 0.543932855129242 3.20279550552368
4 5 -0.210612758994102 0.221176594495773 3.18740034103394
4 6 -0.255488634109497 -0.00395731069147587 3.1484363079071
4 7 -0.262785047292709 -0.236365154385567 3.02785325050354
4 8 -0.263953268527985 -0.319856971502304 2.97679662704468
4 9 0.14043103158474 0.253777325153351 3.19290852546692
4 10 0.369791150093079 0.269163757562637 3.13462090492249
4 11 0.571286678314209 0.312368035316467 3.03669500350952
4 12 0.651482760906219 0.320352077484131 3.02005219459534
4 13 -0.106621593236923 -0.148699134588242 3.08495879173279
4 14 -0.15482223033905 -0.583617389202118 3.02058005332947
4 15 -0.15282978117466 -0.951068341732025 3.04137492179871
4 16 -0.156150490045547 -1.05483043193817 2.96085405349731
4 17 0.0518826730549335 -0.146301686763763 3.09010434150696
4 18 0.107394404709339 -0.573314547538757 3.00386309623718
4 19 0.099091000854969 -0.942440032958984 3.02275466918945
4 20 0.108987987041473 -1.04539096355438 2.94639730453491
5 1 -0.0291154813021421 -0.0705847665667534 3.1095027923584
5 2 -0.0319312252104282 -0.0133352428674698 3.17283225059509
5 3 -0.0478862412273884 0.352231562137604 3.20726370811462
5 4 -0.0459881499409676 0.545036554336548 3.20471978187561
5 5 -0.210636019706726 0.220523729920387 3.18776082992554
5 6 -0.25484624505043 -0.00506304763257504 3.14827752113342
5 7 -0.261060208082199 -0.235354721546173 3.02854800224304
5 8 -0.261366993188858 -0.321447312831879 2.98234081268311
5 9 0.140360414981842 0.254055351018906 3.19393277168274
5 10 0.372965633869171 0.267942279577255 3.13972282409668
5 11 0.559688091278076 0.308850109577179 3.04763555526733
5 12 0.63089382648468 0.310545861721039 3.03569412231445
5 13 -0.105083771049976 -0.148907721042633 3.08658790588379
5 14 -0.153462648391724 -0.583160221576691 3.02203893661499
5 15 -0.153113812208176 -0.953655660152435 3.04240274429321
5 16 -0.156537532806396 -1.05694890022278 2.96277451515198
5 17 0.0542248897254467 -0.145833730697632 3.09260582923889
5 18 0.10665175318718 -0.570518910884857 3.00500726699829
5 19 0.0984646007418633 -0.943709313869476 3.02259802818298
5 20 0.108799889683723 -1.04515612125397 2.94726538658142
6 1 -0.0290517043322325 -0.0707566663622856 3.10995721817017
6 2 -0.0317345634102821 -0.0133224874734879 3.17332649230957
6 3 -0.0474051237106323 0.352067828178406 3.20670366287231
6 4 -0.0462014861404896 0.545850813388824 3.20628809928894
6 5 -0.210616931319237 0.220355674624443 3.18859791755676
6 6 -0.253027409315109 -0.00590146239846945 3.14803171157837
6 7 -0.259188383817673 -0.236471131443977 3.0275285243988
6 8 -0.259701371192932 -0.32624676823616 2.99019718170166
6 9 0.140218123793602 0.253817290067673 3.19385647773743
6 10 0.378803223371506 0.268553972244263 3.13436627388
6 11 0.563230931758881 0.307243794202805 3.04269790649414
6 12 0.634297907352448 0.309540212154388 3.03226637840271
6 13 -0.104967281222343 -0.148971125483513 3.08721351623535
6 14 -0.151546135544777 -0.585219383239746 3.02384686470032
6 15 -0.152506396174431 -0.952214658260345 3.04124355316162
6 16 -0.154211461544037 -1.05457139015198 2.95937323570251
6 17 0.0538719594478607 -0.146049752831459 3.09280228614807
6 18 0.107470482587814 -0.574074029922485 3.0050196647644
6 19 0.0979832708835602 -0.944954872131348 3.02277112007141
6 20 0.10740152746439 -1.04582226276398 2.949223279953
7 1 -0.0287559684365988 -0.07052081823349 3.1098780632019
7 2 -0.0313273966312408 -0.0130202872678638 3.17322039604187
7 3 -0.0470863729715347 0.352245807647705 3.20603179931641
7 4 -0.0455334484577179 0.545679688453674 3.20552039146423
7 5 -0.210637629032135 0.220050990581512 3.1881422996521
7 6 -0.251722007989883 -0.0107880048453808 3.14602255821228
7 7 -0.25946643948555 -0.232178658246994 3.03069639205933
7 8 -0.259663730859756 -0.319017648696899 2.98767375946045
7 9 0.140588358044624 0.253948628902435 3.19283485412598
7 10 0.377555191516876 0.264965176582336 3.12976551055908
7 11 0.563619077205658 0.304284960031509 3.04114246368408
7 12 0.634856760501862 0.302862942218781 3.03378391265869
7 13 -0.10465744137764 -0.148867443203926 3.08716368675232
7 14 -0.150925740599632 -0.585514605045319 3.02447462081909
7 15 -0.152663856744766 -0.952907621860504 3.04209327697754
7 16 -0.152033075690269 -1.05379319190979 2.96178197860718
7 17 0.0541610047221184 -0.145973384380341 3.09234404563904
7 18 0.107041567564011 -0.57307630777359 3.00504517555237
7 19 0.100011929869652 -0.94570517539978 3.02152943611145
7 20 0.108406610786915 -1.04633522033691 2.95119118690491
8 1 -0.0286811012774706 -0.0706260427832603 3.10928463935852
8 2 -0.0312348604202271 -0.0130000803619623 3.17246317863464
8 3 -0.0467187240719795 0.35217347741127 3.20410752296448
8 4 -0.0461149141192436 0.545075297355652 3.20214462280273
8 5 -0.210536330938339 0.219598680734634 3.18695425987244
8 6 -0.252855032682419 -0.00942875258624554 3.14698839187622
8 7 -0.261596530675888 -0.230627581477165 3.02991938591003
8 8 -0.26180562376976 -0.315662920475006 2.98315501213074
8 9 0.14049519598484 0.254347503185272 3.19194388389587
8 10 0.413434565067291 0.276103556156158 3.11674928665161
8 11 0.597666144371033 0.313696056604385 3.02002644538879
8 12 0.667795896530151 0.317756086587906 3.00551772117615
8 13 -0.104473002254963 -0.148904785513878 3.08701729774475
8 14 -0.151501029729843 -0.585373342037201 3.024338722229
8 15 -0.152496337890625 -0.955236315727234 3.04140853881836
8 16 -0.153231278061867 -1.05861067771912 2.96797394752502
8 17 0.0541573166847229 -0.145920112729073 3.09143733978271
8 18 0.106864109635353 -0.57172828912735 3.00428032875061
8 19 0.100863344967365 -0.945839881896973 3.02298736572266
8 20 0.109430685639381 -1.04698705673218 2.95197916030884
9 1 -0.0286695472896099 -0.070129431784153 3.10848021507263
9 2 -0.0311875976622105 -0.0127224763855338 3.17170119285584
9 3 -0.0465857423841953 0.351898640394211 3.20375370979309
9 4 -0.0454183109104633 0.544698297977448 3.20118832588196
9 5 -0.209806248545647 0.221353501081467 3.18612241744995
9 6 -0.255262225866318 -0.00567568745464087 3.14744734764099
9 7 -0.265989422798157 -0.233110457658768 3.02621912956238
9 8 -0.263878911733627 -0.316429674625397 2.97599625587463
9 9 0.140931189060211 0.254911720752716 3.19078898429871
9 10 0.371026128530502 0.267967998981476 3.12862706184387
9 11 0.55629688501358 0.306558787822723 3.03484153747559
9 12 0.627524077892303 0.310935139656067 3.02586817741394
9 13 -0.104340866208076 -0.148399353027344 3.08577132225037
9 14 -0.151788249611855 -0.585157036781311 3.02431225776672
9 15 -0.153121784329414 -0.954669296741486 3.04101872444153
9 16 -0.154558822512627 -1.05587792396545 2.96564745903015
9 17 0.0542691722512245 -0.145253419876099 3.09033989906311
9 18 0.106062553822994 -0.570142924785614 3.00336360931396
9 19 0.0987615287303925 -0.945061028003693 3.02112889289856
9 20 0.108727499842644 -1.04587876796722 2.94986581802368
10 1 -0.0291426125913858 -0.0700656771659851 3.10779738426209
10 2 -0.0314738638699055 -0.0125619228929281 3.17114329338074
10 3 -0.0471410043537617 0.353531092405319 3.20440673828125
10 4 -0.0469718240201473 0.547598659992218 3.20176935195923
10 5 -0.209999918937683 0.221571087837219 3.18590450286865
10 6 -0.253719925880432 -0.00720323948189616 3.14630460739136
10 7 -0.267350673675537 -0.234663933515549 3.02630662918091
10 8 -0.265012741088867 -0.317978024482727 2.97637224197388
10 9 0.139645904302597 0.25466001033783 3.18990516662598
10 10 0.366987526416779 0.267166882753372 3.12873601913452
10 11 0.550182700157166 0.308310449123383 3.03270387649536
10 12 0.619733989238739 0.309712290763855 3.02013421058655
10 13 -0.104871511459351 -0.148217633366585 3.08543729782104
10 14 -0.154360234737396 -0.58527672290802 3.02411770820618
10 15 -0.153256475925446 -0.94950658082962 3.0379364490509
10 16 -0.155883252620697 -1.05568134784698 2.9645082950592
10 17 0.0530624575912952 -0.144939675927162 3.08943867683411
10 18 0.106766931712627 -0.572447597980499 3.00298523902893
10 19 0.0984214320778847 -0.943633556365967 3.02217936515808
10 20 0.109176144003868 -1.04467070102692 2.9474139213562
11 1 -0.0292713809758425 -0.0701035633683205 3.10771441459656
11 2 -0.0314846634864807 -0.0125401187688112 3.17102289199829
11 3 -0.0487085208296776 0.353732764720917 3.2043251991272
11 4 -0.0467041693627834 0.547217965126038 3.20260906219482
11 5 -0.210765585303307 0.221445485949516 3.18657207489014
11 6 -0.255297362804413 -0.00379346357658505 3.1462082862854
11 7 -0.266594588756561 -0.230199307203293 3.02490758895874
11 8 -0.263360738754272 -0.314271599054337 2.97551703453064
11 9 0.138687491416931 0.254838526248932 3.18889546394348
11 10 0.368696838617325 0.266566902399063 3.12559151649475
11 11 0.574083745479584 0.309144020080566 3.02418041229248
11 12 0.656792104244232 0.316012620925903 3.00056171417236
11 13 -0.104871116578579 -0.148282155394554 3.08559083938599
11 14 -0.154685214161873 -0.584955811500549 3.024827003479
11 15 -0.152797594666481 -0.957671701908112 3.04072070121765
11 16 -0.153971314430237 -1.05504477024078 2.96152448654175
11 17 0.05308623239398 -0.144799172878265 3.08931255340576
11 18 0.106789208948612 -0.571159422397614 3.00335645675659
11 19 0.0980786681175232 -0.946763873100281 3.02279806137085
11 20 0.109952509403229 -1.04429590702057 2.94882988929749
12 1 -0.0294144880026579 -0.0698787719011307 3.10758590698242
12 2 -0.0317696258425713 -0.012425952591002 3.17096352577209
12 3 -0.0498420037329197 0.354478716850281 3.20572662353516
12 4 -0.0473433844745159 0.547986507415771 3.2034740447998
12 5 -0.211087808012962 0.222079768776894 3.18672657012939
12 6 -0.255355834960938 -0.00407180050387979 3.14771866798401
12 7 -0.266196668148041 -0.232605546712875 3.02299118041992
12 8 -0.26353594660759 -0.316945940256119 2.97256016731262
12 9 0.137884989380836 0.255543977022171 3.18910002708435
12 10 0.369118690490723 0.267514526844025 3.12762045860291
12 11 0.570222437381744 0.310861706733704 3.02450895309448
12 12 0.651760220527649 0.322121441364288 2.99820733070374
12 13 -0.104822307825089 -0.14802098274231 3.0855188369751
12 14 -0.154138147830963 -0.585420608520508 3.0239737033844
12 15 -0.152869582176208 -0.957459926605225 3.04091644287109
12 16 -0.15509457886219 -1.05542552471161 2.96599745750427
12 17 0.0530683994293213 -0.144343659281731 3.0889904499054
12 18 0.106724396348 -0.571375370025635 3.00272846221924
12 19 0.0994625687599182 -0.944498538970947 3.02105903625488
12 20 0.109135620296001 -1.04521894454956 2.94867253303528
13 1 -0.0295459534972906 -0.0698221996426582 3.1075975894928
13 2 -0.0319975912570953 -0.0124293770641088 3.17102026939392
13 3 -0.0517185255885124 0.355110138654709 3.20665550231934
13 4 -0.0475771315395832 0.549202680587769 3.20620059967041
13 5 -0.213064521551132 0.221882194280624 3.18625783920288
13 6 -0.254533737897873 -0.011107612401247 3.14775371551514
13 7 -0.269363105297089 -0.232437938451767 3.02474784851074
13 8 -0.264862626791 -0.319168955087662 2.97889685630798
13 9 0.137496665120125 0.255228042602539 3.188152551651
13 10 0.409558594226837 0.275714725255966 3.11212587356567
13 11 0.593704640865326 0.315689623355865 3.01785707473755
13 12 0.663879811763763 0.314224749803543 2.99935293197632
13 13 -0.104861974716187 -0.148089468479156 3.0854218006134
13 14 -0.152842238545418 -0.585872828960419 3.02448725700378
13 15 -0.152265265583992 -0.950837135314941 3.04133009910584
13 16 -0.154761344194412 -1.05280995368958 2.96023082733154
13 17 0.0531185865402222 -0.144346415996552 3.089031457901
13 18 0.107711806893349 -0.571922421455383 3.00365233421326
13 19 0.0991605743765831 -0.946686863899231 3.02210235595703
13 20 0.109592489898205 -1.04633605480194 2.94972252845764
14 1 -0.0297898426651955 -0.0696027129888535 3.10755801200867
14 2 -0.0321761220693588 -0.0121243856847286 3.17102861404419
14 3 -0.0522147789597511 0.35560542345047 3.20651412010193
14 4 -0.0465990714728832 0.54849499464035 3.20579981803894
14 5 -0.212892726063728 0.222412079572678 3.1869261264801
14 6 -0.254601448774338 -0.0113180493935943 3.14819192886353
14 7 -0.270698547363281 -0.23233425617218 3.02610969543457
14 8 -0.264634490013123 -0.31840506196022 2.97923684120178
14 9 0.137768387794495 0.255067646503448 3.18760871887207
14 10 0.370344281196594 0.267698019742966 3.12415361404419
14 11 0.581070005893707 0.314336031675339 3.02294516563416
14 12 0.651218414306641 0.312781065702438 3.00438833236694
14 13 -0.105126082897186 -0.147979035973549 3.08546304702759
14 14 -0.152160212397575 -0.586000680923462 3.02367758750916
14 15 -0.152990520000458 -0.953103184700012 3.04107213020325
14 16 -0.154160127043724 -1.05320644378662 2.96036052703857
14 17 0.0530923046171665 -0.144139960408211 3.08894181251526
14 18 0.107487954199314 -0.572245240211487 3.00341701507568
14 19 0.0994713604450226 -0.943622887134552 3.02095079421997
14 20 0.10968953371048 -1.04742467403412 2.95206832885742
15 1 -0.0299993101507425 -0.0696091130375862 3.10702967643738
15 2 -0.0324481837451458 -0.0120544666424394 3.17060542106628
15 3 -0.0518787726759911 0.355817407369614 3.20606398582459
15 4 -0.0467649847269058 0.549885869026184 3.20571804046631
15 5 -0.21303516626358 0.222202509641647 3.18595743179321
15 6 -0.255318701267242 -0.00639735953882337 3.14771938323975
15 7 -0.268897235393524 -0.229155495762825 3.02711462974548
15 8 -0.263385355472565 -0.314470648765564 2.97782897949219
15 9 0.137476488947868 0.254767209291458 3.18740439414978
15 10 0.408581733703613 0.27451965212822 3.10443949699402
15 11 0.594117999076843 0.317273497581482 3.01431560516357
15 12 0.665764689445496 0.315247416496277 3.00079798698425
15 13 -0.105339266359806 -0.147890239953995 3.08491539955139
15 14 -0.152589976787567 -0.586100041866302 3.02409172058105
15 15 -0.153216034173965 -0.950134336948395 3.04114532470703
15 16 -0.155967473983765 -1.05779480934143 2.96986722946167
15 17 0.0528705939650536 -0.144271552562714 3.08826732635498
15 18 0.107724905014038 -0.573049247264862 3.00399684906006
15 19 0.0996855050325394 -0.945123136043549 3.02006697654724
15 20 0.108548700809479 -1.04698097705841 2.95015978813171
16 1 -0.0300724767148495 -0.0696835964918137 3.10658288002014
16 2 -0.0324679352343082 -0.012111509218812 3.17012238502502
16 3 -0.0508278198540211 0.354681402444839 3.2046492099762
16 4 -0.0472669824957848 0.55159068107605 3.20525789260864
16 5 -0.212872922420502 0.221855148673058 3.18510603904724
16 6 -0.254590421915054 -0.00736335106194019 3.14861845970154
16 7 -0.270043611526489 -0.230601504445076 3.02523303031921
16 8 -0.264527589082718 -0.314405679702759 2.97294044494629
16 9 0.137788966298103 0.254412323236465 3.18671417236328
16 10 0.376114845275879 0.270302593708038 3.12237930297852
16 11 0.573074042797089 0.311607509851456 3.02401995658875
16 12 0.643270015716553 0.312127560377121 3.00353527069092
16 13 -0.105570539832115 -0.148044750094414 3.08438444137573
16 14 -0.153149768710136 -0.585735142230988 3.02266192436218
16 15 -0.15343613922596 -0.952956974506378 3.04009866714478
16 16 -0.154416918754578 -1.05298352241516 2.9594202041626
16 17 0.0527155734598637 -0.144375294446945 3.08785223960876
16 18 0.107114180922508 -0.571050822734833 3.00357556343079
16 19 0.099685899913311 -0.94534432888031 3.01966452598572
16 20 0.108057342469692 -1.04668247699738 2.94942331314087
17 1 -0.030513497069478 -0.0695489346981049 3.10607838630676
17 2 -0.032790407538414 -0.0120311379432678 3.16958928108215
17 3 -0.0504922084510326 0.354601681232452 3.20385980606079
17 4 -0.047955047339201 0.55086213350296 3.20364856719971
17 5 -0.212724015116692 0.222023099660873 3.18508243560791
17 6 -0.253053963184357 -0.011385016143322 3.14501261711121
17 7 -0.270124614238739 -0.232756823301315 3.02147698402405
17 8 -0.264064580202103 -0.318138033151627 2.97170448303223
17 9 0.137497842311859 0.255054831504822 3.18662405014038
17 10 0.363938987255096 0.266524791717529 3.12721562385559
17 11 0.575119137763977 0.312191367149353 3.02316379547119
17 12 0.644767284393311 0.313160389661789 3.00070834159851
17 13 -0.106044709682465 -0.147811502218246 3.08409929275513
17 14 -0.153287664055824 -0.586143374443054 3.02294778823853
17 15 -0.15373432636261 -0.951903223991394 3.04063010215759
17 16 -0.154024586081505 -1.05193376541138 2.95946335792542
17 17 0.0521875694394112 -0.144436746835709 3.08713912963867
17 18 0.107080921530724 -0.570506811141968 3.00303649902344
17 19 0.0998736545443535 -0.942587435245514 3.02068209648132
17 20 0.109465479850769 -1.0442088842392 2.9473934173584
18 1 -0.030497869476676 -0.069632962346077 3.10566353797913
18 2 -0.0328907370567322 -0.0120648061856627 3.16903972625732
18 3 -0.0496384762227535 0.354025274515152 3.20244550704956
18 4 -0.0469491668045521 0.54944908618927 3.20272994041443
18 5 -0.211669474840164 0.222150221467018 3.18451046943665
18 6 -0.252705693244934 -0.00998437870293856 3.14604759216309
18 7 -0.269264906644821 -0.234233126044273 3.02172923088074
18 8 -0.263301551342011 -0.319274842739105 2.97071266174316
18 9 0.137998014688492 0.255155712366104 3.18723654747009
18 10 0.371619790792465 0.267129302024841 3.13144636154175
18 11 0.574912428855896 0.310552835464478 3.0294303894043
18 12 0.644465148448944 0.313072293996811 3.00598049163818
18 13 -0.105926387012005 -0.147776916623116 3.08375406265259
18 14 -0.153145432472229 -0.585996568202972 3.02284526824951
18 15 -0.153891801834106 -0.950566470623016 3.04215526580811
18 16 -0.154385015368462 -1.05404078960419 2.96165657043457
18 17 0.0520921982824802 -0.14449754357338 3.0871250629425
18 18 0.106897503137589 -0.572451114654541 3.00275206565857
18 19 0.0986770242452621 -0.947776734828949 3.01944994926453
18 20 0.108424119651318 -1.04621744155884 2.94831156730652
19 1 -0.0302686244249344 -0.0697281435132027 3.10601234436035
19 2 -0.0329550430178642 -0.0120292268693447 3.16939854621887
19 3 -0.0509810000658035 0.352534621953964 3.20095252990723
19 4 -0.0471074618399143 0.547965288162231 3.20238590240479
19 5 -0.211925372481346 0.222050160169601 3.18496251106262
19 6 -0.254764974117279 -0.00751246558502316 3.14653897285461
19 7 -0.266573458909988 -0.228984296321869 3.02597951889038
19 8 -0.263564914464951 -0.314706981182098 2.97565197944641
19 9 0.138087689876556 0.25504869222641 3.18871665000916
19 10 0.374344497919083 0.268219351768494 3.12797069549561
19 11 0.572536170482636 0.310637801885605 3.02704858779907
19 12 0.645311951637268 0.310642600059509 3.01671004295349
19 13 -0.105699576437473 -0.147861570119858 3.08390641212463
19 14 -0.151788234710693 -0.586544096469879 3.02414417266846
19 15 -0.153400421142578 -0.953709721565247 3.04273986816406
19 16 -0.155515745282173 -1.05711305141449 2.96456718444824
19 17 0.0526675395667553 -0.144673898816109 3.08804154396057
19 18 0.10725662112236 -0.57508784532547 3.00383448600769
19 19 0.0987951681017876 -0.95020866394043 3.02060437202454
19 20 0.107709884643555 -1.0477557182312 2.94858384132385
20 1 -0.0300966650247574 -0.0695264339447021 3.10655879974365
20 2 -0.0329010337591171 -0.01207435131073 3.16990494728088
20 3 -0.0512668527662754 0.353918701410294 3.20386648178101
20 4 -0.0462868362665176 0.548888087272644 3.2046914100647
20 5 -0.212144672870636 0.221713155508041 3.18523788452148
20 6 -0.255425035953522 -0.00474778143689036 3.14656686782837
20 7 -0.265810430049896 -0.231537029147148 3.02423024177551
20 8 -0.263228744268417 -0.317829310894012 2.97481441497803
20 9 0.137967795133591 0.254486292600632 3.18987584114075
20 10 0.385014563798904 0.268966466188431 3.12847137451172
20 11 0.570652365684509 0.310731530189514 3.03066563606262
20 12 0.642767131328583 0.315512388944626 3.01716184616089
20 13 -0.105722524225712 -0.147774249315262 3.08444213867188
20 14 -0.151619955897331 -0.58649742603302 3.02430868148804
20 15 -0.153544962406158 -0.9499831199646 3.04001832008362
20 16 -0.157887697219849 -1.05724108219147 2.96777939796448
20 17 0.0530802756547928 -0.144415408372879 3.08864283561707
20 18 0.107447221875191 -0.571912288665771 3.00346517562866
20 19 0.0994551405310631 -0.942360937595367 3.02397227287292
20 20 0.108915373682976 -1.04424774646759 2.94891619682312
