1 1 -0.0499858036637306 -0.129442185163498 3.14663982391357
1 2 -0.0492511689662933 -0.0780839622020721 3.20584511756897
1 3 -0.0437434837222099 0.254657477140427 3.23373007774353
1 4 -0.0348711796104908 0.452878773212433 3.23478555679321
1 5 -0.242070540785789 0.182721078395844 3.23710250854492
1 6 -0.508695483207703 0.199640423059464 3.19493770599365
1 7 -0.723154008388519 0.208759352564812 3.1231062412262
1 8 -0.818914592266083 0.194284960627556 3.08872103691101
1 9 0.141946583986282 0.139330446720123 3.22927951812744
1 10 0.179499745368958 -0.0987174361944199 3.16585826873779
1 11 0.147839933633804 -0.349416196346283 3.04451060295105
1 12 0.146863400936127 -0.437917292118073 3.0095808506012
1 13 -0.138215661048889 -0.210125103592873 3.12204456329346
1 14 -0.128485694527626 -0.685312390327454 3.11775279045105
1 15 -0.123755797743797 -1.02019906044006 3.05757546424866
1 16 -0.161879852414131 -1.07254505157471 3.00511717796326
1 17 0.0344109125435352 -0.21760231256485 3.12776255607605
1 18 0.0362128503620625 -0.676556408405304 3.09224319458008
1 19 0.0151629904285073 -1.00805473327637 3.04295372962952
1 20 0.0528323464095593 -1.05592882633209 2.97025561332703
2 1 -0.0506255179643631 -0.128918364644051 3.13982081413269
2 2 -0.0490009672939777 -0.0763321965932846 3.19778919219971
2 3 -0.0400631949305534 0.253749340772629 3.21619701385498
2 4 -0.0305294673889875 0.446848839521408 3.21755743026733
2 5 -0.240626975893974 0.184529006481171 3.23785781860352
2 6 -0.460484623908997 0.190901070833206 3.21339297294617
2 7 -0.670460760593414 0.215911865234375 3.13963890075684
2 8 -0.767626225948334 0.204489096999168 3.1089129447937
2 9 0.145798280835152 0.140058010816574 3.22798085212708
2 10 0.174345463514328 -0.12069258838892 3.1643238067627
2 11 0.152976304292679 -0.347077131271362 3.04460906982422
2 12 0.151867866516113 -0.417921900749207 3.01768970489502
2 13 -0.138918489217758 -0.20965801179409 3.11637401580811
2 14 -0.127823770046234 -0.68516743183136 3.10998582839966
2 15 -0.123105593025684 -1.02005457878113 3.04832339286804
2 16 -0.159735679626465 -1.0714385509491 2.9975152015686
2 17 0.0330097787082195 -0.218228235840797 3.12237906455994
2 18 0.0334438197314739 -0.679723501205444 3.08826494216919
2 19 0.0193559937179089 -1.00377976894379 3.03363680839539
2 20 0.0496359169483185 -1.05421113967896 2.96670246124268
3 1 -0.0495702847838402 -0.128903418779373 3.13764786720276
3 2 -0.0478621609508991 -0.0761790201067925 3.19548869132996
3 3 -0.0392571128904819 0.254376828670502 3.21373057365417
3 4 -0.0299057774245739 0.448114931583405 3.21700119972229
3 5 -0.240178480744362 0.185044258832932 3.23815131187439
3 6 -0.458117872476578 0.191643998026848 3.21193289756775
3 7 -0.66645610332489 0.219280242919922 3.14064979553223
3 8 -0.762849509716034 0.20764622092247 3.10925221443176
3 9 0.146958246827126 0.141089379787445 3.22745966911316
3 10 0.176927134394646 -0.11897949129343 3.16286206245422
3 11 0.15411913394928 -0.350823640823364 3.04534697532654
3 12 0.152340561151505 -0.421286225318909 3.01850414276123
3 13 -0.13784059882164 -0.209935918450356 3.11473870277405
3 14 -0.126927465200424 -0.684332966804504 3.10648345947266
3 15 -0.124748885631561 -1.0204393863678 3.04558801651001
3 16 -0.16070930659771 -1.07202565670013 2.99235844612122
3 17 0.0342331565916538 -0.218065828084946 3.12017297744751
3 18 0.0315282270312309 -0.682798802852631 3.08765506744385
3 19 0.0181143954396248 -1.00398528575897 3.03255105018616
3 20 0.049607265740633 -1.05354523658752 2.96814799308777
4 1 -0.0480794459581375 -0.128930613398552 3.13638401031494
4 2 -0.0465706549584866 -0.0760185644030571 3.19395446777344
4 3 -0.0378234684467316 0.254168838262558 3.2109580039978
4 4 -0.0257248189300299 0.448598265647888 3.21994090080261
4 5 -0.239114135503769 0.186116218566895 3.23815083503723
4 6 -0.455316960811615 0.191775560379028 3.20811295509338
4 7 -0.663537085056305 0.215248510241508 3.14118933677673
4 8 -0.757743954658508 0.201398551464081 3.10514521598816
4 9 0.14871209859848 0.14104700088501 3.22909665107727
4 10 0.178410768508911 -0.117462672293186 3.16543507575989
4 11 0.153985768556595 -0.352508842945099 3.04493498802185
4 12 0.158658057451248 -0.426817178726196 3.01629781723022
4 13 -0.136576503515244 -0.210073918104172 3.11374616622925
4 14 -0.126181036233902 -0.685552537441254 3.10572195053101
4 15 -0.122602224349976 -1.02040588855743 3.04491877555847
4 16 -0.161750480532646 -1.07137489318848 2.99243378639221
4 17 0.0360654927790165 -0.218479380011559 3.11933636665344
4 18 0.0308067705482244 -0.684421896934509 3.08705735206604
4 19 0.0176231525838375 -1.00689566135406 3.03064823150635
4 20 0.0497707575559616 -1.05421435832977 2.9673638343811
5 1 -0.0480492375791073 -0.129162207245827 3.13603615760803
5 2 -0.046417161822319 -0.076257050037384 3.19354152679443
5 3 -0.0369617715477943 0.253677099943161 3.21042656898499
5 4 -0.0276300851255655 0.447939693927765 3.21418857574463
5 5 -0.238691881299019 0.186701744794846 3.23830580711365
5 6 -0.453303605318069 0.194693922996521 3.20919132232666
5 7 -0.658532083034515 0.217785313725471 3.13700199127197
5 8 -0.753077805042267 0.205587670207024 3.10232925415039
5 9 0.149499490857124 0.140752702951431 3.22882008552551
5 10 0.1809022128582 -0.103099301457405 3.16788673400879
5 11 0.155524000525475 -0.35122275352478 3.04446125030518
5 12 0.159553915262222 -0.433137834072113 3.01038718223572
5 13 -0.136673972010612 -0.210348427295685 3.11365270614624
5 14 -0.125757694244385 -0.684432506561279 3.10530471801758
5 15 -0.123010843992233 -1.02079844474792 3.04587459564209
5 16 -0.166530951857567 -1.07210600376129 2.99994087219238
5 17 0.0360346212983131 -0.218828856945038 3.11866331100464
5 18 0.031059006229043 -0.685199379920959 3.08684110641479
5 19 0.0156034892424941 -1.00785982608795 3.0300440788269
5 20 0.0448988415300846 -1.05430090427399 2.9680347442627
6 1 -0.0481198392808437 -0.129265189170837 3.13593220710754
6 2 -0.0467354282736778 -0.0764346793293953 3.19334888458252
6 3 -0.037304375320673 0.252854079008102 3.21030735969543
6 4 -0.0275633335113525 0.448107481002808 3.2116756439209
6 5 -0.238666191697121 0.187012121081352 3.23847508430481
6 6 -0.451998054981232 0.193782120943069 3.20833230018616
6 7 -0.657217264175415 0.219026952981949 3.14201736450195
6 8 -0.752198815345764 0.206269666552544 3.10889410972595
6 9 0.150077491998672 0.141740754246712 3.23148846626282
6 10 0.164658740162849 -0.14279480278492 3.1581768989563
6 11 0.153560847043991 -0.351592421531677 3.0444769859314
6 12 0.155145809054375 -0.422139018774033 3.01753497123718
6 13 -0.136690720915794 -0.210717707872391 3.11371111869812
6 14 -0.125805452466011 -0.68465918302536 3.1048538684845
6 15 -0.124407276511192 -1.02175498008728 3.04602003097534
6 16 -0.165158972144127 -1.07163977622986 2.99667072296143
6 17 0.0362604334950447 -0.219230219721794 3.11908578872681
6 18 0.0315479896962643 -0.684810519218445 3.08693361282349
6 19 0.0168390311300755 -1.00742876529694 3.03014492988586
6 20 0.0489693135023117 -1.05277836322784 2.96609354019165
7 1 -0.0479874312877655 -0.129661947488785 3.1364278793335
7 2 -0.0466733500361443 -0.0769403874874115 3.1938750743866
7 3 -0.0381309501826763 0.253083080053329 3.21238660812378
7 4 -0.027955362573266 0.448151022195816 3.21117353439331
7 5 -0.2384172976017 0.186975330114365 3.23966145515442
7 6 -0.451471328735352 0.193150654435158 3.20701909065247
7 7 -0.65684175491333 0.214131280779839 3.14036989212036
7 8 -0.751826524734497 0.202261671423912 3.10728335380554
7 9 0.150742456316948 0.139243319630623 3.23191237449646
7 10 0.174890086054802 -0.138354897499084 3.16248297691345
7 11 0.15451568365097 -0.34961724281311 3.04598712921143
7 12 0.154853284358978 -0.423086136579514 3.01747035980225
7 13 -0.136857986450195 -0.2110525816679 3.11392569541931
7 14 -0.125464916229248 -0.685060143470764 3.1051230430603
7 15 -0.124296642839909 -1.02113926410675 3.04525446891785
7 16 -0.164603441953659 -1.07188808917999 2.99714422225952
7 17 0.0363884493708611 -0.219907164573669 3.11964845657349
7 18 0.0299912318587303 -0.685046792030334 3.08760738372803
7 19 0.0161962285637856 -1.00812697410583 3.03147554397583
7 20 0.0491066463291645 -1.05317986011505 2.96594715118408
8 1 -0.048082634806633 -0.13005505502224 3.13702940940857
8 2 -0.0468164421617985 -0.0773704499006271 3.19449329376221
8 3 -0.0380147844552994 0.252936333417892 3.2137451171875
8 4 -0.0297620724886656 0.446581065654755 3.20857048034668
8 5 -0.239004865288734 0.187310382723808 3.24117016792297
8 6 -0.451570808887482 0.191633701324463 3.20572566986084
8 7 -0.656652212142944 0.210191756486893 3.13877630233765
8 8 -0.750463843345642 0.200097858905792 3.10266757011414
8 9 0.150084435939789 0.140766203403473 3.23401236534119
8 10 0.179888010025024 -0.10743710398674 3.17340421676636
8 11 0.15277960896492 -0.354734808206558 3.04304981231689
8 12 0.152191638946533 -0.430315375328064 3.01786804199219
8 13 -0.137303650379181 -0.211425945162773 3.11456942558289
8 14 -0.125264078378677 -0.68322616815567 3.10542702674866
8 15 -0.124149911105633 -1.02059400081635 3.04653787612915
8 16 -0.161238789558411 -1.06857180595398 2.99894523620605
8 17 0.0364010520279408 -0.220288097858429 3.12008547782898
8 18 0.0309377312660217 -0.684759020805359 3.08823299407959
8 19 0.0161339174956083 -1.00683307647705 3.03265142440796
8 20 0.0511629208922386 -1.05455851554871 2.96740436553955
9 1 -0.0488997623324394 -0.130846798419952 3.13728046417236
9 2 -0.0475392490625381 -0.0783137455582619 3.19498085975647
9 3 -0.0385875925421715 0.252980560064316 3.21674132347107
9 4 -0.032540924847126 0.448178470134735 3.2116379737854
9 5 -0.238963961601257 0.187049940228462 3.2412416934967
9 6 -0.450947761535645 0.191175132989883 3.21000862121582
9 7 -0.659980833530426 0.201539769768715 3.1269907951355
9 8 -0.75607967376709 0.188444048166275 3.09690570831299
9 9 0.148245587944984 0.138854622840881 3.23323702812195
9 10 0.175279080867767 -0.11749641597271 3.16952562332153
9 11 0.147327214479446 -0.374593257904053 3.03302478790283
9 12 0.14985391497612 -0.448533058166504 3.0203800201416
9 13 -0.138094872236252 -0.211987748742104 3.11450695991516
9 14 -0.12552498281002 -0.684665501117706 3.10578632354736
9 15 -0.125095307826996 -1.02166819572449 3.04549193382263
9 16 -0.162855610251427 -1.07089304924011 3.00442290306091
9 17 0.0353542901575565 -0.220790937542915 3.11989116668701
9 18 0.0285630766302347 -0.686946153640747 3.08910083770752
9 19 0.0177141148597002 -1.00582766532898 3.03148937225342
9 20 0.0511756762862206 -1.05239582061768 2.96687936782837
10 1 -0.0492627136409283 -0.131277069449425 3.13755655288696
10 2 -0.0478059016168118 -0.0786917582154274 3.19534492492676
10 3 -0.0382216572761536 0.252655446529388 3.21718978881836
10 4 -0.0311891213059425 0.445927798748016 3.21213793754578
10 5 -0.238579630851746 0.186802342534065 3.24198985099792
10 6 -0.451683282852173 0.192084386944771 3.21153736114502
10 7 -0.654257535934448 0.212624609470367 3.14132809638977
10 8 -0.74842631816864 0.20102870464325 3.10621619224548
10 9 0.148607298731804 0.139680132269859 3.23419594764709
10 10 0.174031913280487 -0.141925677657127 3.16482067108154
10 11 0.150703355669975 -0.347994297742844 3.04806780815125
10 12 0.149691432714462 -0.416815400123596 3.01884126663208
10 13 -0.138430789113045 -0.21225993335247 3.11459589004517
10 14 -0.126197084784508 -0.685778200626373 3.10590147972107
10 15 -0.124189093708992 -1.02176022529602 3.04370164871216
10 16 -0.161148697137833 -1.07194459438324 3.00061178207397
10 17 0.034772414714098 -0.221131637692451 3.12013077735901
10 18 0.0287656877189875 -0.686141848564148 3.08917784690857
10 19 0.015019066631794 -1.00532603263855 3.03202104568481
10 20 0.051219753921032 -1.05277800559998 2.96608972549438
11 1 -0.0496263690292835 -0.1315828114748 3.13800144195557
11 2 -0.0478135645389557 -0.0789422169327736 3.19578433036804
11 3 -0.0380246751010418 0.252473056316376 3.21728849411011
11 4 -0.0295961629599333 0.446272075176239 3.21394324302673
11 5 -0.238660246133804 0.18688403069973 3.24357843399048
11 6 -0.449871778488159 0.191889598965645 3.21245503425598
11 7 -0.664061903953552 0.203049957752228 3.1332368850708
11 8 -0.758908689022064 0.189243912696838 3.10104250907898
11 9 0.147989824414253 0.139548599720001 3.23339748382568
11 10 0.179497003555298 -0.119294285774231 3.17279863357544
11 11 0.151330888271332 -0.348959773778915 3.0491771697998
11 12 0.150329425930977 -0.415923088788986 3.0160129070282
11 13 -0.139096990227699 -0.212579101324081 3.11506915092468
11 14 -0.125714778900146 -0.685871362686157 3.10614633560181
11 15 -0.123303525149822 -1.02177083492279 3.04436206817627
11 16 -0.161332577466965 -1.07100319862366 3.00089049339294
11 17 0.0345662608742714 -0.221499800682068 3.12058615684509
11 18 0.0296950452029705 -0.686207592487335 3.0891375541687
11 19 0.0149532286450267 -1.0069522857666 3.03210711479187
11 20 0.0509665943682194 -1.05376172065735 2.96520948410034
12 1 -0.0496986918151379 -0.131730407476425 3.13885045051575
12 2 -0.0478617921471596 -0.0791165083646774 3.19682145118713
12 3 -0.0388151071965694 0.252635359764099 3.21869945526123
12 4 -0.0317985787987709 0.446004152297974 3.21569347381592
12 5 -0.239291682839394 0.186720117926598 3.24559187889099
12 6 -0.450380653142929 0.19205915927887 3.21732044219971
12 7 -0.666915774345398 0.203708633780479 3.13225293159485
12 8 -0.761376023292542 0.189665883779526 3.10045313835144
12 9 0.148353770375252 0.138816386461258 3.23462915420532
12 10 0.181273803114891 -0.111522987484932 3.17601752281189
12 11 0.154246926307678 -0.347130924463272 3.05156588554382
12 12 0.143799930810928 -0.410944640636444 3.01442074775696
12 13 -0.139153063297272 -0.212599754333496 3.11608576774597
12 14 -0.125267148017883 -0.684746026992798 3.10668206214905
12 15 -0.123374611139297 -1.01917803287506 3.04501533508301
12 16 -0.164678692817688 -1.06975936889648 2.99617457389832
12 17 0.0346261784434319 -0.22157484292984 3.12085723876953
12 18 0.0306233875453472 -0.686178028583527 3.08916711807251
12 19 0.0154724195599556 -1.00962150096893 3.03340864181519
12 20 0.0497870035469532 -1.05459833145142 2.96772384643555
13 1 -0.0486316531896591 -0.132215932011604 3.13947343826294
13 2 -0.0468489155173302 -0.0796922519803047 3.19747877120972
13 3 -0.0364276766777039 0.251870512962341 3.21973156929016
13 4 -0.0305107887834311 0.443918317556381 3.21534490585327
13 5 -0.236957401037216 0.185936763882637 3.24564576148987
13 6 -0.449442952871323 0.191977202892303 3.21645450592041
13 7 -0.649753868579865 0.217337042093277 3.14614772796631
13 8 -0.743984699249268 0.205812126398087 3.11208987236023
13 9 0.149930059909821 0.139009445905685 3.23584747314453
13 10 0.182570219039917 -0.103960268199444 3.16899251937866
13 11 0.155001863837242 -0.349034130573273 3.04902744293213
13 12 0.159287750720978 -0.430603206157684 3.01617074012756
13 13 -0.137773096561432 -0.213183715939522 3.11641883850098
13 14 -0.125381723046303 -0.685786008834839 3.10710048675537
13 15 -0.124760419130325 -1.02067458629608 3.04500675201416
13 16 -0.163465082645416 -1.07220268249512 2.99405026435852
13 17 0.035497609525919 -0.221770495176315 3.1216413974762
13 18 0.0306893233209848 -0.685772061347961 3.0893816947937
13 19 0.0154188573360443 -1.00796389579773 3.03191590309143
13 20 0.0546409338712692 -1.05394005775452 2.96090054512024
14 1 -0.0483025126159191 -0.132036045193672 3.14080548286438
14 2 -0.0463305190205574 -0.079541988670826 3.19873666763306
14 3 -0.0357266068458557 0.251052647829056 3.22019052505493
14 4 -0.0300473086535931 0.446452796459198 3.21897602081299
14 5 -0.23650249838829 0.18547734618187 3.24619793891907
14 6 -0.447931587696075 0.191133543848991 3.21605801582336
14 7 -0.648573219776154 0.213103279471397 3.14899682998657
14 8 -0.742974460124969 0.201376616954803 3.11552500724792
14 9 0.151029735803604 0.139876902103424 3.23561716079712
14 10 0.18401800096035 -0.0955782681703568 3.17341423034668
14 11 0.154386341571808 -0.347118705511093 3.05188870429993
14 12 0.157543301582336 -0.429921686649323 3.02284622192383
14 13 -0.137776777148247 -0.213309720158577 3.11902618408203
14 14 -0.125626012682915 -0.684051752090454 3.10932946205139
14 15 -0.126473978161812 -1.01938009262085 3.04828763008118
14 16 -0.167479276657104 -1.07086443901062 3.00071120262146
14 17 0.035788644105196 -0.221588104963303 3.1224160194397
14 18 0.0319706350564957 -0.685365378856659 3.08922386169434
14 19 0.0137150175869465 -1.00909185409546 3.03254199028015
14 20 0.0429814830422401 -1.05379819869995 2.96751570701599
15 1 -0.0479739047586918 -0.131430983543396 3.14164328575134
15 2 -0.0459074638783932 -0.0790532305836678 3.1994092464447
15 3 -0.0348009690642357 0.250797510147095 3.22023224830627
15 4 -0.0297436267137527 0.447967618703842 3.2185971736908
15 5 -0.236510336399078 0.185944601893425 3.24694156646729
15 6 -0.446842581033707 0.19079501926899 3.21610069274902
15 7 -0.646064519882202 0.219696417450905 3.14938640594482
15 8 -0.741149544715881 0.207392811775208 3.11805367469788
15 9 0.152649626135826 0.141367048025131 3.23680973052979
15 10 0.182401090860367 -0.0918549820780754 3.17188024520874
15 11 0.155179768800735 -0.350439876317978 3.04999589920044
15 12 0.157958090305328 -0.42769929766655 3.01933240890503
15 13 -0.137959450483322 -0.213009014725685 3.12030553817749
15 14 -0.126724570989609 -0.6831134557724 3.1100115776062
15 15 -0.124216325581074 -1.01904940605164 3.04810333251953
15 16 -0.162122637033463 -1.07167959213257 2.99556016921997
15 17 0.0363873802125454 -0.220786288380623 3.12255311012268
15 18 0.0315216593444347 -0.68581485748291 3.08919620513916
15 19 0.0154847670346498 -1.00731301307678 3.03248620033264
15 20 0.0514961704611778 -1.05478179454803 2.96492552757263
16 1 -0.0481360517442226 -0.131439477205276 3.14171957969666
16 2 -0.0460324250161648 -0.079046294093132 3.19949865341187
16 3 -0.0350174084305763 0.251158356666565 3.22084951400757
16 4 -0.0288278143852949 0.447405606508255 3.21920228004456
16 5 -0.235327258706093 0.185751885175705 3.24653959274292
16 6 -0.446623772382736 0.190779328346252 3.21786427497864
16 7 -0.645120680332184 0.21788378059864 3.14936947822571
16 8 -0.740402340888977 0.205890879034996 3.11936521530151
16 9 0.15250763297081 0.140766113996506 3.2361888885498
16 10 0.18208609521389 -0.103570282459259 3.17321014404297
16 11 0.156521335244179 -0.345848441123962 3.05445313453674
16 12 0.160712510347366 -0.429729014635086 3.02053999900818
16 13 -0.138185977935791 -0.212628751993179 3.12030506134033
16 14 -0.126043394207954 -0.682802081108093 3.10972166061401
16 15 -0.123517647385597 -1.01733291149139 3.04968690872192
16 16 -0.16348522901535 -1.06848514080048 3.00161695480347
16 17 0.0361474975943565 -0.220813304185867 3.12260007858276
16 18 0.0322375670075417 -0.685675621032715 3.08904981613159
16 19 0.0156123833730817 -1.00655579566956 3.03307104110718
16 20 0.0467439852654934 -1.05543267726898 2.96926474571228
17 1 -0.0481323190033436 -0.131589338183403 3.14186573028564
17 2 -0.045735914260149 -0.0791623294353485 3.19969582557678
17 3 -0.034523744136095 0.251418262720108 3.22124290466309
17 4 -0.0283836983144283 0.448154926300049 3.21881103515625
17 5 -0.234328702092171 0.186871841549873 3.24708795547485
17 6 -0.44601121544838 0.190147191286087 3.2177586555481
17 7 -0.645766019821167 0.213122054934502 3.15158081054688
17 8 -0.740515947341919 0.200907036662102 3.11998295783997
17 9 0.152696371078491 0.140186101198196 3.23409199714661
17 10 0.172185450792313 -0.136850267648697 3.16330146789551
17 11 0.156634300947189 -0.345093309879303 3.05266952514648
17 12 0.159546986222267 -0.426297962665558 3.01888155937195
17 13 -0.137890443205833 -0.212446436285973 3.12036633491516
17 14 -0.126345738768578 -0.682710826396942 3.11000728607178
17 15 -0.12318217754364 -1.01780891418457 3.04812431335449
17 16 -0.165606081485748 -1.06879270076752 2.99479484558105
17 17 0.0359190553426743 -0.221079140901566 3.1223669052124
17 18 0.032920878380537 -0.686223924160004 3.08947086334229
17 19 0.0160073731094599 -1.00837981700897 3.03124094009399
17 20 0.0491071380674839 -1.0556800365448 2.96565914154053
18 1 -0.0472281500697136 -0.131469458341599 3.1415741443634
18 2 -0.0449962578713894 -0.0789811611175537 3.19930624961853
18 3 -0.0344604812562466 0.251248866319656 3.21979737281799
18 4 -0.0293746758252382 0.449461162090302 3.21837711334229
18 5 -0.23379547894001 0.186661288142204 3.24662065505981
18 6 -0.445718228816986 0.189974829554558 3.21724724769592
18 7 -0.670329809188843 0.202165752649307 3.1254403591156
18 8 -0.762609779834747 0.190213695168495 3.10707783699036
18 9 0.153308600187302 0.140316337347031 3.23362445831299
18 10 0.184243738651276 -0.102692976593971 3.17254734039307
18 11 0.156111001968384 -0.347668826580048 3.04918599128723
18 12 0.159196794033051 -0.426031470298767 3.02120304107666
18 13 -0.136920467019081 -0.212419956922531 3.11977672576904
18 14 -0.125713810324669 -0.683151662349701 3.10993885993958
18 15 -0.122504830360413 -1.01652419567108 3.04764676094055
18 16 -0.166842222213745 -1.06984412670135 3.0015184879303
18 17 0.0373657718300819 -0.220982596278191 3.12260794639587
18 18 0.0340205952525139 -0.684514462947845 3.0883777141571
18 19 0.0146515406668186 -1.00783574581146 3.03377175331116
18 20 0.0504364594817162 -1.05482614040375 2.96620512008667
19 1 -0.0462451428174973 -0.131849989295006 3.14088726043701
19 2 -0.0442193672060966 -0.0791316777467728 3.19869518280029
19 3 -0.0342071391642094 0.251613974571228 3.21911907196045
19 4 -0.0282913614064455 0.447945207357407 3.21589231491089
19 5 -0.23343850672245 0.187028557062149 3.24561047554016
19 6 -0.445848494768143 0.189749792218208 3.2155978679657
19 7 -0.645070433616638 0.216632649302483 3.14998006820679
19 8 -0.739542543888092 0.204150602221489 3.1182644367218
19 9 0.1535325050354 0.13949628174305 3.23266959190369
19 10 0.17276905477047 -0.137589707970619 3.16367292404175
19 11 0.157816648483276 -0.343740880489349 3.05338430404663
19 12 0.159974694252014 -0.431827366352081 3.01957726478577
19 13 -0.135553508996964 -0.212938770651817 3.11855053901672
19 14 -0.125371918082237 -0.683605253696442 3.10912108421326
19 15 -0.124031648039818 -1.01981520652771 3.04775023460388
19 16 -0.162996187806129 -1.07245266437531 2.99759650230408
19 17 0.0383606180548668 -0.221462428569794 3.12229704856873
19 18 0.032908022403717 -0.685884118080139 3.08829927444458
19 19 0.016387140378356 -1.00693464279175 3.0329954624176
19 20 0.0504061728715897 -1.05366766452789 2.96674823760986
20 1 -0.0459533631801605 -0.131980583071709 3.14017748832703
20 2 -0.0439244657754898 -0.0791071802377701 3.19789981842041
20 3 -0.0344337038695812 0.252174735069275 3.21756887435913
20 4 -0.0282309427857399 0.449562519788742 3.21765995025635
20 5 -0.233641251921654 0.186770051717758 3.24451923370361
20 6 -0.447510898113251 0.189911097288132 3.20863604545593
20 7 -0.663522839546204 0.202283203601837 3.12815284729004
20 8 -0.761055171489716 0.18974931538105 3.1076512336731
20 9 0.152944281697273 0.139164045453072 3.23163509368896
20 10 0.171847283840179 -0.137483045458794 3.15810799598694
20 11 0.156980752944946 -0.346568733453751 3.0496609210968
20 12 0.16112756729126 -0.435086488723755 3.02097821235657
20 13 -0.135315611958504 -0.213090643286705 3.11791253089905
20 14 -0.125741437077522 -0.682348370552063 3.10947299003601
20 15 -0.123518861830235 -1.01951193809509 3.04701066017151
20 16 -0.168215438723564 -1.07204508781433 2.99750709533691
20 17 0.0386568009853363 -0.221419364213943 3.12156558036804
20 18 0.0340962409973145 -0.684931457042694 3.0877685546875
20 19 0.0170066244900227 -1.00630450248718 3.03165674209595
20 20 0.0509122014045715 -1.05533647537231 2.96842551231384
