1 1 -0.0219237804412842 -0.0693069845438004 3.09980487823486
1 2 -0.0197961181402206 -0.0108716823160648 3.16206383705139
1 3 -0.0199158918112516 0.35451677441597 3.1897394657135
1 4 -0.0211184229701757 0.551169574260712 3.19607472419739
1 5 -0.211603477597237 0.252704590559006 3.19394636154175
1 6 -0.432263106107712 0.28488290309906 3.1372537612915
1 7 -0.626911759376526 0.310461163520813 3.04612374305725
1 8 -0.627498328685761 0.315696537494659 3.04447340965271
1 9 0.135371893644333 0.236182346940041 3.177654504776
1 10 0.192756325006485 -0.0169322174042463 3.14951610565186
1 11 0.224235355854034 -0.225800737738609 3.03204345703125
1 12 0.222701385617256 -0.301257610321045 2.99074172973633
1 13 -0.100033193826675 -0.144949972629547 3.07929372787476
1 14 -0.143745079636574 -0.586730241775513 3.02334761619568
1 15 -0.152222722768784 -0.95537257194519 3.04227685928345
1 16 -0.15523524582386 -1.05390071868896 2.96213245391846
1 17 0.0551265403628349 -0.144987180829048 3.08259344100952
1 18 0.109907045960426 -0.577425360679626 2.99690008163452
1 19 0.0992676168680191 -0.942918419837952 3.01348924636841
1 20 0.11003901809454 -1.04119205474854 2.94173717498779
2 1 -0.0212572328746319 -0.0692218840122223 3.10041165351868
2 2 -0.0190666969865561 -0.0106351487338543 3.16261124610901
2 3 -0.0164290703833103 0.355981707572937 3.18983745574951
2 4 -0.0190358180552721 0.552025496959686 3.19914817810059
2 5 -0.210944339632988 0.253506809473038 3.19457674026489
2 6 -0.43312606215477 0.284535229206085 3.14149832725525
2 7 -0.625181913375854 0.313546657562256 3.04634475708008
2 8 -0.695454597473145 0.323633909225464 3.02077531814575
2 9 0.137310102581978 0.235598966479301 3.17900228500366
2 10 0.192575395107269 -0.00957393832504749 3.1505274772644
2 11 0.222254604101181 -0.23065921664238 3.03572010993958
2 12 0.219894215464592 -0.310609847307205 2.98967480659485
2 13 -0.0998665317893028 -0.145073637366295 3.07961440086365
2 14 -0.14332976937294 -0.586926817893982 3.02352738380432
2 15 -0.152214333415031 -0.954589426517487 3.04267001152039
2 16 -0.154183909296989 -1.05295133590698 2.96152329444885
2 17 0.0560834631323814 -0.14554850757122 3.08411860466003
2 18 0.110794752836227 -0.579121291637421 2.99713015556335
2 19 0.0987993180751801 -0.94406658411026 3.01267766952515
2 20 0.108434490859509 -1.04027557373047 2.94012403488159
3 1 -0.0199687629938126 -0.0683898776769638 3.10189390182495
3 2 -0.0186402145773172 -0.00999007374048233 3.16413545608521
3 3 -0.0167737118899822 0.356525629758835 3.19253039360046
3 4 -0.0183359943330288 0.55333799123764 3.20188069343567
3 5 -0.210125163197517 0.253740161657333 3.19450402259827
3 6 -0.42949652671814 0.281874179840088 3.14034271240234
3 7 -0.622695088386536 0.305383920669556 3.04928708076477
3 8 -0.696014165878296 0.307746380567551 3.03538870811462
3 9 0.141399919986725 0.236960455775261 3.18609023094177
3 10 0.191524922847748 -0.011980707757175 3.15745139122009
3 11 0.22036001086235 -0.225234165787697 3.03921222686768
3 12 0.217749565839767 -0.305177122354507 2.99548983573914
3 13 -0.0987376794219017 -0.144448548555374 3.08038210868835
3 14 -0.142721191048622 -0.585761547088623 3.02294564247131
3 15 -0.152465328574181 -0.954794406890869 3.04097962379456
3 16 -0.15528205037117 -1.0555317401886 2.96859264373779
3 17 0.0582444816827774 -0.145040169358253 3.08727383613586
3 18 0.11161495745182 -0.579785108566284 2.99957275390625
3 19 0.098724827170372 -0.944329679012299 3.0186014175415
3 20 0.108972750604153 -1.04367303848267 2.94666743278503
4 1 -0.0186645798385143 -0.0684181302785873 3.1042149066925
4 2 -0.0177178848534822 -0.0101944021880627 3.16675090789795
4 3 -0.0149787673726678 0.357498794794083 3.19800043106079
4 4 -0.0173030383884907 0.553201019763947 3.20341849327087
4 5 -0.2086311429739 0.253771185874939 3.1940233707428
4 6 -0.426892071962357 0.280292123556137 3.13828158378601
4 7 -0.617547035217285 0.308574199676514 3.04523372650146
4 8 -0.69012176990509 0.310722678899765 3.03166222572327
4 9 0.14132085442543 0.238253831863403 3.18719148635864
4 10 0.193962037563324 -0.00315734301693738 3.15835928916931
4 11 0.222616583108902 -0.232172638177872 3.04226565361023
4 12 0.219720542430878 -0.310358554124832 2.99394106864929
4 13 -0.0973262339830399 -0.144304662942886 3.08133411407471
4 14 -0.142667219042778 -0.585129797458649 3.02339601516724
4 15 -0.153591394424438 -0.945099472999573 3.0419065952301
4 16 -0.154925942420959 -1.05255401134491 2.96312570571899
4 17 0.0591586157679558 -0.145229697227478 3.08950185775757
4 18 0.11203770339489 -0.578505396842957 3.0019211769104
4 19 0.0992211252450943 -0.947591841220856 3.01942801475525
4 20 0.10970725864172 -1.04515850543976 2.94766902923584
5 1 -0.0185123663395643 -0.0686367973685265 3.10482239723206
5 2 -0.0178150348365307 -0.0102649079635739 3.16730380058289
5 3 -0.0149786695837975 0.357350289821625 3.19756102561951
5 4 -0.016551798209548 0.553202688694 3.2047266960144
5 5 -0.208003282546997 0.254581779241562 3.19400835037231
5 6 -0.425761818885803 0.280244648456573 3.13699698448181
5 7 -0.615832030773163 0.30742210149765 3.04451036453247
5 8 -0.685854196548462 0.321014553308487 3.02698826789856
5 9 0.141605764627457 0.238177821040154 3.18864059448242
5 10 0.195598676800728 -0.00102320220321417 3.15777444839478
5 11 0.221428260207176 -0.228920161724091 3.04502105712891
5 12 0.218695521354675 -0.312127768993378 2.9925262928009
5 13 -0.0972969383001328 -0.144497409462929 3.08183002471924
5 14 -0.142632022500038 -0.586500406265259 3.02404069900513
5 15 -0.152062639594078 -0.95378178358078 3.04473638534546
5 16 -0.155899062752724 -1.05601024627686 2.96884918212891
5 17 0.0592662133276463 -0.145664542913437 3.0904643535614
5 18 0.111671611666679 -0.578428268432617 3.00249457359314
5 19 0.0980078503489494 -0.945283889770508 3.02277946472168
5 20 0.107805587351322 -1.04427468776703 2.94626331329346
6 1 -0.0185556262731552 -0.0690091773867607 3.10517644882202
6 2 -0.0180861093103886 -0.0107219237834215 3.16786503791809
6 3 -0.0150984060019255 0.357683449983597 3.19980573654175
6 4 -0.0160107873380184 0.553491234779358 3.20616054534912
6 5 -0.206996873021126 0.254790008068085 3.19416403770447
6 6 -0.42710080742836 0.282494246959686 3.13460183143616
6 7 -0.616621136665344 0.304684489965439 3.04089832305908
6 8 -0.685315787792206 0.321809202432632 3.0233302116394
6 9 0.143256932497025 0.237439692020416 3.19000673294067
6 10 0.1944620013237 -0.0247840099036694 3.15206670761108
6 11 0.222251176834106 -0.236946582794189 3.03814101219177
6 12 0.218791931867599 -0.312873393297195 2.99176836013794
6 13 -0.0973903834819794 -0.144605651497841 3.08220624923706
6 14 -0.142886966466904 -0.586096704006195 3.0237410068512
6 15 -0.152216851711273 -0.952345609664917 3.04178690910339
6 16 -0.157298058271408 -1.05739772319794 2.97007155418396
6 17 0.0591582953929901 -0.146299749612808 3.09038162231445
6 18 0.111573994159698 -0.581472337245941 3.00314736366272
6 19 0.0976601541042328 -0.955191433429718 3.02103042602539
6 20 0.107415728271008 -1.0472993850708 2.94632387161255
7 1 -0.0184198450297117 -0.0693104267120361 3.10533881187439
7 2 -0.0179318711161613 -0.0109875723719597 3.16808676719666
7 3 -0.0146425999701023 0.357565611600876 3.20002913475037
7 4 -0.0145113691687584 0.552318751811981 3.20573782920837
7 5 -0.205547317862511 0.255147844552994 3.19357514381409
7 6 -0.431069612503052 0.284875512123108 3.13309192657471
7 7 -0.620145499706268 0.310009896755219 3.03994417190552
7 8 -0.688326776027679 0.327138990163803 3.02251243591309
7 9 0.143812045454979 0.237002491950989 3.18944954872131
7 10 0.198443531990051 -0.00375884468667209 3.15845227241516
7 11 0.223234370350838 -0.232466071844101 3.04421329498291
7 12 0.219129338860512 -0.310756474733353 2.99478983879089
7 13 -0.0972034335136414 -0.144772753119469 3.08214783668518
7 14 -0.142899975180626 -0.58555269241333 3.02352333068848
7 15 -0.151912078261375 -0.955311715602875 3.04316830635071
7 16 -0.155040636658669 -1.05345988273621 2.96127414703369
7 17 0.0591260306537151 -0.146782100200653 3.09048366546631
7 18 0.111793413758278 -0.581127345561981 3.00299143791199
7 19 0.0987823531031609 -0.952075839042664 3.02014017105103
7 20 0.108298651874065 -1.04781186580658 2.94705080986023
8 1 -0.018218882381916 -0.0694400891661644 3.10525274276733
8 2 -0.0176204033195972 -0.0111215002834797 3.16813683509827
8 3 -0.0151863219216466 0.357178330421448 3.20016503334045
8 4 -0.0150569751858711 0.552868127822876 3.2065269947052
8 5 -0.204853668808937 0.255305588245392 3.19353795051575
8 6 -0.427511304616928 0.283336311578751 3.1357102394104
8 7 -0.616444706916809 0.309322714805603 3.04325342178345
8 8 -0.703837037086487 0.319516360759735 3.00055980682373
8 9 0.14475092291832 0.237477540969849 3.1881537437439
8 10 0.198446929454803 -0.0155901974067092 3.15806245803833
8 11 0.223384261131287 -0.229585498571396 3.04512810707092
8 12 0.218517363071442 -0.308619558811188 2.99315524101257
8 13 -0.0969006419181824 -0.144716680049896 3.08176136016846
8 14 -0.142623752355576 -0.585582196712494 3.02304935455322
8 15 -0.152182668447495 -0.953863024711609 3.04054403305054
8 16 -0.154466792941093 -1.05434608459473 2.95970344543457
8 17 0.0596981942653656 -0.146921649575233 3.09053182601929
8 18 0.111944161355495 -0.579975724220276 3.00286245346069
8 19 0.0980679020285606 -0.944846749305725 3.02252578735352
8 20 0.109175823628902 -1.0461163520813 2.94877552986145
9 1 -0.0182279627770185 -0.0696209296584129 3.1049633026123
9 2 -0.0175596959888935 -0.0109920455142856 3.16780948638916
9 3 -0.0155687863007188 0.357061505317688 3.19757509231567
9 4 -0.0148089826107025 0.553299784660339 3.20521426200867
9 5 -0.204826205968857 0.255019098520279 3.19298505783081
9 6 -0.428415805101395 0.284590482711792 3.13342452049255
9 7 -0.630439162254334 0.308504432439804 3.03112506866455
9 8 -0.720993280410767 0.319089025259018 2.99401044845581
9 9 0.144711211323738 0.236741527915001 3.18678283691406
9 10 0.19918392598629 -0.00437488174065948 3.16022753715515
9 11 0.222807601094246 -0.228067025542259 3.04651379585266
9 12 0.219394683837891 -0.31022971868515 2.9924099445343
9 13 -0.0969161316752434 -0.144837155938148 3.0816011428833
9 14 -0.142539247870445 -0.584888398647308 3.02300238609314
9 15 -0.151744320988655 -0.951196789741516 3.04041576385498
9 16 -0.154846549034119 -1.05469059944153 2.96254420280457
9 17 0.0595900155603886 -0.147031158208847 3.09009003639221
9 18 0.111844144761562 -0.580438315868378 3.00277519226074
9 19 0.0980020239949226 -0.947215795516968 3.02211403846741
9 20 0.109877459704876 -1.04644846916199 2.94828104972839
10 1 -0.0183695834130049 -0.069363996386528 3.10498857498169
10 2 -0.0176244731992483 -0.0107281366363168 3.16772222518921
10 3 -0.0145866284146905 0.356122374534607 3.19603633880615
10 4 -0.013902117498219 0.552810907363892 3.20119047164917
10 5 -0.205280095338821 0.255299210548401 3.19317579269409
10 6 -0.420178592205048 0.278120189905167 3.13491678237915
10 7 -0.608635902404785 0.304515302181244 3.0429265499115
10 8 -0.671362280845642 0.326258063316345 3.07260131835938
10 9 0.145111471414566 0.23589101433754 3.18688321113586
10 10 0.196982219815254 -0.0071287527680397 3.16221809387207
10 11 0.2225621342659 -0.229256868362427 3.04887199401855
10 12 0.219100534915924 -0.313630610704422 2.99839019775391
10 13 -0.0973293259739876 -0.144733041524887 3.08160471916199
10 14 -0.142574653029442 -0.585540652275085 3.02340340614319
10 15 -0.151860535144806 -0.955570101737976 3.04167222976685
10 16 -0.155938521027565 -1.05889558792114 2.96663570404053
10 17 0.0594716519117355 -0.147090137004852 3.09037852287292
10 18 0.110912665724754 -0.579017698764801 3.00378370285034
10 19 0.0982839316129684 -0.946463406085968 3.02145290374756
10 20 0.109210290014744 -1.04441404342651 2.94945096969604
11 1 -0.0186290368437767 -0.06963200122118 3.10476541519165
11 2 -0.0182699840515852 -0.0110289379954338 3.1673948764801
11 3 -0.0161094348877668 0.355716824531555 3.19522976875305
11 4 -0.0131598757579923 0.553547620773315 3.20175290107727
11 5 -0.205529868602753 0.254674404859543 3.19289946556091
11 6 -0.42893785238266 0.281684875488281 3.13140368461609
11 7 -0.61482697725296 0.312087386846542 3.03534126281738
11 8 -0.705225586891174 0.327757745981216 3.00074172019959
11 9 0.145305052399635 0.236003458499908 3.18878197669983
11 10 0.196251451969147 -0.0148771926760674 3.15661430358887
11 11 0.222369879484177 -0.227852195501328 3.04901742935181
11 12 0.218788206577301 -0.309683501720428 2.99910306930542
11 13 -0.0975428372621536 -0.144999414682388 3.08138751983643
11 14 -0.143113493919373 -0.585898399353027 3.02328991889954
11 15 -0.151970982551575 -0.954567611217499 3.0423378944397
11 16 -0.155045703053474 -1.05510377883911 2.96231269836426
11 17 0.0592662952840328 -0.147494897246361 3.09031534194946
11 18 0.109846539795399 -0.579603612422943 3.00318384170532
11 19 0.0977679118514061 -0.94842928647995 3.02386999130249
11 20 0.108541585505009 -1.04592347145081 2.95183134078979
12 1 -0.01864293217659 -0.0697071626782417 3.10495924949646
12 2 -0.0182131212204695 -0.0113968634977937 3.1676459312439
12 3 -0.0150076765567064 0.355116665363312 3.19763875007629
12 4 -0.0125100556761026 0.552192151546478 3.20025205612183
12 5 -0.205332979559898 0.254860132932663 3.19364070892334
12 6 -0.430156230926514 0.286260604858398 3.12833285331726
12 7 -0.620056688785553 0.311051517724991 3.03434014320374
12 8 -0.708934843540192 0.325272142887115 2.99703192710876
12 9 0.145043089985847 0.235449254512787 3.18896579742432
12 10 0.195188626646996 -0.012639258056879 3.16603088378906
12 11 0.22149570286274 -0.228226095438004 3.04999089241028
12 12 0.21701817214489 -0.305938243865967 2.998939037323
12 13 -0.0974644497036934 -0.144930109381676 3.08142042160034
12 14 -0.143230363726616 -0.586507856845856 3.02355289459229
12 15 -0.152231201529503 -0.952653050422668 3.0437695980072
12 16 -0.155727952718735 -1.0587455034256 2.97046804428101
12 17 0.0592992678284645 -0.147632211446762 3.09066939353943
12 18 0.109914869070053 -0.580404579639435 3.00273752212524
12 19 0.0975528135895729 -0.948121905326843 3.02220964431763
12 20 0.107359386980534 -1.04531121253967 2.94697952270508
13 1 -0.0183110702782869 -0.0698893368244171 3.10497450828552
13 2 -0.0174296498298645 -0.0113391950726509 3.16763353347778
13 3 -0.0142265530303121 0.356148540973663 3.19677090644836
13 4 -0.0136754857376218 0.552409529685974 3.19900488853455
13 5 -0.205019816756248 0.254811644554138 3.19414305686951
13 6 -0.427609384059906 0.286755740642548 3.12816405296326
13 7 -0.616008937358856 0.309208005666733 3.03616142272949
13 8 -0.66302102804184 0.338073760271072 2.99863219261169
13 9 0.143785715103149 0.237384483218193 3.18738651275635
13 10 0.196698144078255 -0.00233229878358543 3.16257333755493
13 11 0.221269443631172 -0.237648218870163 3.04054975509644
13 12 0.217245757579803 -0.31201109290123 2.99300622940063
13 13 -0.0970176011323929 -0.145005568861961 3.08153247833252
13 14 -0.143703445792198 -0.586647987365723 3.02376747131348
13 15 -0.151862964034081 -0.952831327915192 3.04143738746643
13 16 -0.154148876667023 -1.05591344833374 2.96174478530884
13 17 0.0593060068786144 -0.14755754172802 3.09085011482239
13 18 0.110133223235607 -0.580320179462433 3.00317049026489
13 19 0.097551517188549 -0.951474189758301 3.02035427093506
13 20 0.108752004802227 -1.04701852798462 2.94978213310242
14 1 -0.0182373262941837 -0.0700283721089363 3.10464930534363
14 2 -0.0175055339932442 -0.0116241266950965 3.16732311248779
14 3 -0.0147302141413093 0.354778915643692 3.19665503501892
14 4 -0.0117300562560558 0.553481101989746 3.20091509819031
14 5 -0.204797565937042 0.254980355501175 3.19434595108032
14 6 -0.427403211593628 0.285364866256714 3.12750840187073
14 7 -0.617187142372131 0.311035811901093 3.04047393798828
14 8 -0.703632533550262 0.323884040117264 2.99537062644959
14 9 0.143270045518875 0.235750734806061 3.18805932998657
14 10 0.195315018296242 -0.00563842756673694 3.15997099876404
14 11 0.222064554691315 -0.235348522663116 3.04198122024536
14 12 0.219036534428596 -0.312117636203766 2.99292206764221
14 13 -0.0967858210206032 -0.1448884755373 3.08116745948792
14 14 -0.14349102973938 -0.587251603603363 3.02387475967407
14 15 -0.152056664228439 -0.95232081413269 3.04213786125183
14 16 -0.15443642437458 -1.05510079860687 2.96331214904785
14 17 0.0591685064136982 -0.147749811410904 3.09023284912109
14 18 0.109184734523296 -0.577811300754547 3.0025360584259
14 19 0.0981926247477531 -0.946433007717133 3.02082657814026
14 20 0.107535861432552 -1.04456448554993 2.94840574264526
15 1 -0.0174736455082893 -0.0694253146648407 3.10476803779602
15 2 -0.016943134367466 -0.0110850408673286 3.16733050346375
15 3 -0.0135605810210109 0.354670912027359 3.1959376335144
15 4 -0.00925940647721291 0.555013537406921 3.20238971710205
15 5 -0.203729122877121 0.255279958248138 3.19539403915405
15 6 -0.427083283662796 0.28406172990799 3.13111734390259
15 7 -0.615436553955078 0.312855094671249 3.04200959205627
15 8 -0.705917477607727 0.328076243400574 3.00653171539307
15 9 0.146321535110474 0.235179603099823 3.18952012062073
15 10 0.196000248193741 -0.00381786446087062 3.16384673118591
15 11 0.220730319619179 -0.227832078933716 3.04464387893677
15 12 0.219106048345566 -0.311403095722198 2.99277472496033
15 13 -0.0959282666444778 -0.144444227218628 3.08092164993286
15 14 -0.143561765551567 -0.586722731590271 3.02374720573425
15 15 -0.152014911174774 -0.960334002971649 3.0430428981781
15 16 -0.158398270606995 -1.05840182304382 2.95733571052551
15 17 0.0604051984846592 -0.147540479898453 3.09086489677429
15 18 0.109325066208839 -0.578412532806396 3.00218081474304
15 19 0.0977882370352745 -0.949293375015259 3.02194166183472
15 20 0.109316043555737 -1.0507640838623 2.95606708526611
16 1 -0.0174496825784445 -0.0695365220308304 3.10456776618958
16 2 -0.0166606511920691 -0.0115427877753973 3.16719365119934
16 3 -0.0132267996668816 0.353084653615952 3.19651365280151
16 4 -0.00950664468109608 0.55346006155014 3.20357584953308
16 5 -0.203443676233292 0.255532532930374 3.19538044929504
16 6 -0.429093539714813 0.286130726337433 3.12929034233093
16 7 -0.617966175079346 0.311701089143753 3.04083442687988
16 8 -0.70579606294632 0.327527403831482 2.99978137016296
16 9 0.1453907340765 0.235098630189896 3.18832802772522
16 10 0.196556001901627 -0.000154770212247968 3.16456580162048
16 11 0.223241522908211 -0.229725196957588 3.04572439193726
16 12 0.22027200460434 -0.310241907835007 2.99914288520813
16 13 -0.0959197133779526 -0.144560739398003 3.08085465431213
16 14 -0.143702998757362 -0.586436331272125 3.02271294593811
16 15 -0.151689141988754 -0.957211911678314 3.0413761138916
16 16 -0.155420005321503 -1.05977535247803 2.96740865707397
16 17 0.0601623766124249 -0.147385582327843 3.09030652046204
16 18 0.108795739710331 -0.579390943050385 3.00154519081116
16 19 0.0975697115063667 -0.949993491172791 3.02178764343262
16 20 0.108279667794704 -1.04810261726379 2.94726395606995
17 1 -0.0175419971346855 -0.0697815269231796 3.10460948944092
17 2 -0.0166113451123238 -0.0118274139240384 3.16720342636108
17 3 -0.0112351533025503 0.351877182722092 3.19521117210388
17 4 -0.00910904724150896 0.553681373596191 3.20429730415344
17 5 -0.20247708261013 0.256179630756378 3.19486713409424
17 6 -0.42885223031044 0.285800158977509 3.12991333007813
17 7 -0.616907596588135 0.31420037150383 3.04085230827332
17 8 -0.706537127494812 0.328765481710434 3.00284314155579
17 9 0.147215887904167 0.236138209700584 3.18842673301697
17 10 0.19750702381134 0.000633563613519073 3.16555905342102
17 11 0.224851548671722 -0.231823205947876 3.04488158226013
17 12 0.220109030604362 -0.309765756130219 3.00021982192993
17 13 -0.0963938906788826 -0.14479286968708 3.08113884925842
17 14 -0.143720835447311 -0.586058139801025 3.02319955825806
17 15 -0.152423962950706 -0.955384969711304 3.04291152954102
17 16 -0.155034735798836 -1.05688083171844 2.96628093719482
17 17 0.0598270073533058 -0.147501260042191 3.09013485908508
17 18 0.109284579753876 -0.577917218208313 3.00156617164612
17 19 0.0979729667305946 -0.947360575199127 3.02375864982605
17 20 0.109456196427345 -1.04703807830811 2.95150756835938
18 1 -0.0174499750137329 -0.069970965385437 3.10468292236328
18 2 -0.0167786031961441 -0.0122420461848378 3.16739273071289
18 3 -0.00951040256768465 0.352721482515335 3.19813942909241
18 4 -0.00773694971576333 0.554824948310852 3.20468783378601
18 5 -0.200758382678032 0.256457477807999 3.19339394569397
18 6 -0.427462697029114 0.284704864025116 3.12576746940613
18 7 -0.628899991512299 0.315851032733917 3.03782987594604
18 8 -0.717674255371094 0.328800648450851 2.99705648422241
18 9 0.146655797958374 0.237515211105347 3.19045877456665
18 10 0.198396503925323 -0.000200760550796986 3.16472005844116
18 11 0.224305719137192 -0.232131868600845 3.04333591461182
18 12 0.220638245344162 -0.305964857339859 2.99966549873352
18 13 -0.0962526351213455 -0.144530415534973 3.08094549179077
18 14 -0.143125176429749 -0.586093246936798 3.02326226234436
18 15 -0.151504635810852 -0.956366419792175 3.04199886322021
18 16 -0.154086008667946 -1.0562481880188 2.96469950675964
18 17 0.059476874768734 -0.147724896669388 3.09036445617676
18 18 0.110203087329865 -0.579979181289673 3.00174784660339
18 19 0.0978985279798508 -0.947947084903717 3.02444195747375
18 20 0.107829481363297 -1.04708957672119 2.94920659065247
19 1 -0.0174589566886425 -0.0698952525854111 3.1047580242157
19 2 -0.0163405444473028 -0.0122401863336563 3.16756224632263
19 3 -0.00827955082058907 0.353011846542358 3.19896459579468
19 4 -0.00734132435172796 0.553215861320496 3.20469856262207
19 5 -0.200392588973045 0.256858080625534 3.19468784332275
19 6 -0.427636295557022 0.283311903476715 3.1312518119812
19 7 -0.615148305892944 0.307335674762726 3.03998684883118
19 8 -0.736883878707886 0.335079252719879 2.99394798278809
19 9 0.147753894329071 0.236803859472275 3.18932366371155
19 10 0.199679374694824 -0.000565471709705889 3.16468119621277
19 11 0.223877266049385 -0.234731197357178 3.04262757301331
19 12 0.221243560314178 -0.305011242628098 3.00305151939392
19 13 -0.0964654311537743 -0.144406571984291 3.08128881454468
19 14 -0.142549753189087 -0.585603058338165 3.02292060852051
19 15 -0.151740819215775 -0.956475257873535 3.04273414611816
19 16 -0.154005497694016 -1.05538475513458 2.96515560150146
19 17 0.0592761263251305 -0.147629007697105 3.09010529518127
19 18 0.109020158648491 -0.578518748283386 3.00181484222412
19 19 0.0977708697319031 -0.949031531810761 3.02235865592957
19 20 0.107536107301712 -1.04741775989532 2.94989848136902
20 1 -0.0173552613705397 -0.0699780806899071 3.10487174987793
20 2 -0.0162346083670855 -0.0121182510629296 3.16761088371277
20 3 -0.0102540943771601 0.353835761547089 3.19728493690491
20 4 -0.00808953028172255 0.551835894584656 3.20352363586426
20 5 -0.200344666838646 0.256680250167847 3.195148229599
20 6 -0.427867591381073 0.284788429737091 3.133145570755
20 7 -0.614012718200684 0.312089323997498 3.03985238075256
20 8 -0.705920934677124 0.329325437545776 3.01068687438965
20 9 0.147461995482445 0.234827920794487 3.1897280216217
20 10 0.198504582047462 -0.00256882840767503 3.16205430030823
20 11 0.222842633724213 -0.234308943152428 3.04139494895935
20 12 0.220606744289398 -0.308467388153076 2.9970555305481
20 13 -0.0963231027126312 -0.14457032084465 3.08141183853149
20 14 -0.142954230308533 -0.586332499980927 3.02329587936401
20 15 -0.151378288865089 -0.958024859428406 3.04043006896973
20 16 -0.154758423566818 -1.05703091621399 2.96586775779724
20 17 0.0593275763094425 -0.14793898165226 3.09024477005005
20 18 0.108852587640285 -0.577342927455902 3.00211262702942
20 19 0.0977330580353737 -0.948276281356812 3.02347540855408
20 20 0.109142422676086 -1.04374325275421 2.94482493400574
