1 1 -0.000579239276703447 -0.0322927758097649 3.05132675170898
1 2 0.00048586237244308 0.0256911776959896 3.11500668525696
1 3 0.00623179646208882 0.391294568777084 3.14434671401978
1 4 0.0265417248010635 0.581908881664276 3.14692258834839
1 5 -0.191259607672691 0.327370285987854 3.15271878242493
1 6 -0.433526694774628 0.413573145866394 3.17193126678467
1 7 -0.657103776931763 0.480869978666306 3.12234854698181
1 8 -0.752061784267426 0.499056875705719 3.08378911018372
1 9 0.188435301184654 0.263430625200272 3.14145302772522
1 10 0.250462651252747 -0.0211608093231916 3.12288618087769
1 11 0.240008264780045 -0.251195222139359 3.02580952644348
1 12 0.235791772603989 -0.357122302055359 3.01206302642822
1 13 -0.0875109806656837 -0.111146122217178 3.02510905265808
1 14 -0.0905163958668709 -0.660950064659119 3.03043246269226
1 15 -0.0647914111614227 -1.01827096939087 2.98403382301331
1 16 -0.0953022614121437 -1.07632780075073 2.9487156867981
1 17 0.0850172936916351 -0.121028251945972 3.03723073005676
1 18 0.0752218961715698 -0.657450079917908 3.00250196456909
1 19 0.0478179901838303 -1.00455462932587 2.98416996002197
1 20 0.0687386989593506 -1.06179392337799 2.90504169464111
2 1 0.00216503744013608 -0.0310682132840157 3.05232810974121
2 2 0.00217154156416655 0.0262993387877941 3.11588168144226
2 3 0.00945920869708061 0.391638249158859 3.14620614051819
2 4 0.0296723861247301 0.580763638019562 3.14787817001343
2 5 -0.18969988822937 0.327278971672058 3.15101742744446
2 6 -0.429693281650543 0.411473572254181 3.16943597793579
2 7 -0.6524298787117 0.482921719551086 3.12824082374573
2 8 -0.757156848907471 0.495362192392349 3.07721972465515
2 9 0.190270811319351 0.262062638998032 3.14281153678894
2 10 0.252718687057495 -0.00821461714804173 3.1267991065979
2 11 0.241266131401062 -0.251209259033203 3.02702164649963
2 12 0.23880922794342 -0.3561891913414 3.0131995677948
2 13 -0.0853799134492874 -0.110116869211197 3.02437973022461
2 14 -0.0886097773909569 -0.656572461128235 3.03056073188782
2 15 -0.0618617311120033 -1.01324868202209 2.98800563812256
2 16 -0.0931850969791412 -1.06577241420746 2.94539523124695
2 17 0.0871699377894402 -0.120375268161297 3.03815078735352
2 18 0.0751697719097137 -0.655599474906921 3.00404214859009
2 19 0.0493561215698719 -1.00275814533234 2.98669409751892
2 20 0.0730720311403275 -1.05944049358368 2.91115975379944
3 1 0.00246655638329685 -0.0307594444602728 3.05239152908325
3 2 0.00217239046469331 0.0266560725867748 3.11582517623901
3 3 0.00903438404202461 0.392068356275558 3.14573097229004
3 4 0.0275406707078218 0.579872846603394 3.14744400978088
3 5 -0.189674019813538 0.325929522514343 3.14917373657227
3 6 -0.422821044921875 0.401867300271988 3.16726994514465
3 7 -0.643314242362976 0.475610613822937 3.12300992012024
3 8 -0.757103443145752 0.491012126207352 3.07464575767517
3 9 0.189800277352333 0.263532280921936 3.14378428459167
3 10 0.25126251578331 -0.013231260702014 3.12464594841003
3 11 0.241902649402618 -0.250023066997528 3.02729916572571
3 12 0.240262776613235 -0.356076896190643 3.01219797134399
3 13 -0.0848516225814819 -0.109856382012367 3.02432012557983
3 14 -0.0884916186332703 -0.65567934513092 3.03072929382324
3 15 -0.0591838732361794 -1.01118505001068 2.99111843109131
3 16 -0.0892544239759445 -1.06128287315369 2.9336109161377
3 17 0.0876118838787079 -0.119654908776283 3.03827524185181
3 18 0.0765572562813759 -0.653164029121399 3.00557494163513
3 19 0.0491171926259995 -1.00173377990723 2.98781442642212
3 20 0.0636423677206039 -1.06081306934357 2.91253232955933
4 1 0.00221367040649056 -0.0301959104835987 3.05243682861328
4 2 0.00175883912015706 0.0274156481027603 3.11581802368164
4 3 0.00749828200787306 0.392845779657364 3.14484834671021
4 4 0.0248568262904882 0.581660866737366 3.1483371257782
4 5 -0.190869957208633 0.325841456651688 3.14814138412476
4 6 -0.432527333498001 0.405106723308563 3.16418361663818
4 7 -0.653244435787201 0.473587542772293 3.11656427383423
4 8 -0.766434550285339 0.492412388324738 3.07297587394714
4 9 0.189574539661407 0.263753086328506 3.14296960830688
4 10 0.252249956130981 0.00074462394695729 3.12876653671265
4 11 0.242693722248077 -0.250219911336899 3.02797055244446
4 12 0.237190902233124 -0.349947065114975 3.00915002822876
4 13 -0.0851981863379478 -0.109633460640907 3.02438688278198
4 14 -0.0875706747174263 -0.656483113765717 3.03144907951355
4 15 -0.0596590414643288 -1.01182353496552 2.99105262756348
4 16 -0.0853625684976578 -1.06108963489532 2.93261361122131
4 17 0.0872196927666664 -0.119279913604259 3.03812456130981
4 18 0.0759190320968628 -0.659802436828613 3.00659227371216
4 19 0.0523046813905239 -1.00361442565918 2.98659563064575
4 20 0.0709840506315231 -1.06388425827026 2.9095995426178
5 1 0.00189766986295581 -0.0300484802573919 3.05233836174011
5 2 0.000924820662476122 0.0277129709720612 3.11564779281616
5 3 0.00592544907703996 0.393143206834793 3.14413928985596
5 4 0.0231793932616711 0.579568445682526 3.14786458015442
5 5 -0.191680416464806 0.324869185686111 3.14682722091675
5 6 -0.437092244625092 0.404880970716476 3.16279077529907
5 7 -0.657169938087463 0.47638213634491 3.11941027641296
5 8 -0.768946588039398 0.49418979883194 3.07525038719177
5 9 0.190454319119453 0.263309806585312 3.14473986625671
5 10 0.250574499368668 -0.0120486114174128 3.12729573249817
5 11 0.241828575730324 -0.250630289316177 3.02842283248901
5 12 0.240061521530151 -0.351614147424698 3.00063848495483
5 13 -0.0853491574525833 -0.109498202800751 3.02405428886414
5 14 -0.0874983966350555 -0.657665193080902 3.03186130523682
5 15 -0.0612916387617588 -1.01454293727875 2.98983597755432
5 16 -0.0901830047369003 -1.06677961349487 2.9458065032959
5 17 0.0872091427445412 -0.119359597563744 3.03809976577759
5 18 0.0771185010671616 -0.655546069145203 3.00486445426941
5 19 0.044453889131546 -1.00310838222504 2.98544788360596
5 20 0.0725305080413818 -1.061847448349 2.91183567047119
6 1 0.00201711338013411 -0.029614644125104 3.0522665977478
6 2 0.00116656348109245 0.0283788610249758 3.1155207157135
6 3 0.00503174960613251 0.394949644804001 3.14346241950989
6 4 0.0230058934539557 0.580772697925568 3.14938020706177
6 5 -0.192571118474007 0.324711114168167 3.1465163230896
6 6 -0.434914946556091 0.405421435832977 3.16390419006348
6 7 -0.656801342964172 0.471616476774216 3.12339401245117
6 8 -0.766508400440216 0.491251826286316 3.07831740379334
6 9 0.19020277261734 0.264355629682541 3.14283919334412
6 10 0.252018690109253 -0.0078057860955596 3.12650012969971
6 11 0.241701826453209 -0.248342633247375 3.02794408798218
6 12 0.239873111248016 -0.351738214492798 3.00830030441284
6 13 -0.0853618755936623 -0.109573267400265 3.02396988868713
6 14 -0.0871613919734955 -0.658067286014557 3.03104543685913
6 15 -0.0615550763905048 -1.00971174240112 2.98973393440247
6 16 -0.085207000374794 -1.06116604804993 2.9389443397522
6 17 0.0878028124570847 -0.119303673505783 3.03819918632507
6 18 0.0745790079236031 -0.657446265220642 3.00499105453491
6 19 0.049646757543087 -1.00398135185242 2.98412013053894
6 20 0.0701581761240959 -1.05905222892761 2.91565489768982
7 1 0.001613839995116 -0.0292768906801939 3.05283498764038
7 2 0.000693780602887273 0.0284285098314285 3.11612033843994
7 3 0.00573414610698819 0.394929766654968 3.14582967758179
7 4 0.0225274041295052 0.582853555679321 3.15056037902832
7 5 -0.192717045545578 0.324645906686783 3.1465163230896
7 6 -0.435027748346329 0.401025414466858 3.16364479064941
7 7 -0.653668999671936 0.474235057830811 3.11946773529053
7 8 -0.762953400611877 0.486825823783875 3.07175445556641
7 9 0.191660866141319 0.26360496878624 3.14357495307922
7 10 0.250542163848877 -0.00845107901841402 3.12326431274414
7 11 0.241411969065666 -0.247846677899361 3.02678561210632
7 12 0.239133805036545 -0.356044560670853 3.00957012176514
7 13 -0.0859527513384819 -0.109448380768299 3.024094581604
7 14 -0.0877224057912827 -0.657500624656677 3.03156661987305
7 15 -0.0611939989030361 -1.01305103302002 2.98937916755676
7 16 -0.0915735885500908 -1.06235420703888 2.93368363380432
7 17 0.0872751995921135 -0.119247891008854 3.03866600990295
7 18 0.0753335952758789 -0.655620515346527 3.0048975944519
7 19 0.0502813346683979 -1.0026261806488 2.98647022247314
7 20 0.0640967190265656 -1.05771899223328 2.91664338111877
8 1 0.00166072463616729 -0.0291293282061815 3.05310130119324
8 2 0.000710515887476504 0.0284793488681316 3.11638879776001
8 3 0.00491930916905403 0.394068270921707 3.14611387252808
8 4 0.0239254310727119 0.584805190563202 3.15317964553833
8 5 -0.192827135324478 0.325008243322372 3.146564245224
8 6 -0.436353236436844 0.404363036155701 3.1630585193634
8 7 -0.655582308769226 0.475930154323578 3.12309241294861
8 8 -0.764440059661865 0.491400718688965 3.07768607139587
8 9 0.190915584564209 0.263452410697937 3.1425449848175
8 10 0.250447273254395 -0.0070368223823607 3.12460851669312
8 11 0.241440370678902 -0.248007521033287 3.02660417556763
8 12 0.239642918109894 -0.351680457592011 3.00872445106506
8 13 -0.085770919919014 -0.109224520623684 3.02443480491638
8 14 -0.0880423188209534 -0.656643569469452 3.03232312202454
8 15 -0.0612521469593048 -1.01498103141785 2.988609790802
8 16 -0.08611049503088 -1.06148207187653 2.93702530860901
8 17 0.0876027345657349 -0.118976376950741 3.03903412818909
8 18 0.0756252408027649 -0.651225805282593 3.00563192367554
8 19 0.0489675998687744 -0.998219788074493 2.99119830131531
8 20 0.061989601701498 -1.05464851856232 2.92268443107605
9 1 0.00109358201734722 -0.0295680947601795 3.05322504043579
9 2 0.000282559893094003 0.0282830260694027 3.11658263206482
9 3 0.00427664536982775 0.395193099975586 3.14653325080872
9 4 0.0229868441820145 0.58777117729187 3.14897656440735
9 5 -0.193202942609787 0.325066566467285 3.14692354202271
9 6 -0.427408993244171 0.403501778841019 3.16371607780457
9 7 -0.648414969444275 0.464946568012238 3.11613583564758
9 8 -0.757945001125336 0.4856276512146 3.07635164260864
9 9 0.186557859182358 0.263719618320465 3.14089488983154
9 10 0.25017124414444 -0.00865583680570126 3.12700462341309
9 11 0.241239875555038 -0.247302427887917 3.02720260620117
9 12 0.239925652742386 -0.355315744876862 3.0091667175293
9 13 -0.0860859528183937 -0.109265118837357 3.02482891082764
9 14 -0.087382897734642 -0.6552894115448 3.03321242332459
9 15 -0.0591486841440201 -1.01323616504669 2.98837065696716
9 16 -0.0821408852934837 -1.06158208847046 2.93808794021606
9 17 0.0869490429759026 -0.118979163467884 3.03907871246338
9 18 0.0747282654047012 -0.653930425643921 3.0075101852417
9 19 0.0480198189616203 -1.00244057178497 2.98644638061523
9 20 0.0700908899307251 -1.06061851978302 2.92279410362244
10 1 0.0016875573201105 -0.0291439741849899 3.05378890037537
10 2 0.000630031689070165 0.0288247764110565 3.11706948280334
10 3 0.00491795223206282 0.396203130483627 3.14636039733887
10 4 0.0232573710381985 0.591275215148926 3.1505753993988
10 5 -0.193149358034134 0.324813336133957 3.14681339263916
10 6 -0.431370675563812 0.40403613448143 3.16338109970093
10 7 -0.672672390937805 0.468688935041428 3.11259961128235
10 8 -0.771337747573853 0.484468877315521 3.06889295578003
10 9 0.187455072999001 0.263708025217056 3.142746925354
10 10 0.249885857105255 -0.00855194311589003 3.12577700614929
10 11 0.241844117641449 -0.24787375330925 3.02744364738464
10 12 0.240261003375053 -0.353096157312393 3.00994920730591
10 13 -0.0854436382651329 -0.109121732413769 3.0257453918457
10 14 -0.08748409897089 -0.655672907829285 3.03302049636841
10 15 -0.0647685080766678 -1.01364970207214 2.98941206932068
10 16 -0.0951407849788666 -1.06161236763 2.93509268760681
10 17 0.0877189338207245 -0.118223085999489 3.03961181640625
10 18 0.0773126631975174 -0.649287700653076 3.00667500495911
10 19 0.048537090420723 -0.998308777809143 2.99038195610046
10 20 0.0716885775327683 -1.05824017524719 2.91588425636292
11 1 0.001875369111076 -0.0294930431991816 3.05402088165283
11 2 0.000884293462149799 0.0287014171481133 3.11729216575623
11 3 0.00597588717937469 0.396554529666901 3.14658212661743
11 4 0.0227412190288305 0.593557953834534 3.14988446235657
11 5 -0.192775994539261 0.324702262878418 3.14677548408508
11 6 -0.427393078804016 0.402687460184097 3.16259455680847
11 7 -0.672004878520966 0.467352837324142 3.10652279853821
11 8 -0.76999568939209 0.484626293182373 3.07007431983948
11 9 0.188456147909164 0.263503938913345 3.14319109916687
11 10 0.249695003032684 -0.0127652864903212 3.12541079521179
11 11 0.242040693759918 -0.247230678796768 3.02747273445129
11 12 0.241144001483917 -0.351783633232117 3.01014614105225
11 13 -0.0852495059370995 -0.109712690114975 3.02613210678101
11 14 -0.0877946242690086 -0.658754110336304 3.03399920463562
11 15 -0.0648318007588387 -1.01779294013977 2.98597049713135
11 16 -0.0919547751545906 -1.06356704235077 2.92836117744446
11 17 0.0876397341489792 -0.118306435644627 3.03998041152954
11 18 0.0765929520130157 -0.653280436992645 3.00800156593323
11 19 0.0508553460240364 -0.997539222240448 2.99177694320679
11 20 0.0607781894505024 -1.05879306793213 2.91406846046448
12 1 0.00244585168547928 -0.0290308147668839 3.05482840538025
12 2 0.00139866943936795 0.0288871265947819 3.11807751655579
12 3 0.0075389863923192 0.395502418279648 3.14764213562012
12 4 0.0247325487434864 0.593758344650269 3.14849090576172
12 5 -0.192712262272835 0.324648201465607 3.1469943523407
12 6 -0.426828533411026 0.402628749608994 3.16230058670044
12 7 -0.648351311683655 0.463665306568146 3.12846875190735
12 8 -0.756228923797607 0.483869403600693 3.0861668586731
12 9 0.190037414431572 0.263715118169785 3.14523530006409
12 10 0.252020299434662 -0.00388942216522992 3.127037525177
12 11 0.242624461650848 -0.248197421431541 3.0286750793457
12 12 0.240848571062088 -0.350906014442444 3.01028037071228
12 13 -0.0850645303726196 -0.109572283923626 3.02654242515564
12 14 -0.0875939056277275 -0.657988429069519 3.03356027603149
12 15 -0.0665278881788254 -1.0151070356369 2.98485636711121
12 16 -0.089138388633728 -1.06096112728119 2.93204736709595
12 17 0.0880016833543777 -0.118067555129528 3.04077458381653
12 18 0.0758285745978355 -0.651588618755341 3.00675368309021
12 19 0.0474370419979095 -1.00481975078583 2.98430204391479
12 20 0.0591417402029037 -1.05622756481171 2.93047475814819
13 1 0.00291082030162215 -0.0293289180845022 3.05481791496277
13 2 0.0022495249286294 0.0288171414285898 3.11803483963013
13 3 0.00950582977384329 0.395285099744797 3.14655160903931
13 4 0.0235117226839066 0.595508098602295 3.14791703224182
13 5 -0.192208349704742 0.324493438005447 3.14674067497253
13 6 -0.425989985466003 0.402383953332901 3.16225242614746
13 7 -0.647182524204254 0.462941616773605 3.12743759155273
13 8 -0.754620552062988 0.480483114719391 3.08449959754944
13 9 0.187324702739716 0.264509499073029 3.14371395111084
13 10 0.251801490783691 -0.0051637189462781 3.12659454345703
13 11 0.242572456598282 -0.247870713472366 3.02868914604187
13 12 0.239709854125977 -0.35129302740097 3.00997519493103
13 13 -0.0844321474432945 -0.109269596636295 3.02684426307678
13 14 -0.0863872468471527 -0.656613826751709 3.03393745422363
13 15 -0.0606764368712902 -1.00977051258087 2.99130511283875
13 16 -0.0864979326725006 -1.05928087234497 2.93873643875122
13 17 0.0881727486848831 -0.118123754858971 3.04076433181763
13 18 0.0774296075105667 -0.657431423664093 3.00741052627563
13 19 0.0525955930352211 -1.00272917747498 2.9877610206604
13 20 0.0683644488453865 -1.0585241317749 2.91156315803528
14 1 0.00319774355739355 -0.0285447891801596 3.0549578666687
14 2 0.00227255932986736 0.0293466243892908 3.1180682182312
14 3 0.00957331527024508 0.394740909337997 3.14635562896729
14 4 0.0256900116801262 0.596441328525543 3.14850378036499
14 5 -0.191765174269676 0.324542105197906 3.1468825340271
14 6 -0.430539190769196 0.403231739997864 3.16188073158264
14 7 -0.650996625423431 0.464199334383011 3.12195920944214
14 8 -0.758216083049774 0.482508718967438 3.08030843734741
14 9 0.191132500767708 0.264476656913757 3.14597749710083
14 10 0.252224236726761 -0.0176180079579353 3.12432527542114
14 11 0.242830365896225 -0.24854040145874 3.02909135818481
14 12 0.240704238414764 -0.351303219795227 3.01139712333679
14 13 -0.0844008475542068 -0.108759820461273 3.02673816680908
14 14 -0.0862612947821617 -0.654945850372314 3.03319573402405
14 15 -0.0578741580247879 -1.01080238819122 2.98785400390625
14 16 -0.0928959175944328 -1.05996835231781 2.93486142158508
14 17 0.0887294933199883 -0.117680378258228 3.04106187820435
14 18 0.0773971229791641 -0.651070713996887 3.00809955596924
14 19 0.0480631366372108 -0.998467683792114 2.98627018928528
14 20 0.0654676109552383 -1.05896127223969 2.91715145111084
15 1 0.00310664693824947 -0.0286961309611797 3.05499649047852
15 2 0.00245801964774728 0.0290322713553905 3.11814427375793
15 3 0.0108520174399018 0.394083827733994 3.14747786521912
15 4 0.0253002345561981 0.597086787223816 3.14873480796814
15 5 -0.191744163632393 0.324436008930206 3.14747381210327
15 6 -0.426428943872452 0.402717769145966 3.16287446022034
15 7 -0.647347390651703 0.463981330394745 3.12911772727966
15 8 -0.754364490509033 0.480552077293396 3.08785820007324
15 9 0.191009432077408 0.263168752193451 3.14556860923767
15 10 0.252160608768463 -0.00980758480727673 3.12511563301086
15 11 0.243490591645241 -0.248956322669983 3.02852559089661
15 12 0.240603476762772 -0.352289885282516 3.00982666015625
15 13 -0.0846370980143547 -0.108940809965134 3.02713823318481
15 14 -0.0854681730270386 -0.655136585235596 3.03357839584351
15 15 -0.0613945014774799 -1.0141636133194 2.98723602294922
15 16 -0.0781667083501816 -1.06397676467896 2.93605041503906
15 17 0.0885404795408249 -0.11746534705162 3.04085779190063
15 18 0.0764062479138374 -0.653617382049561 3.00744724273682
15 19 0.0454576462507248 -1.00213479995728 2.98272442817688
15 20 0.0663772001862526 -1.06302118301392 2.9071741104126
16 1 0.00330769456923008 -0.0303785931318998 3.05553722381592
16 2 0.0029228269122541 0.0276032239198685 3.11874532699585
16 3 0.0107617843896151 0.393312811851501 3.14818429946899
16 4 0.0239903405308723 0.59758186340332 3.14792966842651
16 5 -0.191479414701462 0.323566854000092 3.1476936340332
16 6 -0.423896014690399 0.397961050271988 3.16256070137024
16 7 -0.644091188907623 0.46239048242569 3.13408732414246
16 8 -0.749210238456726 0.478124916553497 3.08904790878296
16 9 0.190307438373566 0.262708634138107 3.1437783241272
16 10 0.254099041223526 -0.00947383791208267 3.12745046615601
16 11 0.244758352637291 -0.247309610247612 3.02833104133606
16 12 0.240889027714729 -0.351944714784622 3.00962257385254
16 13 -0.0845221728086472 -0.110425926744938 3.02769041061401
16 14 -0.0837919116020203 -0.655118405818939 3.03462553024292
16 15 -0.0574703589081764 -1.01114070415497 2.98791909217834
16 16 -0.0855014696717262 -1.05967903137207 2.94078254699707
16 17 0.088590994477272 -0.118636585772038 3.0412232875824
16 18 0.0748991444706917 -0.658162474632263 3.00757384300232
16 19 0.0477672889828682 -1.00255572795868 2.98692727088928
16 20 0.0683416202664375 -1.05951714515686 2.9135901927948
17 1 0.00374253676272929 -0.0303716585040092 3.05598521232605
17 2 0.00297770579345524 0.0275616068392992 3.11917090415955
17 3 0.010742318816483 0.393388658761978 3.14862298965454
17 4 0.0239660181105137 0.598829984664917 3.14814615249634
17 5 -0.191250383853912 0.323149144649506 3.14832377433777
17 6 -0.42480006814003 0.396237730979919 3.16355204582214
17 7 -0.644699454307556 0.461260735988617 3.13596677780151
17 8 -0.74883496761322 0.477005928754807 3.08966469764709
17 9 0.192812547087669 0.262406229972839 3.14706707000732
17 10 0.252335846424103 -0.0199239552021027 3.12728309631348
17 11 0.245114520192146 -0.248876020312309 3.02798056602478
17 12 0.241381600499153 -0.351813018321991 3.00962972640991
17 13 -0.0840413421392441 -0.110530570149422 3.02852082252502
17 14 -0.0846352502703667 -0.656219840049744 3.03388738632202
17 15 -0.0582302697002888 -1.01316523551941 2.98760294914246
17 16 -0.0964068099856377 -1.0632232427597 2.92652630805969
17 17 0.0889478921890259 -0.11890222132206 3.0412609577179
17 18 0.0768212974071503 -0.658187866210938 3.00862836837769
17 19 0.0480121113359928 -1.00225973129272 2.98932814598084
17 20 0.067682683467865 -1.05888700485229 2.9184901714325
18 1 0.00379618350416422 -0.0304622948169708 3.05611109733582
18 2 0.00291032367385924 0.0274980366230011 3.11932301521301
18 3 0.010603760369122 0.393558025360107 3.14878249168396
18 4 0.0272507704794407 0.599756240844727 3.14774966239929
18 5 -0.189484342932701 0.322446376085281 3.14823389053345
18 6 -0.42388254404068 0.396461576223373 3.16247606277466
18 7 -0.643633008003235 0.461678057909012 3.13421773910522
18 8 -0.74783182144165 0.476939886808395 3.08882546424866
18 9 0.193585246801376 0.263249427080154 3.14799928665161
18 10 0.25394681096077 -0.0217505339533091 3.1270055770874
18 11 0.245150059461594 -0.248321011662483 3.0285427570343
18 12 0.244450151920319 -0.355221539735794 3.00273442268372
18 13 -0.0839920490980148 -0.110662274062634 3.02855229377747
18 14 -0.0844760313630104 -0.655719637870789 3.03371381759644
18 15 -0.063938707113266 -1.00974154472351 2.98954224586487
18 16 -0.0943347439169884 -1.05792415142059 2.94007039070129
18 17 0.0890844464302063 -0.119098886847496 3.04143619537354
18 18 0.0766234174370766 -0.653667330741882 3.00782227516174
18 19 0.048477828502655 -0.998908579349518 2.98962998390198
18 20 0.068596825003624 -1.05788660049438 2.91263771057129
19 1 0.00457300990819931 -0.0301461480557919 3.05677509307861
19 2 0.00367424637079239 0.0274361222982407 3.12002849578857
19 3 0.0111368065699935 0.392300844192505 3.15040636062622
19 4 0.0325129181146622 0.5961674451828 3.14892196655273
19 5 -0.187940046191216 0.322707772254944 3.14932870864868
19 6 -0.423735529184341 0.399511486291885 3.1627049446106
19 7 -0.643991768360138 0.461972922086716 3.1312050819397
19 8 -0.748977303504944 0.477754861116409 3.08877420425415
19 9 0.19553816318512 0.262307435274124 3.14862751960754
19 10 0.253030598163605 -0.0177602805197239 3.12497401237488
19 11 0.246098279953003 -0.24726140499115 3.03027391433716
19 12 0.242301121354103 -0.350503295660019 3.00906801223755
19 13 -0.0832724124193192 -0.110207967460155 3.02877259254456
19 14 -0.0838522613048553 -0.655770659446716 3.03360605239868
19 15 -0.0635626390576363 -1.0132691860199 2.98704028129578
19 16 -0.0919441431760788 -1.06047666072845 2.93836855888367
19 17 0.0900355651974678 -0.119276903569698 3.04243659973145
19 18 0.0788675546646118 -0.651988804340363 3.0078067779541
19 19 0.0442332550883293 -1.00062441825867 2.98840928077698
19 20 0.0623917542397976 -1.04996228218079 2.93102955818176
20 1 0.00486781122162938 -0.0297427475452423 3.05763816833496
20 2 0.00386108551174402 0.0274031236767769 3.12102699279785
20 3 0.0105903465300798 0.39128115773201 3.15247201919556
20 4 0.037016075104475 0.591732382774353 3.15128493309021
20 5 -0.186480790376663 0.323891431093216 3.15030646324158
20 6 -0.423971831798553 0.401384294033051 3.16296768188477
20 7 -0.644328474998474 0.462607085704803 3.12903118133545
20 8 -0.750450372695923 0.477357804775238 3.0900547504425
20 9 0.199153646826744 0.261426895856857 3.14885711669922
20 10 0.255056798458099 -0.00952630583196878 3.12779569625854
20 11 0.246811360120773 -0.247864723205566 3.03000140190125
20 12 0.243508964776993 -0.350830316543579 3.00909018516541
20 13 -0.0829393565654755 -0.109941244125366 3.02934956550598
20 14 -0.0837846249341965 -0.657090902328491 3.03429102897644
20 15 -0.0607005767524242 -1.01468575000763 2.98759508132935
20 16 -0.0900708809494972 -1.06278991699219 2.93714094161987
20 17 0.090305782854557 -0.119428299367428 3.0428454875946
20 18 0.0780185237526894 -0.652375221252441 3.00829219818115
20 19 0.0477061755955219 -1.0002509355545 2.98846220970154
20 20 0.0651383921504021 -1.05972385406494 2.91067481040955
