1 1 -0.00380635145120323 -0.0297527480870485 3.04940581321716
1 2 -0.00511196674779058 0.0267427712678909 3.11435675621033
1 3 -0.00285216793417931 0.392096519470215 3.1495726108551
1 4 0.0177836194634438 0.594830691814423 3.14302611351013
1 5 -0.200026303529739 0.327515959739685 3.14926218986511
1 6 -0.479287564754486 0.442984730005264 3.16161251068115
1 7 -0.703070819377899 0.518394827842712 3.09585690498352
1 8 -0.769940137863159 0.540761947631836 3.06353759765625
1 9 0.180357351899147 0.260037183761597 3.14332747459412
1 10 0.238912627100945 -0.012701028957963 3.12041664123535
1 11 0.238852351903915 -0.246913179755211 3.01458477973938
1 12 0.237608909606934 -0.353047966957092 2.99105048179626
1 13 -0.090130127966404 -0.109550327062607 3.01756119728088
1 14 -0.0900588557124138 -0.656170129776001 3.02675318717957
1 15 -0.0603877604007721 -1.01447057723999 2.98731541633606
1 16 -0.0897655636072159 -1.06235992908478 2.94449329376221
1 17 0.0814710259437561 -0.118638686835766 3.03507256507874
1 18 0.0738789439201355 -0.651973605155945 2.99772810935974
1 19 0.0499776266515255 -0.998194456100464 2.98687672615051
1 20 0.0668829753994942 -1.05897283554077 2.91952538490295
2 1 -0.00433461321517825 -0.0303891412913799 3.04959106445313
2 2 -0.00620556157082319 0.0262985248118639 3.1145703792572
2 3 -0.00329583487473428 0.393146544694901 3.15095472335815
2 4 0.017924627289176 0.600890278816223 3.14804744720459
2 5 -0.20019505918026 0.326852440834045 3.14695334434509
2 6 -0.47394260764122 0.436690241098404 3.15662693977356
2 7 -0.69830584526062 0.51561564207077 3.09639430046082
2 8 -0.7683345079422 0.536665081977844 3.06642246246338
2 9 0.182475060224533 0.258707165718079 3.14471459388733
2 10 0.239472776651382 -0.0187055505812168 3.1213960647583
2 11 0.23837223649025 -0.247290581464767 3.01555609703064
2 12 0.234516397118568 -0.35238990187645 2.99203515052795
2 13 -0.0910504758358002 -0.110636696219444 3.01761102676392
2 14 -0.0901607647538185 -0.660126984119415 3.02625942230225
2 15 -0.0612251088023186 -1.01719522476196 2.98638820648193
2 16 -0.0915990024805069 -1.06509459018707 2.93156790733337
2 17 0.0806906074285507 -0.119468837976456 3.03543448448181
2 18 0.0724057033658028 -0.658574938774109 2.99840974807739
2 19 0.048591360449791 -1.00536262989044 2.98379635810852
2 20 0.0718073099851608 -1.05938851833344 2.90692543983459
3 1 -0.00535840587690473 -0.0306622851639986 3.04961466789246
3 2 -0.00720760971307755 0.0259767174720764 3.11460208892822
3 3 -0.00475951377302408 0.39218333363533 3.15096306800842
3 4 0.0154818957671523 0.604130923748016 3.14916181564331
3 5 -0.201682314276695 0.326603174209595 3.14614844322205
3 6 -0.427884727716446 0.416723996400833 3.16129946708679
3 7 -0.668562173843384 0.499969840049744 3.09822058677673
3 8 -0.772779762744904 0.528196752071381 3.05372834205627
3 9 0.179681122303009 0.258563488721848 3.14300751686096
3 10 0.23974272608757 -0.0187583733350039 3.12186145782471
3 11 0.238385632634163 -0.247043132781982 3.01568460464478
3 12 0.234124928712845 -0.353391200304031 2.9935884475708
3 13 -0.0920474380254745 -0.111002251505852 3.01747751235962
3 14 -0.0910770744085312 -0.656477510929108 3.02663779258728
3 15 -0.0636127442121506 -1.01452779769897 2.98829936981201
3 16 -0.093213826417923 -1.06104612350464 2.94160652160645
3 17 0.0797572135925293 -0.11969318985939 3.03577852249146
3 18 0.0733528360724449 -0.653562784194946 2.99738621711731
3 19 0.0460018180310726 -1.00422763824463 2.9867467880249
3 20 0.0685226246714592 -1.05855941772461 2.91749024391174
4 1 -0.00756214279681444 -0.03117242641747 3.04956603050232
4 2 -0.00862219743430614 0.0256701167672873 3.11464738845825
4 3 -0.00623797066509724 0.392845779657364 3.15121865272522
4 4 0.0120242368429899 0.601636588573456 3.15255832672119
4 5 -0.205423429608345 0.327331990003586 3.14658427238464
4 6 -0.428603410720825 0.415635913610458 3.16025924682617
4 7 -0.66721498966217 0.495365858078003 3.09217858314514
4 8 -0.738478541374207 0.512872695922852 3.04192447662354
4 9 0.173464208841324 0.257987350225449 3.13838195800781
4 10 0.236734747886658 -0.0248665604740381 3.11676025390625
4 11 0.237448036670685 -0.249136686325073 3.01563048362732
4 12 0.234141021966934 -0.355976611375809 2.99519419670105
4 13 -0.0940612107515335 -0.111488401889801 3.01824021339417
4 14 -0.0906088501214981 -0.658772230148315 3.02715563774109
4 15 -0.0630636289715767 -1.01570582389832 2.98674201965332
4 16 -0.0900739133358002 -1.062819480896 2.9399402141571
4 17 0.0781357139348984 -0.119410082697868 3.03491759300232
4 18 0.0720708146691322 -0.653030395507813 2.99948525428772
4 19 0.0428684242069721 -1.00406277179718 2.98717713356018
4 20 0.0719900354743004 -1.05678033828735 2.92520928382874
5 1 -0.00793755706399679 -0.0308639016002417 3.04962182044983
5 2 -0.00951559655368328 0.0258558019995689 3.11470556259155
5 3 -0.00808327738195658 0.393649041652679 3.15222382545471
5 4 0.0114571107551455 0.603411674499512 3.15409970283508
5 5 -0.206597462296486 0.327328592538834 3.14604020118713
5 6 -0.429588615894318 0.416149258613586 3.15703749656677
5 7 -0.666791319847107 0.493874251842499 3.08900499343872
5 8 -0.769636750221252 0.529412686824799 3.03990292549133
5 9 0.174199640750885 0.258044093847275 3.14034295082092
5 10 0.237533628940582 -0.0130274789407849 3.12194800376892
5 11 0.237289920449257 -0.25112122297287 3.01738834381104
5 12 0.236320659518242 -0.360828101634979 2.99393701553345
5 13 -0.0942894443869591 -0.111472442746162 3.01793384552002
5 14 -0.0913016498088837 -0.654549658298492 3.02674698829651
5 15 -0.0640456601977348 -1.01179647445679 2.98970818519592
5 16 -0.0878127813339233 -1.0620858669281 2.94293117523193
5 17 0.078045442700386 -0.119171716272831 3.03513836860657
5 18 0.073600135743618 -0.651060998439789 2.99809503555298
5 19 0.0469749122858047 -0.99750691652298 2.99408912658691
5 20 0.0665782988071442 -1.05091738700867 2.93220043182373
6 1 -0.00818537548184395 -0.0308823715895414 3.0494236946106
6 2 -0.010043197311461 0.0255669131875038 3.1145133972168
6 3 -0.00920282118022442 0.392618179321289 3.15324902534485
6 4 0.0109652522951365 0.602728664875031 3.1543984413147
6 5 -0.206915259361267 0.326970517635345 3.1453697681427
6 6 -0.429606437683105 0.416278898715973 3.15792798995972
6 7 -0.668001472949982 0.492593377828598 3.08865141868591
6 8 -0.7801393866539 0.521637976169586 3.05811905860901
6 9 0.172415867447853 0.259589105844498 3.14113616943359
6 10 0.238989695906639 -0.00805962085723877 3.12465500831604
6 11 0.237805753946304 -0.24912029504776 3.01916599273682
6 12 0.235949277877808 -0.36115550994873 2.9835467338562
6 13 -0.0942314565181732 -0.11136782169342 3.01759338378906
6 14 -0.0896178781986237 -0.654059946537018 3.02720475196838
6 15 -0.0635876059532166 -1.0111917257309 2.98853898048401
6 16 -0.089298278093338 -1.06196343898773 2.94382572174072
6 17 0.0777749940752983 -0.118674963712692 3.03504824638367
6 18 0.0730836614966393 -0.650865316390991 2.99888682365417
6 19 0.0448365397751331 -0.999906659126282 2.99357652664185
6 20 0.0622528158128262 -1.05658531188965 2.9228310585022
7 1 -0.00872051436454058 -0.0310137327760458 3.04934096336365
7 2 -0.0106445904821157 0.0254543162882328 3.11453485488892
7 3 -0.00940819084644318 0.393380850553513 3.15398025512695
7 4 0.0103966277092695 0.604186832904816 3.15604662895203
7 5 -0.207498356699944 0.326253235340118 3.14569282531738
7 6 -0.492049515247345 0.434841215610504 3.15210580825806
7 7 -0.711677193641663 0.503735959529877 3.0747013092041
7 8 -0.777985155582428 0.521904528141022 3.04887008666992
7 9 0.171558931469917 0.259895086288452 3.1418924331665
7 10 0.235801622271538 -0.0155462622642517 3.12182331085205
7 11 0.236930370330811 -0.251565217971802 3.0184051990509
7 12 0.239140525460243 -0.363042533397675 2.97646832466125
7 13 -0.0945782884955406 -0.111508078873158 3.01752614974976
7 14 -0.0920278951525688 -0.655685663223267 3.02762222290039
7 15 -0.0627779066562653 -1.01522159576416 2.98693370819092
7 16 -0.0888906866312027 -1.0642511844635 2.94063091278076
7 17 0.0769814923405647 -0.118382096290588 3.03463411331177
7 18 0.0731702148914337 -0.652586817741394 2.99942255020142
7 19 0.0449637100100517 -1.00036835670471 2.99053764343262
7 20 0.0647889897227287 -1.05611860752106 2.91964387893677
8 1 -0.00857368484139442 -0.0312048271298409 3.05028033256531
8 2 -0.010813295841217 0.0251022838056087 3.11571383476257
8 3 -0.0107310051098466 0.392297714948654 3.15609097480774
8 4 0.0105463145300746 0.604557633399963 3.15558314323425
8 5 -0.207647889852524 0.325608313083649 3.14590811729431
8 6 -0.436733365058899 0.412616372108459 3.15952444076538
8 7 -0.669553339481354 0.488693982362747 3.08799433708191
8 8 -0.773016691207886 0.512925088405609 3.04935193061829
8 9 0.172150194644928 0.260602056980133 3.1439266204834
8 10 0.235077932476997 -0.020453592762351 3.12174129486084
8 11 0.236800044775009 -0.250923931598663 3.01886439323425
8 12 0.234101936221123 -0.359312683343887 2.99227333068848
8 13 -0.0938068628311157 -0.111648075282574 3.01762199401855
8 14 -0.0925045385956764 -0.653693020343781 3.02697658538818
8 15 -0.0641540735960007 -1.01201152801514 2.99123620986938
8 16 -0.088694840669632 -1.06332743167877 2.94695782661438
8 17 0.0780515149235725 -0.118183381855488 3.037109375
8 18 0.0730168372392654 -0.652339220046997 2.99800944328308
8 19 0.0438144579529762 -1.00340461730957 2.98909139633179
8 20 0.0645283386111259 -1.05771613121033 2.9288547039032
9 1 -0.00910221133381128 -0.0308052618056536 3.05130195617676
9 2 -0.0117628034204245 0.025293868035078 3.11660194396973
9 3 -0.0119833471253514 0.392016708850861 3.15695452690125
9 4 0.0100122084841132 0.605725049972534 3.15596413612366
9 5 -0.20870378613472 0.325912654399872 3.14682793617249
9 6 -0.445531904697418 0.406106978654861 3.15808129310608
9 7 -0.671922206878662 0.485009551048279 3.08593225479126
9 8 -0.742924153804779 0.511861205101013 3.04032635688782
9 9 0.172701224684715 0.260620385408401 3.14586210250854
9 10 0.235131412744522 -0.0151051618158817 3.12515425682068
9 11 0.236847802996635 -0.250347137451172 3.02003192901611
9 12 0.233908891677856 -0.360156744718552 2.99498414993286
9 13 -0.0946227461099625 -0.111752338707447 3.01846957206726
9 14 -0.0926259830594063 -0.65430074930191 3.02718949317932
9 15 -0.0662187784910202 -1.01606559753418 2.98509073257446
9 16 -0.0904795974493027 -1.06337594985962 2.93468809127808
9 17 0.0771903097629547 -0.117994710803032 3.03714299201965
9 18 0.0718039572238922 -0.65569269657135 2.99930047988892
9 19 0.0464857928454876 -1.00256431102753 2.98826313018799
9 20 0.0623924694955349 -1.04914104938507 2.93503260612488
10 1 -0.00988375581800938 -0.0305097196251154 3.05181956291199
10 2 -0.0128494706004858 0.0253026932477951 3.11713194847107
10 3 -0.0128367934376001 0.39136266708374 3.15790963172913
10 4 0.00969253107905388 0.601641297340393 3.15980100631714
10 5 -0.208892047405243 0.3253533244133 3.14746451377869
10 6 -0.486180782318115 0.422616928815842 3.15441226959229
10 7 -0.704105973243713 0.493227541446686 3.07941937446594
10 8 -0.777342319488525 0.517585575580597 3.03678965568542
10 9 0.174181297421455 0.258869618177414 3.14845180511475
10 10 0.235911935567856 -0.0251800939440727 3.12179565429688
10 11 0.236479923129082 -0.250482201576233 3.0204815864563
10 12 0.232856795191765 -0.357987403869629 2.99678897857666
10 13 -0.0955786779522896 -0.111293323338032 3.01877379417419
10 14 -0.0924125015735626 -0.654816687107086 3.02722096443176
10 15 -0.0606109797954559 -1.01455926895142 2.98793125152588
10 16 -0.0876404345035553 -1.06554412841797 2.94410181045532
10 17 0.0765721946954727 -0.118153639137745 3.03772711753845
10 18 0.0715538784861565 -0.656198143959045 3.00011587142944
10 19 0.0440187975764275 -1.00611543655396 2.98675441741943
10 20 0.0685626640915871 -1.05942702293396 2.91697144508362
11 1 -0.00947525911033154 -0.0306834764778614 3.05196571350098
11 2 -0.0122099593281746 0.0251530073583126 3.11735129356384
11 3 -0.0116641316562891 0.39124721288681 3.158287525177
11 4 0.00891866162419319 0.60174286365509 3.15860295295715
11 5 -0.208778202533722 0.325133204460144 3.14834666252136
11 6 -0.440988689661026 0.407373547554016 3.15926957130432
11 7 -0.667663812637329 0.480105102062225 3.09366059303284
11 8 -0.775597751140594 0.505561828613281 3.04996395111084
11 9 0.173903524875641 0.259155213832855 3.14778447151184
11 10 0.235301554203033 -0.0186435971409082 3.12047052383423
11 11 0.23738169670105 -0.249568894505501 3.02177405357361
11 12 0.234796956181526 -0.357915073633194 3.00065684318542
11 13 -0.0950981006026268 -0.111404150724411 3.01864051818848
11 14 -0.0917008221149445 -0.653747856616974 3.02714800834656
11 15 -0.062608927488327 -1.01226806640625 2.98777079582214
11 16 -0.092605859041214 -1.05996406078339 2.94165182113647
11 17 0.0769388973712921 -0.118211932480335 3.03778648376465
11 18 0.0737604424357414 -0.652663707733154 2.99942421913147
11 19 0.043408989906311 -1.00311505794525 2.99259352684021
11 20 0.0691811069846153 -1.05522119998932 2.92865419387817
12 1 -0.00943412818014622 -0.030908077955246 3.05185866355896
12 2 -0.0119381360709667 0.0253551788628101 3.11725544929504
12 3 -0.0103084417060018 0.39327535033226 3.15712404251099
12 4 0.00886663515120745 0.604363083839417 3.15845084190369
12 5 -0.20778089761734 0.324613779783249 3.1477837562561
12 6 -0.439082741737366 0.406455904245377 3.15795850753784
12 7 -0.665439069271088 0.477665811777115 3.09272646903992
12 8 -0.760777950286865 0.50660651922226 3.0486307144165
12 9 0.175010606646538 0.259191244840622 3.14670610427856
12 10 0.237637102603912 -0.0219947006553411 3.12174820899963
12 11 0.237561285495758 -0.248703211545944 3.02070498466492
12 12 0.234736517071724 -0.358363270759583 2.99936652183533
12 13 -0.095174714922905 -0.111818827688694 3.01872992515564
12 14 -0.0890900492668152 -0.656774878501892 3.02890133857727
12 15 -0.0610984824597836 -1.01327633857727 2.98916053771973
12 16 -0.0957998633384705 -1.06207323074341 2.93876194953918
12 17 0.0769543200731277 -0.118251234292984 3.03722071647644
12 18 0.0739879682660103 -0.65340119600296 3.00057673454285
12 19 0.0438400357961655 -1.00258886814117 2.99155068397522
12 20 0.0570573769509792 -1.05399858951569 2.93117499351501
13 1 -0.00808983109891415 -0.0315129943192005 3.05174541473389
13 2 -0.0101791825145483 0.0253332816064358 3.11709523200989
13 3 -0.00805496051907539 0.394093334674835 3.15524387359619
13 4 0.00901236012578011 0.602946996688843 3.15856790542603
13 5 -0.206699088215828 0.324284851551056 3.14733409881592
13 6 -0.447513908147812 0.412844896316528 3.15862083435059
13 7 -0.667502999305725 0.479129940271378 3.0917272567749
13 8 -0.751463413238525 0.497613251209259 3.05797743797302
13 9 0.174065202474594 0.25796702504158 3.14343166351318
13 10 0.238252863287926 -0.0184178948402405 3.12330842018127
13 11 0.237256154417992 -0.247182473540306 3.02077627182007
13 12 0.235137134790421 -0.355458915233612 2.99975895881653
13 13 -0.094016820192337 -0.112428165972233 3.01922249794006
13 14 -0.0898938700556755 -0.655284523963928 3.02822828292847
13 15 -0.0636375024914742 -1.01375484466553 2.98779344558716
13 16 -0.0901780351996422 -1.06315159797668 2.94221806526184
13 17 0.0782747268676758 -0.118669390678406 3.03729820251465
13 18 0.0747520327568054 -0.65702211856842 3.00081348419189
13 19 0.0463535711169243 -1.00228774547577 2.99023866653442
13 20 0.0723134875297546 -1.05714797973633 2.91359543800354
14 1 -0.00780939590185881 -0.0317391864955425 3.05102372169495
14 2 -0.00943165179342031 0.024958111345768 3.11638474464417
14 3 -0.00618836702778935 0.393277764320374 3.15423536300659
14 4 0.0102201197296381 0.601478457450867 3.1520414352417
14 5 -0.206598252058029 0.324591845273972 3.14783120155334
14 6 -0.437348127365112 0.409878969192505 3.1552255153656
14 7 -0.6627037525177 0.477402240037918 3.08950781822205
14 8 -0.769686460494995 0.50868958234787 3.04620909690857
14 9 0.173599168658257 0.25823912024498 3.14224767684937
14 10 0.23961940407753 -0.0169395282864571 3.12419533729553
14 11 0.237877875566483 -0.248387336730957 3.02006435394287
14 12 0.235986560583115 -0.355814635753632 3.00145149230957
14 13 -0.093841016292572 -0.112604551017284 3.01934909820557
14 14 -0.089874193072319 -0.655291020870209 3.0286979675293
14 15 -0.059793334454298 -1.01298856735229 2.98618745803833
14 16 -0.0904311910271645 -1.06634998321533 2.94843888282776
14 17 0.0781934410333633 -0.119496934115887 3.03558611869812
14 18 0.0756534934043884 -0.653249680995941 2.99913048744202
14 19 0.0475932136178017 -1.00095391273499 2.99038147926331
14 20 0.0686768144369125 -1.05832421779633 2.91622352600098
15 1 -0.0064043621532619 -0.0325880013406277 3.05041575431824
15 2 -0.00827207416296005 0.0245572477579117 3.11554026603699
15 3 -0.00489332061260939 0.392788976430893 3.15245747566223
15 4 0.0106194345280528 0.602391541004181 3.15033984184265
15 5 -0.204910382628441 0.323933988809586 3.1469452381134
15 6 -0.440909206867218 0.41066300868988 3.15563344955444
15 7 -0.660541772842407 0.477304339408875 3.08842968940735
15 8 -0.76618480682373 0.507912337779999 3.04704022407532
15 9 0.176815062761307 0.258619964122772 3.1435170173645
15 10 0.241400331258774 -0.0150884343311191 3.12088298797607
15 11 0.238535404205322 -0.248222589492798 3.01980233192444
15 12 0.236404329538345 -0.356289565563202 3.00336527824402
15 13 -0.092446431517601 -0.113099344074726 3.01913452148438
15 14 -0.0891373828053474 -0.656007409095764 3.02918791770935
15 15 -0.0647505223751068 -1.01310586929321 2.98825454711914
15 16 -0.0639965981245041 -1.06759691238403 2.94093656539917
15 17 0.0794464126229286 -0.120035849511623 3.03522181510925
15 18 0.0761152654886246 -0.653631687164307 2.99958252906799
15 19 0.0487930029630661 -1.00351822376251 2.98569822311401
15 20 0.0736961960792542 -1.0624144077301 2.92222309112549
16 1 -0.00454667117446661 -0.0325329788029194 3.05013012886047
16 2 -0.00633807666599751 0.0242943428456783 3.11516356468201
16 3 -0.00289034191519022 0.391073286533356 3.1518440246582
16 4 0.0118156597018242 0.599683344364166 3.15251421928406
16 5 -0.203963741660118 0.323282837867737 3.14603161811829
16 6 -0.452292203903198 0.411173969507217 3.15493702888489
16 7 -0.671126365661621 0.47610792517662 3.08655905723572
16 8 -0.749818503856659 0.499420821666718 3.06344032287598
16 9 0.177905634045601 0.258365780115128 3.14252495765686
16 10 0.24372062087059 -0.00977514311671257 3.12370872497559
16 11 0.23949533700943 -0.247123703360558 3.01957535743713
16 12 0.237589061260223 -0.35443326830864 3.0032651424408
16 13 -0.0909504443407059 -0.113495588302612 3.01923608779907
16 14 -0.0882158726453781 -0.653079509735107 3.02898740768433
16 15 -0.0608740262687206 -1.00987899303436 2.98775410652161
16 16 -0.0928394496440887 -1.05932509899139 2.94578099250793
16 17 0.0817082822322845 -0.120024472475052 3.03474879264832
16 18 0.0776644572615623 -0.64996212720871 2.99853682518005
16 19 0.043986763805151 -1.00041353702545 2.98682808876038
16 20 0.0688268542289734 -1.05443847179413 2.92286324501038
17 1 -0.00358726130798459 -0.0323729738593102 3.05026531219482
17 2 -0.00545359402894974 0.0243144202977419 3.11527967453003
17 3 -0.00193813105579466 0.39074569940567 3.15225625038147
17 4 0.0125028509646654 0.599128663539886 3.15464282035828
17 5 -0.203173741698265 0.32359454035759 3.14626717567444
17 6 -0.441550612449646 0.409944891929626 3.15325570106506
17 7 -0.669658720493317 0.47155749797821 3.08648014068604
17 8 -0.777474880218506 0.499059438705444 3.04337596893311
17 9 0.178495019674301 0.258574694395065 3.1427366733551
17 10 0.247242316603661 -0.0184227973222733 3.12343788146973
17 11 0.239902541041374 -0.248566001653671 3.01909494400024
17 12 0.239880815148354 -0.352724671363831 3.00313830375671
17 13 -0.0898903161287308 -0.113139040768147 3.0194137096405
17 14 -0.0866001397371292 -0.654647946357727 3.02841687202454
17 15 -0.0638820827007294 -1.00735771656036 2.99059438705444
17 16 -0.0915854945778847 -1.06053197383881 2.95033168792725
17 17 0.0826097577810287 -0.119884751737118 3.03483724594116
17 18 0.0774248316884041 -0.653002738952637 2.99937129020691
17 19 0.0456161014735699 -1.0031521320343 2.9844434261322
17 20 0.0692291110754013 -1.05928993225098 2.91773819923401
18 1 -0.00327998236753047 -0.032157264649868 3.05041265487671
18 2 -0.00546974036842585 0.0245762914419174 3.11532235145569
18 3 -0.0015569559764117 0.391050785779953 3.1517972946167
18 4 0.0135047314688563 0.600188970565796 3.15265679359436
18 5 -0.202153250575066 0.324069648981094 3.14606475830078
18 6 -0.439576625823975 0.408524185419083 3.15387082099915
18 7 -0.661590218544006 0.473904192447662 3.08615589141846
18 8 -0.760986924171448 0.504073858261108 3.05231332778931
18 9 0.182070791721344 0.258381456136703 3.14547109603882
18 10 0.245683535933495 -0.00838479958474636 3.12218427658081
18 11 0.240225687623024 -0.248213738203049 3.01972365379334
18 12 0.23925918340683 -0.352311432361603 3.0032434463501
18 13 -0.0895807221531868 -0.112956933677197 3.01948189735413
18 14 -0.0858552381396294 -0.655298173427582 3.02852201461792
18 15 -0.0618511848151684 -1.01296877861023 2.98841857910156
18 16 -0.0943430513143539 -1.06122744083405 2.94592928886414
18 17 0.0828269347548485 -0.119740828871727 3.03525567054749
18 18 0.0763142257928848 -0.65373158454895 3.00002408027649
18 19 0.0457812882959843 -1.00156843662262 2.98598599433899
18 20 0.0703689157962799 -1.05879104137421 2.91606044769287
19 1 -0.00275001884438097 -0.0317004770040512 3.05088949203491
19 2 -0.00425619818270206 0.0250766836106777 3.1157534122467
19 3 -0.000608460453804582 0.392584085464478 3.15223956108093
19 4 0.0140545507892966 0.602182567119598 3.15017032623291
19 5 -0.20180481672287 0.324848502874374 3.14667725563049
19 6 -0.442199230194092 0.409737408161163 3.15539336204529
19 7 -0.659881412982941 0.47572648525238 3.08551287651062
19 8 -0.740260422229767 0.495950609445572 3.05527567863464
19 9 0.178217157721519 0.258239984512329 3.1414680480957
19 10 0.247274056077003 -0.00784920062869787 3.12558054924011
19 11 0.240825235843658 -0.248219281435013 3.02006602287292
19 12 0.239731550216675 -0.353448808193207 3.00490736961365
19 13 -0.0891985073685646 -0.112445138394833 3.01965999603271
19 14 -0.0859416872262955 -0.653863430023193 3.02836227416992
19 15 -0.0630522817373276 -1.00970554351807 2.99055886268616
19 16 -0.0955509468913078 -1.05887508392334 2.93971610069275
19 17 0.0834251642227173 -0.119427300989628 3.03645992279053
19 18 0.0754921287298203 -0.64841091632843 2.99976587295532
19 19 0.0455962270498276 -1.00378966331482 2.98494553565979
19 20 0.061406958848238 -1.05194640159607 2.92554926872253
20 1 -0.00233730580657721 -0.0311705898493528 3.0509021282196
20 2 -0.0045172874815762 0.0254344679415226 3.11574792861938
20 3 -0.00203472375869751 0.392902463674545 3.15252351760864
20 4 0.0148546230047941 0.601565361022949 3.14947652816772
20 5 -0.201375737786293 0.324914574623108 3.14718437194824
20 6 -0.466780602931976 0.410818755626678 3.1536865234375
20 7 -0.681944310665131 0.482540726661682 3.0814380645752
20 8 -0.762827455997467 0.505733966827393 3.05530261993408
20 9 0.179982572793961 0.25848114490509 3.14568734169006
20 10 0.247923269867897 -0.0223351512104273 3.12080478668213
20 11 0.240861684083939 -0.247917354106903 3.02004146575928
20 12 0.240288197994232 -0.353974312543869 3.00365352630615
20 13 -0.0886971578001976 -0.111815638840199 3.01924753189087
20 14 -0.0865811854600906 -0.654180884361267 3.02848958969116
20 15 -0.0674538165330887 -1.00688409805298 2.99276685714722
20 16 -0.0921773537993431 -1.05882966518402 2.94333505630493
20 17 0.084043487906456 -0.119017653167248 3.03692984580994
20 18 0.0766307637095451 -0.648579716682434 3.00011682510376
20 19 0.0411248169839382 -1.00341594219208 2.98692798614502
20 20 0.0638355016708374 -1.05272459983826 2.92846441268921
