1 1 -0.00335811055265367 -0.032695759087801 3.06640005111694
1 2 -0.0038791592232883 0.0239126570522785 3.13184499740601
1 3 -0.000611272174865007 0.392091006040573 3.16912937164307
1 4 0.012823736295104 0.6256303191185 3.1672625541687
1 5 -0.199557140469551 0.317000538110733 3.16590166091919
1 6 -0.438602685928345 0.402079939842224 3.17943096160889
1 7 -0.667416036128998 0.485388457775116 3.13191366195679
1 8 -0.760810852050781 0.517325282096863 3.0937659740448
1 9 0.181732177734375 0.255717843770981 3.15562200546265
1 10 0.245065927505493 -0.0345473997294903 3.13024282455444
1 11 0.24054391682148 -0.26082769036293 3.02753186225891
1 12 0.238857448101044 -0.354046583175659 3.00650787353516
1 13 -0.0890785604715347 -0.113045871257782 3.03628373146057
1 14 -0.0906504988670349 -0.65612268447876 3.03427720069885
1 15 -0.0664580389857292 -1.00672042369843 2.99540686607361
1 16 -0.0921176970005035 -1.06877994537354 2.95602560043335
1 17 0.0817626193165779 -0.119591325521469 3.04936861991882
1 18 0.0764002725481987 -0.64567232131958 3.00510168075562
1 19 0.0457443781197071 -0.994676470756531 2.99199533462524
1 20 0.0717010349035263 -1.05086481571198 2.94000101089478
2 1 -0.00251609110273421 -0.0314668640494347 3.06560826301575
2 2 -0.00366217130795121 0.0248104482889175 3.13101005554199
2 3 -0.000118714066047687 0.392138689756393 3.16856908798218
2 4 0.0127140311524272 0.62723833322525 3.16829204559326
2 5 -0.199453100562096 0.31780868768692 3.16245913505554
2 6 -0.435155689716339 0.403359353542328 3.17322611808777
2 7 -0.663699269294739 0.47678554058075 3.12685585021973
2 8 -0.769331514835358 0.514490604400635 3.08594274520874
2 9 0.182973697781563 0.256035268306732 3.15574359893799
2 10 0.247531726956367 -0.0306865405291319 3.13027215003967
2 11 0.240917056798935 -0.256639301776886 3.02906465530396
2 12 0.240312278270721 -0.354155540466309 3.00718593597412
2 13 -0.0885699540376663 -0.112494461238384 3.03459286689758
2 14 -0.0890000686049461 -0.6536865234375 3.03411173820496
2 15 -0.065571241080761 -1.00756573677063 2.9939661026001
2 16 -0.0943344682455063 -1.07010936737061 2.95380020141602
2 17 0.082775853574276 -0.119137763977051 3.04963827133179
2 18 0.07817243039608 -0.647839665412903 3.00632047653198
2 19 0.0434650778770447 -0.996768891811371 2.99133253097534
2 20 0.0671099498867989 -1.04969501495361 2.92717385292053
3 1 -0.00162084761541337 -0.0310248509049416 3.06537842750549
3 2 -0.0035936962813139 0.0252097025513649 3.1306893825531
3 3 -0.000113472138764337 0.392052233219147 3.16875410079956
3 4 0.0134721174836159 0.628223657608032 3.16991257667542
3 5 -0.198981299996376 0.318079471588135 3.15938591957092
3 6 -0.44340968132019 0.397257268428802 3.16969561576843
3 7 -0.669649124145508 0.477859675884247 3.12191081047058
3 8 -0.772979855537415 0.517350435256958 3.074547290802
3 9 0.186623990535736 0.256732374429703 3.15849614143372
3 10 0.247484251856804 -0.0320932157337666 3.13014531135559
3 11 0.240966603159904 -0.258705198764801 3.029789686203
3 12 0.240970566868782 -0.353171199560165 3.00934910774231
3 13 -0.0880517512559891 -0.112448558211327 3.03403401374817
3 14 -0.0888561010360718 -0.653640925884247 3.03431701660156
3 15 -0.0618389844894409 -1.00999045372009 2.9921395778656
3 16 -0.0951917618513107 -1.06505942344666 2.94356918334961
3 17 0.0845612809062004 -0.118925087153912 3.0495777130127
3 18 0.0776406824588776 -0.650177955627441 3.00727844238281
3 19 0.045015711337328 -0.999602675437927 2.99149203300476
3 20 0.0718551501631737 -1.0522917509079 2.92831707000732
4 1 -0.00150850787758827 -0.0309301558881998 3.06547951698303
4 2 -0.00338383298367262 0.0252337455749512 3.13072609901428
4 3 -0.00100011250469834 0.391109794378281 3.16870975494385
4 4 0.0135185606777668 0.628528237342834 3.17337822914124
4 5 -0.199446529150009 0.31789293885231 3.15904498100281
4 6 -0.438969433307648 0.388339757919312 3.16795969009399
4 7 -0.664917051792145 0.475626349449158 3.11822533607483
4 8 -0.772035002708435 0.513028204441071 3.0747504234314
4 9 0.184603959321976 0.257912337779999 3.15730404853821
4 10 0.246362775564194 -0.034030694514513 3.13048934936523
4 11 0.240645587444305 -0.259875237941742 3.02970004081726
4 12 0.240359112620354 -0.351300954818726 3.00974297523499
4 13 -0.0880190655589104 -0.112569615244865 3.03400945663452
4 14 -0.0886144191026688 -0.652482748031616 3.03394198417664
4 15 -0.0627414882183075 -1.00983893871307 2.99255776405334
4 16 -0.0922692120075226 -1.06776666641235 2.94319725036621
4 17 0.08477883040905 -0.11869852989912 3.04994916915894
4 18 0.0791242644190788 -0.645629525184631 3.00630354881287
4 19 0.0443965122103691 -0.994851529598236 2.99401211738586
4 20 0.0688372403383255 -1.04756164550781 2.93423390388489
5 1 -0.00166401918977499 -0.0312025565654039 3.0651638507843
5 2 -0.00359094189479947 0.0250338595360518 3.1303722858429
5 3 -0.00244471896439791 0.39072397351265 3.16800093650818
5 4 0.0126830162480474 0.628125965595245 3.17032408714294
5 5 -0.199948981404305 0.317505985498428 3.15852546691895
5 6 -0.432504832744598 0.390214323997498 3.16980624198914
5 7 -0.659469485282898 0.472243010997772 3.12062740325928
5 8 -0.76946634054184 0.505745232105255 3.07918334007263
5 9 0.182317614555359 0.257848680019379 3.15632581710815
5 10 0.246141269803047 -0.031976755708456 3.12968325614929
5 11 0.240619152784348 -0.257803171873093 3.03057503700256
5 12 0.238363593816757 -0.354806840419769 3.00893330574036
5 13 -0.0879626050591469 -0.112705036997795 3.03352689743042
5 14 -0.0891569182276726 -0.652600288391113 3.03417468070984
5 15 -0.0625706017017365 -1.00979161262512 2.99058651924133
5 16 -0.0961680933833122 -1.07060372829437 2.94561839103699
5 17 0.0846992656588554 -0.118684224784374 3.04981875419617
5 18 0.0796907171607018 -0.645211577415466 3.00667333602905
5 19 0.0430036187171936 -0.999572217464447 2.98937225341797
5 20 0.0715840086340904 -1.05114042758942 2.93129539489746
6 1 -0.00237239524722099 -0.0311693903058767 3.06492042541504
6 2 -0.00421768566593528 0.0252175778150558 3.13015747070313
6 3 -0.00272054225206375 0.392355531454086 3.16788792610168
6 4 0.0105130989104509 0.629266083240509 3.16422748565674
6 5 -0.200819790363312 0.317657828330994 3.15778779983521
6 6 -0.43142294883728 0.394080221652985 3.17093014717102
6 7 -0.660915493965149 0.472811728715897 3.11542057991028
6 8 -0.77025693655014 0.509636521339417 3.07319974899292
6 9 0.182592391967773 0.257666856050491 3.15502953529358
6 10 0.243790715932846 -0.0313912816345692 3.13004851341248
6 11 0.240034803748131 -0.256476908922195 3.02983522415161
6 12 0.237687587738037 -0.354391068220139 3.00907182693481
6 13 -0.0889478847384453 -0.112713970243931 3.0333456993103
6 14 -0.0898678451776505 -0.652381420135498 3.03415060043335
6 15 -0.0637096911668777 -1.00821280479431 2.99433135986328
6 16 -0.0941826179623604 -1.0688601732254 2.94520783424377
6 17 0.08403729647398 -0.118741624057293 3.04939079284668
6 18 0.0788401216268539 -0.644921660423279 3.00714683532715
6 19 0.0457042381167412 -0.998619019985199 2.99358153343201
6 20 0.0735010951757431 -1.05130243301392 2.92965054512024
7 1 -0.00282850139774382 -0.0315290577709675 3.06369924545288
7 2 -0.00471045169979334 0.0248956587165594 3.12882804870605
7 3 -0.00340007711201906 0.390983730554581 3.16552543640137
7 4 0.0109814563766122 0.627730846405029 3.1592755317688
7 5 -0.20151574909687 0.317216455936432 3.15537357330322
7 6 -0.461457043886185 0.408263683319092 3.16887331008911
7 7 -0.685415148735046 0.480651766061783 3.10511803627014
7 8 -0.775115609169006 0.512709498405457 3.06556558609009
7 9 0.182058691978455 0.258057683706284 3.15288853645325
7 10 0.242623805999756 -0.0297425035387278 3.1288161277771
7 11 0.239936903119087 -0.255121856927872 3.0306248664856
7 12 0.237690180540085 -0.355716943740845 3.01049757003784
7 13 -0.0895350277423859 -0.113098941743374 3.03259325027466
7 14 -0.0900400280952454 -0.653157114982605 3.0340256690979
7 15 -0.0627850368618965 -1.01012706756592 2.99260807037354
7 16 -0.0930953547358513 -1.07823824882507 2.95217323303223
7 17 0.0837780386209488 -0.118992559611797 3.04800939559937
7 18 0.07741579413414 -0.645642995834351 3.00593996047974
7 19 0.0414445511996746 -0.997994005680084 2.99452543258667
7 20 0.0775967463850975 -1.05384945869446 2.94190120697021
8 1 -0.00291150179691613 -0.0315367951989174 3.06274819374084
8 2 -0.00473511824384332 0.0250326860696077 3.12782883644104
8 3 -0.0024417620152235 0.391556143760681 3.16407513618469
8 4 0.0115543529391289 0.627803087234497 3.15395379066467
8 5 -0.201796486973763 0.317248433828354 3.15349364280701
8 6 -0.455085158348084 0.391400367021561 3.16145896911621
8 7 -0.676739513874054 0.479020684957504 3.11101865768433
8 8 -0.773897886276245 0.509449124336243 3.07378911972046
8 9 0.181096628308296 0.258808881044388 3.15167856216431
8 10 0.243262186646461 -0.0287192836403847 3.13171482086182
8 11 0.240157723426819 -0.253554314374924 3.03052449226379
8 12 0.237724542617798 -0.355056196451187 3.01018190383911
8 13 -0.0898495838046074 -0.112889125943184 3.03115224838257
8 14 -0.0912264660000801 -0.65361624956131 3.03311347961426
8 15 -0.064589262008667 -1.00808680057526 2.99222183227539
8 16 -0.0965676456689835 -1.06739461421967 2.93945670127869
8 17 0.0836614221334457 -0.119073607027531 3.04734063148499
8 18 0.0768045112490654 -0.644197106361389 3.00491714477539
8 19 0.0452067963778973 -0.996520817279816 2.99430203437805
8 20 0.0586142800748348 -1.0536288022995 2.93198752403259
9 1 -0.00356321246363223 -0.0312282964587212 3.06041598320007
9 2 -0.00530754448845983 0.0255516041070223 3.12530565261841
9 3 -0.00293812714517117 0.391695231199265 3.15979146957397
9 4 0.0123923635110259 0.628335297107697 3.15062546730042
9 5 -0.202264621853828 0.317160576581955 3.15150499343872
9 6 -0.43717485666275 0.399164378643036 3.16596293449402
9 7 -0.663254737854004 0.473395794630051 3.11252641677856
9 8 -0.770469427108765 0.51302695274353 3.06373643875122
9 9 0.181731820106506 0.259144574403763 3.14977264404297
9 10 0.242503255605698 -0.030441053211689 3.12716031074524
9 11 0.239564940333366 -0.25600066781044 3.02762866020203
9 12 0.238788768649101 -0.355146527290344 3.00962114334106
9 13 -0.0904684364795685 -0.112543635070324 3.02925205230713
9 14 -0.0909043401479721 -0.652342915534973 3.03210806846619
9 15 -0.0644261389970779 -1.00899338722229 2.99271464347839
9 16 -0.0983467251062393 -1.07154107093811 2.94376373291016
9 17 0.0831359326839447 -0.119047284126282 3.04516553878784
9 18 0.0779490396380425 -0.644036173820496 3.00306224822998
9 19 0.0446229018270969 -0.996651172637939 2.99051356315613
9 20 0.0670085623860359 -1.05203461647034 2.92813920974731
10 1 -0.00360130146145821 -0.0314652435481548 3.05853867530823
10 2 -0.00512165017426014 0.0254085958003998 3.12334585189819
10 3 -0.00246724463067949 0.392124205827713 3.1579384803772
10 4 0.0125588988885283 0.629031479358673 3.14906692504883
10 5 -0.202389910817146 0.317696273326874 3.14932990074158
10 6 -0.468124210834503 0.413629055023193 3.1626193523407
10 7 -0.694396913051605 0.482197731733322 3.10011601448059
10 8 -0.771539330482483 0.512436628341675 3.06107759475708
10 9 0.180048108100891 0.260189443826675 3.14661264419556
10 10 0.245943799614906 -0.023598276078701 3.12601923942566
10 11 0.239466458559036 -0.251968115568161 3.0251247882843
10 12 0.239912435412407 -0.354239523410797 3.00662136077881
10 13 -0.0903948247432709 -0.112547054886818 3.02741551399231
10 14 -0.0905751287937164 -0.651989102363586 3.03102016448975
10 15 -0.0633464306592941 -1.01021933555603 2.99193930625916
10 16 -0.0961581692099571 -1.07249748706818 2.94088172912598
10 17 0.0829377025365829 -0.118994295597076 3.04334807395935
10 18 0.0769686698913574 -0.646517693996429 3.0022668838501
10 19 0.041258692741394 -0.999554216861725 2.98957133293152
10 20 0.0714195221662521 -1.05360186100006 2.92848753929138
11 1 -0.00377313839271665 -0.0311845187097788 3.05626201629639
11 2 -0.00528430240228772 0.0260562878102064 3.12071895599365
11 3 -0.00359612982720137 0.392363518476486 3.15261483192444
11 4 0.0117725478485227 0.629110217094421 3.15080285072327
11 5 -0.203132942318916 0.318484336137772 3.14734292030334
11 6 -0.432960748672485 0.391171753406525 3.1615002155304
11 7 -0.662469923496246 0.473552763462067 3.10370135307312
11 8 -0.77251124382019 0.51247638463974 3.05867695808411
11 9 0.177967250347137 0.260131508111954 3.14387106895447
11 10 0.243721783161163 -0.0238574333488941 3.12127470970154
11 11 0.239229440689087 -0.252494275569916 3.02278518676758
11 12 0.240393802523613 -0.353277266025543 3.00430250167847
11 13 -0.0903501138091087 -0.1121561601758 3.02586674690247
11 14 -0.0893786922097206 -0.651204764842987 3.03039145469666
11 15 -0.064246766269207 -1.00975024700165 2.99157333374023
11 16 -0.0955118611454964 -1.07407450675964 2.9412100315094
11 17 0.0826675444841385 -0.118444345891476 3.04125213623047
11 18 0.0769042372703552 -0.645198881626129 3.00063824653625
11 19 0.0428861491382122 -0.999099850654602 2.99056148529053
11 20 0.0703382194042206 -1.0506911277771 2.92547464370728
12 1 -0.00321077927947044 -0.030783973634243 3.05419731140137
12 2 -0.00436843652278185 0.026605024933815 3.11857008934021
12 3 -0.00217541214078665 0.393394500017166 3.15106987953186
12 4 0.0106667913496494 0.629896879196167 3.14635491371155
12 5 -0.203538805246353 0.318750828504562 3.14589023590088
12 6 -0.462927401065826 0.406352311372757 3.16122531890869
12 7 -0.686129689216614 0.481229603290558 3.09618496894836
12 8 -0.772462606430054 0.512075364589691 3.05899930000305
12 9 0.175941869616508 0.260927438735962 3.14051175117493
12 10 0.24364697933197 -0.00887548737227917 3.1220440864563
12 11 0.238487392663956 -0.251220852136612 3.0193145275116
12 12 0.240671798586845 -0.3509761095047 2.99811840057373
12 13 -0.0897678211331367 -0.111611664295197 3.02376580238342
12 14 -0.0902183651924133 -0.651961386203766 3.02935838699341
12 15 -0.0613345764577389 -1.01021206378937 2.99083304405212
12 16 -0.0738443806767464 -1.07196199893951 2.93000984191895
12 17 0.0829927921295166 -0.117847204208374 3.03972125053406
12 18 0.0788665413856506 -0.647774338722229 2.99853682518005
12 19 0.0469998009502888 -1.00332713127136 2.98592448234558
12 20 0.0737343728542328 -1.05573344230652 2.91525340080261
13 1 -0.00281631853431463 -0.0302681718021631 3.05248141288757
13 2 -0.00387501483783126 0.0271961018443108 3.11680483818054
13 3 -0.00106222648173571 0.394364595413208 3.14870071411133
13 4 0.00980875175446272 0.631013989448547 3.14332675933838
13 5 -0.204216167330742 0.319100022315979 3.1447331905365
13 6 -0.479836076498032 0.412366181612015 3.16121339797974
13 7 -0.702254593372345 0.486236542463303 3.09444975852966
13 8 -0.770917177200317 0.508440971374512 3.06544756889343
13 9 0.175575703382492 0.2608542740345 3.13946223258972
13 10 0.244005858898163 -0.00380852399393916 3.12007761001587
13 11 0.238968014717102 -0.2503462433815 3.01823544502258
13 12 0.240950509905815 -0.350443869829178 2.99689269065857
13 13 -0.0894091129302979 -0.111779272556305 3.02227354049683
13 14 -0.0900595262646675 -0.652504920959473 3.02890944480896
13 15 -0.0666411817073822 -1.01124846935272 2.99169731140137
13 16 -0.0925472676753998 -1.0715126991272 2.9330039024353
13 17 0.0829900726675987 -0.116777420043945 3.03817629814148
13 18 0.0783022493124008 -0.643924832344055 2.99784827232361
13 19 0.0447566248476505 -1.00034284591675 2.98981809616089
13 20 0.0656931400299072 -1.0594527721405 2.92804837226868
14 1 -0.00305147771723568 -0.0306311137974262 3.05047369003296
14 2 -0.00411036005243659 0.0268157050013542 3.11485695838928
14 3 -0.00155686412472278 0.393537998199463 3.14698386192322
14 4 0.0094832107424736 0.630334734916687 3.14160132408142
14 5 -0.204687207937241 0.31879261136055 3.14356112480164
14 6 -0.466260850429535 0.409080982208252 3.16300082206726
14 7 -0.689050793647766 0.482172310352325 3.09747505187988
14 8 -0.764561474323273 0.504704773426056 3.07052516937256
14 9 0.17552125453949 0.262282609939575 3.13868880271912
14 10 0.244742706418037 -0.0128149092197418 3.11454129219055
14 11 0.238454565405846 -0.249663665890694 3.01756453514099
14 12 0.240052253007889 -0.350989013910294 2.99618029594421
14 13 -0.0894946604967117 -0.112264655530453 3.02098965644836
14 14 -0.0874043554067612 -0.654138565063477 3.02867150306702
14 15 -0.0692273378372192 -1.01350593566895 2.99176836013794
14 16 -0.0985483452677727 -1.07348132133484 2.93377375602722
14 17 0.0827168002724648 -0.116658858954906 3.03505969047546
14 18 0.0767534449696541 -0.643337666988373 2.99673390388489
14 19 0.0441425815224648 -0.996065139770508 2.9904956817627
14 20 0.0624759793281555 -1.05263411998749 2.92504358291626
15 1 -0.00254437793046236 -0.0302534457296133 3.04952263832092
15 2 -0.00354032032191753 0.0272036232054234 3.11376166343689
15 3 -0.00145445787347853 0.39358189702034 3.14515614509583
15 4 0.00870762765407562 0.630080997943878 3.13747334480286
15 5 -0.204741194844246 0.319019168615341 3.14319205284119
15 6 -0.455370336771011 0.397659450769424 3.16086602210999
15 7 -0.675975859165192 0.477589845657349 3.09798622131348
15 8 -0.766692757606506 0.503887295722961 3.06554579734802
15 9 0.176352351903915 0.262732028961182 3.13762426376343
15 10 0.24681031703949 -0.00386034930124879 3.11979842185974
15 11 0.238905921578407 -0.249113291501999 3.01724863052368
15 12 0.240966796875 -0.350382328033447 2.99526238441467
15 13 -0.0889333561062813 -0.111868120729923 3.01999616622925
15 14 -0.0879128873348236 -0.653106153011322 3.02791094779968
15 15 -0.0668214932084084 -1.01149392127991 2.9887330532074
15 16 -0.0984578132629395 -1.07669222354889 2.93740177154541
15 17 0.0833720192313194 -0.116445854306221 3.03426814079285
15 18 0.0759778693318367 -0.643359482288361 2.99630236625671
15 19 0.0430051758885384 -0.996262311935425 2.98770785331726
15 20 0.0696422159671783 -1.05312144756317 2.92490601539612
16 1 -0.00178363430313766 -0.0294337645173073 3.04907894134521
16 2 -0.00242079235613346 0.0278208423405886 3.11314225196838
16 3 0.000478461064631119 0.394072234630585 3.1443612575531
16 4 0.00916149187833071 0.630452036857605 3.13530564308167
16 5 -0.204124286770821 0.319375276565552 3.1430287361145
16 6 -0.460967540740967 0.400696218013763 3.16061186790466
16 7 -0.680637657642365 0.479948073625565 3.09467339515686
16 8 -0.769802153110504 0.506437301635742 3.06284070014954
16 9 0.176944345235825 0.263610988855362 3.13469982147217
16 10 0.246439650654793 -0.000485403870698065 3.12003469467163
16 11 0.239896208047867 -0.24879515171051 3.01782178878784
16 12 0.240744844079018 -0.352138221263886 2.9966344833374
16 13 -0.0879642218351364 -0.110890544950962 3.019455909729
16 14 -0.0882631614804268 -0.652747094631195 3.0273015499115
16 15 -0.0679477825760841 -1.01189422607422 2.98941278457642
16 16 -0.0940961614251137 -1.07757294178009 2.93500447273254
16 17 0.0841331258416176 -0.116054318845272 3.03435659408569
16 18 0.0757233798503876 -0.64194792509079 2.99501419067383
16 19 0.0468691028654575 -0.994562745094299 2.99015760421753
16 20 0.0673016980290413 -1.05538034439087 2.92817831039429
17 1 -0.000565838417969644 -0.028880363330245 3.04901385307312
17 2 -0.00137011124752462 0.0283901207149029 3.11296892166138
17 3 0.000759830872993916 0.39403834939003 3.1439208984375
17 4 0.0112122287973762 0.630846440792084 3.1368522644043
17 5 -0.202594131231308 0.320259720087051 3.14373517036438
17 6 -0.428108751773834 0.385252416133881 3.159996509552
17 7 -0.663751482963562 0.473527699708939 3.10003685951233
17 8 -0.771159648895264 0.509583950042725 3.06292581558228
17 9 0.178698107600212 0.265234619379044 3.13594436645508
17 10 0.248263373970985 0.00061112002003938 3.12165880203247
17 11 0.240423381328583 -0.248058199882507 3.01771473884583
17 12 0.238926440477371 -0.350717395544052 2.99627637863159
17 13 -0.0868645161390305 -0.110675260424614 3.01969075202942
17 14 -0.0892103239893913 -0.651009023189545 3.02727627754211
17 15 -0.067963108420372 -1.01164126396179 2.99008989334106
17 16 -0.0961728096008301 -1.07995367050171 2.93960189819336
17 17 0.0854085087776184 -0.115298226475716 3.03449606895447
17 18 0.0780469626188278 -0.640835523605347 2.99521207809448
17 19 0.046858087182045 -0.995479822158813 2.98836183547974
17 20 0.069686159491539 -1.05524981021881 2.92576932907104
18 1 4.62304524262436E-05 -0.0284676179289818 3.04929399490356
18 2 -0.00093976641073823 0.0286554880440235 3.11337447166443
18 3 0.00218063150532544 0.394745647907257 3.14613699913025
18 4 0.011945528909564 0.63194215297699 3.14042448997498
18 5 -0.201787918806076 0.319861143827438 3.14341020584106
18 6 -0.463727951049805 0.403502464294434 3.16024160385132
18 7 -0.684351801872253 0.479748845100403 3.09710097312927
18 8 -0.755745053291321 0.494353890419006 3.06762170791626
18 9 0.181711181998253 0.267662763595581 3.13859105110168
18 10 0.249280229210854 0.00228780554607511 3.12173128128052
18 11 0.241318449378014 -0.245818227529526 3.01838707923889
18 12 0.238746598362923 -0.350198000669479 2.99726939201355
18 13 -0.0866041034460068 -0.110300272703171 3.0198073387146
18 14 -0.0886618867516518 -0.650229752063751 3.02769684791565
18 15 -0.0659035965800285 -1.00717306137085 2.99108219146729
18 16 -0.0958468914031982 -1.07170867919922 2.93630528450012
18 17 0.0859990268945694 -0.114861764013767 3.0345892906189
18 18 0.078497588634491 -0.641729593276978 2.99711751937866
18 19 0.0476804412901402 -0.994296729564667 2.98859596252441
18 20 0.0676404237747192 -1.05474758148193 2.92527747154236
19 1 0.000372816750314087 -0.0289219059050083 3.04985427856445
19 2 -0.000821100664325058 0.0278878603130579 3.11417651176453
19 3 0.00227995682507753 0.39457032084465 3.1497004032135
19 4 0.0150948073714972 0.631702244281769 3.14391756057739
19 5 -0.200975224375725 0.31992894411087 3.14402961730957
19 6 -0.460032224655151 0.398362785577774 3.16126656532288
19 7 -0.679095685482025 0.478184252977371 3.09732723236084
19 8 -0.764861464500427 0.503193140029907 3.06639671325684
19 9 0.181621953845024 0.265699803829193 3.13990306854248
19 10 0.249895557761192 -0.000923891202546656 3.12353801727295
19 11 0.24173067510128 -0.246042996644974 3.01866149902344
19 12 0.24044993519783 -0.350685507059097 2.99912476539612
19 13 -0.0863447114825249 -0.110619381070137 3.02023196220398
19 14 -0.0874741226434708 -0.650049328804016 3.02804207801819
19 15 -0.0665495693683624 -1.00945127010345 2.99142241477966
19 16 -0.100195869803429 -1.07687497138977 2.94209504127502
19 17 0.0864427536725998 -0.115038476884365 3.03486227989197
19 18 0.0787974670529366 -0.642984449863434 2.99803328514099
19 19 0.0478343963623047 -0.996798098087311 2.98995614051819
19 20 0.0649168565869331 -1.05771768093109 2.92586088180542
20 1 0.00181045383214951 -0.0281231105327606 3.05148553848267
20 2 0.00052139547187835 0.0284107401967049 3.11591863632202
20 3 0.00419045798480511 0.394171148538589 3.1520721912384
20 4 0.0153123624622822 0.630664587020874 3.14245772361755
20 5 -0.19906485080719 0.320377349853516 3.1454975605011
20 6 -0.455605566501617 0.397874653339386 3.16000151634216
20 7 -0.675268471240997 0.476761609315872 3.09792613983154
20 8 -0.759331464767456 0.502925157546997 3.06801843643188
20 9 0.18378372490406 0.26590022444725 3.14283442497253
20 10 0.251416176557541 -0.000752353575080633 3.12485575675964
20 11 0.242895543575287 -0.245498344302177 3.01889896392822
20 12 0.242441147565842 -0.348659992218018 2.99846148490906
20 13 -0.0850280672311783 -0.109358191490173 3.02177786827087
20 14 -0.0866147428750992 -0.650227129459381 3.02876091003418
20 15 -0.0672562941908836 -1.01057887077332 2.98984789848328
20 16 -0.0978062003850937 -1.0780473947525 2.93816018104553
20 17 0.0877521708607674 -0.115058310329914 3.03633332252502
20 18 0.0792141556739807 -0.641308963298798 2.99808192253113
20 19 0.0410790555179119 -0.995828747749329 2.99035334587097
20 20 0.0673056468367577 -1.05605435371399 2.92836976051331
