1 1 -0.0475605800747871 -0.135002076625824 3.13223075866699
1 2 -0.0516060143709183 -0.0823262855410576 3.19084095954895
1 3 -0.046953484416008 0.252541899681091 3.21394848823547
1 4 -0.0424807295203209 0.448423564434052 3.21234178543091
1 5 -0.244181632995605 0.171394810080528 3.2181408405304
1 6 -0.501237452030182 0.185309112071991 3.18123078346252
1 7 -0.714771032333374 0.18339404463768 3.09417676925659
1 8 -0.763009488582611 0.170031234622002 3.06787800788879
1 9 0.145575433969498 0.136816054582596 3.2447247505188
1 10 0.160326659679413 -0.153360396623611 3.16581845283508
1 11 0.148301362991333 -0.350971639156342 3.0436863899231
1 12 0.149509415030479 -0.416288733482361 3.00909566879272
1 13 -0.13517826795578 -0.21719665825367 3.1032862663269
1 14 -0.129130065441132 -0.683640837669373 3.10237193107605
1 15 -0.121850118041039 -1.01843631267548 3.04565691947937
1 16 -0.168860584497452 -1.07029569149017 2.99659085273743
1 17 0.0393241979181767 -0.223589569330215 3.1192843914032
1 18 0.0327567383646965 -0.688455581665039 3.08745050430298
1 19 0.0154521008953452 -1.01061189174652 3.0328209400177
1 20 0.0558825880289078 -1.05655515193939 2.96453475952148
2 1 -0.0486150868237019 -0.134392663836479 3.13910531997681
2 2 -0.0526103675365448 -0.0824785754084587 3.1988353729248
2 3 -0.0477369129657745 0.254809200763702 3.23080921173096
2 4 -0.0449749268591404 0.453426003456116 3.23166108131409
2 5 -0.243732407689095 0.173163831233978 3.21818375587463
2 6 -0.497604429721832 0.1880072504282 3.18271708488464
2 7 -0.7113898396492 0.192733988165855 3.09733247756958
2 8 -0.803407073020935 0.18061175942421 3.05872821807861
2 9 0.143094658851624 0.136204689741135 3.24200010299683
2 10 0.170169845223427 -0.107636332511902 3.18165469169617
2 11 0.147144168615341 -0.349149435758591 3.04291701316834
2 12 0.134687781333923 -0.413917869329453 3.00871086120605
2 13 -0.136256098747253 -0.215879783034325 3.10772633552551
2 14 -0.130844876170158 -0.685372591018677 3.10933947563171
2 15 -0.123290717601776 -1.02023994922638 3.05341529846191
2 16 -0.165471732616425 -1.06873738765717 2.9959614276886
2 17 0.038727805018425 -0.222803011536598 3.12610292434692
2 18 0.0340714976191521 -0.682199537754059 3.09134721755981
2 19 0.0140184005722404 -1.01125752925873 3.04078984260559
2 20 0.0569357126951218 -1.05597603321075 2.9639310836792
3 1 -0.0490854009985924 -0.133454248309135 3.14107227325439
3 2 -0.0534824132919312 -0.0817144960165024 3.20094919204712
3 3 -0.0495277233421803 0.255459725856781 3.23409271240234
3 4 -0.0448110774159431 0.454006761312485 3.23345613479614
3 5 -0.244081765413284 0.173089981079102 3.21763920783997
3 6 -0.473909378051758 0.185078084468842 3.18597269058228
3 7 -0.687240362167358 0.191262155771255 3.10232329368591
3 8 -0.779658734798431 0.179638475179672 3.06351709365845
3 9 0.142850309610367 0.137726590037346 3.24273490905762
3 10 0.173318654298782 -0.105261266231537 3.17907762527466
3 11 0.147617995738983 -0.347036421298981 3.0428466796875
3 12 0.148691490292549 -0.415994018316269 3.01445007324219
3 13 -0.136429876089096 -0.214911118149757 3.10888648033142
3 14 -0.130187779664993 -0.686227738857269 3.1117992401123
3 15 -0.123956181108952 -1.02064621448517 3.05366683006287
3 16 -0.166561424732208 -1.06978523731232 2.99454402923584
3 17 0.0384564064443111 -0.22196963429451 3.12799525260925
3 18 0.0346050933003426 -0.681191444396973 3.09201049804688
3 19 0.0136137707158923 -1.01201796531677 3.04233241081238
3 20 0.0557447783648968 -1.05607199668884 2.96339511871338
4 1 -0.0494365207850933 -0.13267357647419 3.14204955101013
4 2 -0.0538049042224884 -0.0808489173650742 3.20176362991333
4 3 -0.050463892519474 0.255680054426193 3.23380303382874
4 4 -0.0467735566198826 0.453792482614517 3.22955083847046
4 5 -0.244761556386948 0.172984898090363 3.21693754196167
4 6 -0.48122963309288 0.185735046863556 3.1835241317749
4 7 -0.692556500434875 0.18970912694931 3.09756898880005
4 8 -0.786606013774872 0.178796708583832 3.05958414077759
4 9 0.141585797071457 0.137899354100227 3.24202370643616
4 10 0.160803630948067 -0.154616549611092 3.16624188423157
4 11 0.146294221282005 -0.348680406808853 3.04283237457275
4 12 0.14113737642765 -0.415305316448212 3.00790190696716
4 13 -0.136908516287804 -0.214221328496933 3.1098906993866
4 14 -0.130257621407509 -0.685974538326263 3.11134243011475
4 15 -0.12575101852417 -1.0213817358017 3.05298042297363
4 16 -0.166245430707932 -1.06899654865265 2.99760842323303
4 17 0.0383784063160419 -0.221122205257416 3.12889933586121
4 18 0.0343615263700485 -0.680770993232727 3.09222316741943
4 19 0.0167356915771961 -1.00816440582275 3.04402923583984
4 20 0.0538730323314667 -1.0559606552124 2.96769165992737
5 1 -0.049446102231741 -0.132973402738571 3.14202308654785
5 2 -0.0538366287946701 -0.0811039283871651 3.20169615745544
5 3 -0.050357460975647 0.255548357963562 3.23421597480774
5 4 -0.0438722297549248 0.45186385512352 3.228511095047
5 5 -0.244616240262985 0.172575026750565 3.21597814559937
5 6 -0.481504708528519 0.186447009444237 3.17908525466919
5 7 -0.689764738082886 0.183667376637459 3.09168720245361
5 8 -0.785360097885132 0.173911601305008 3.05569195747375
5 9 0.142242759466171 0.1367477029562 3.24098014831543
5 10 0.17210128903389 -0.0989173948764801 3.18487572669983
5 11 0.148478925228119 -0.345080554485321 3.04858374595642
5 12 0.149850085377693 -0.441912591457367 3.01465749740601
5 13 -0.136759966611862 -0.214554741978645 3.10964155197144
5 14 -0.129962384700775 -0.688352108001709 3.11237668991089
5 15 -0.125591620802879 -1.02200829982758 3.05273842811584
5 16 -0.163612902164459 -1.07164561748505 2.99368834495544
5 17 0.038456417620182 -0.221388310194016 3.12895822525024
5 18 0.0341690927743912 -0.681724429130554 3.09329271316528
5 19 0.0143433958292007 -1.00939917564392 3.04485273361206
5 20 0.0536449030041695 -1.05647492408752 2.9649293422699
6 1 -0.0490526370704174 -0.132629781961441 3.14209938049316
6 2 -0.0535208359360695 -0.0805854946374893 3.20166945457459
6 3 -0.0493099354207516 0.255852282047272 3.23305344581604
6 4 -0.0430824905633926 0.452957689762115 3.22859835624695
6 5 -0.244590669870377 0.173389852046967 3.21603751182556
6 6 -0.464623004198074 0.186821103096008 3.18381404876709
6 7 -0.672535240650177 0.184110179543495 3.09711384773254
6 8 -0.768938362598419 0.173444107174873 3.05828046798706
6 9 0.143618702888489 0.136311545968056 3.24229574203491
6 10 0.160937264561653 -0.145781546831131 3.169508934021
6 11 0.146648481488228 -0.347028732299805 3.04660201072693
6 12 0.153578981757164 -0.447036325931549 3.01717710494995
6 13 -0.136531963944435 -0.214197516441345 3.10956335067749
6 14 -0.131140261888504 -0.685035824775696 3.11123061180115
6 15 -0.123630687594414 -1.02080130577087 3.05382895469666
6 16 -0.165742874145508 -1.07023930549622 2.99625563621521
6 17 0.0388004705309868 -0.221362248063087 3.12932062149048
6 18 0.0348521247506142 -0.680474519729614 3.09290051460266
6 19 0.0165841579437256 -1.01038873195648 3.04304695129395
6 20 0.0541187413036823 -1.05712127685547 2.96614289283752
7 1 -0.049042072147131 -0.132665067911148 3.14210796356201
7 2 -0.0536046028137207 -0.0805860906839371 3.20161962509155
7 3 -0.048677172511816 0.25562584400177 3.2328040599823
7 4 -0.0428603105247021 0.451406538486481 3.227205991745
7 5 -0.244220227003098 0.172812193632126 3.2149031162262
7 6 -0.502102792263031 0.189669147133827 3.17358946800232
7 7 -0.706314206123352 0.183761268854141 3.07843685150146
7 8 -0.766709089279175 0.172095745801926 3.05660462379456
7 9 0.143503531813622 0.136210709810257 3.24257898330688
7 10 0.176700219511986 -0.0983388870954514 3.19121909141541
7 11 0.145783320069313 -0.347379803657532 3.04171514511108
7 12 0.150633066892624 -0.419462859630585 3.01256561279297
7 13 -0.136584803462029 -0.21419683098793 3.10954904556274
7 14 -0.131171301007271 -0.682978212833405 3.11216592788696
7 15 -0.123583883047104 -1.02034020423889 3.05442786216736
7 16 -0.168333545327187 -1.07002067565918 2.99896883964539
7 17 0.0387129448354244 -0.22135990858078 3.1293888092041
7 18 0.034780465066433 -0.680252075195313 3.09247398376465
7 19 0.0135034844279289 -1.01479339599609 3.04421854019165
7 20 0.0529569163918495 -1.05790531635284 2.96878266334534
8 1 -0.04917087033391 -0.132757753133774 3.14197707176209
8 2 -0.0538652054965496 -0.0807705745100975 3.20153617858887
8 3 -0.0490657351911068 0.255296170711517 3.23314309120178
8 4 -0.0408460721373558 0.452828794717789 3.22999286651611
8 5 -0.244047686457634 0.172780677676201 3.21433877944946
8 6 -0.463168740272522 0.188780203461647 3.18323826789856
8 7 -0.668149173259735 0.183608129620552 3.09091711044312
8 8 -0.765892088413239 0.172175019979477 3.05318379402161
8 9 0.144854471087456 0.139218896627426 3.24736309051514
8 10 0.169232189655304 -0.106921315193176 3.18996596336365
8 11 0.144540786743164 -0.347355216741562 3.04302453994751
8 12 0.1546371281147 -0.447591125965118 3.01205635070801
8 13 -0.136667817831039 -0.213998213410378 3.10929608345032
8 14 -0.131318941712379 -0.684328734874725 3.11203837394714
8 15 -0.124060943722725 -1.01997852325439 3.05457901954651
8 16 -0.163571298122406 -1.06873059272766 3.00098967552185
8 17 0.0387659333646297 -0.221068933606148 3.12922167778015
8 18 0.0359030924737453 -0.678784489631653 3.09232807159424
8 19 0.0189706329256296 -1.01287937164307 3.04769611358643
8 20 0.0516741722822189 -1.05723476409912 2.97052836418152
9 1 -0.0494680218398571 -0.132225126028061 3.14196443557739
9 2 -0.0544447228312492 -0.0803589820861816 3.20141053199768
9 3 -0.0494678057730198 0.254678279161453 3.23207378387451
9 4 -0.040818065404892 0.453867077827454 3.23207330703735
9 5 -0.244048833847046 0.173330157995224 3.21423649787903
9 6 -0.472677648067474 0.186793625354767 3.17487001419067
9 7 -0.676906168460846 0.181903794407845 3.08395457267761
9 8 -0.764451146125793 0.171238213777542 3.04994440078735
9 9 0.144443660974503 0.137951508164406 3.24560570716858
9 10 0.156985625624657 -0.152512326836586 3.1656756401062
9 11 0.145153716206551 -0.346659004688263 3.04272270202637
9 12 0.147087275981903 -0.434497117996216 3.01933431625366
9 13 -0.13687589764595 -0.213468730449677 3.10894179344177
9 14 -0.131904661655426 -0.68632709980011 3.11187624931335
9 15 -0.124335810542107 -1.02172207832336 3.05436515808105
9 16 -0.16308020055294 -1.07121634483337 2.99615716934204
9 17 0.0380226746201515 -0.22114160656929 3.12933111190796
9 18 0.0338176228106022 -0.680316269397736 3.09270977973938
9 19 0.0151957618072629 -1.00725603103638 3.04542875289917
9 20 0.0518231801688671 -1.05623614788055 2.97046327590942
10 1 -0.0490524768829346 -0.13204562664032 3.14195656776428
10 2 -0.0541935451328754 -0.0801030546426773 3.20132446289063
10 3 -0.0493358559906483 0.254865318536758 3.23148989677429
10 4 -0.0393479354679585 0.454124748706818 3.23237013816834
10 5 -0.243645250797272 0.172911122441292 3.21417808532715
10 6 -0.475155889987946 0.184339910745621 3.17183876037598
10 7 -0.677763223648071 0.181260570883751 3.07898283004761
10 8 -0.762289762496948 0.171104267239571 3.04607677459717
10 9 0.144883379340172 0.137537002563477 3.24636387825012
10 10 0.166747003793716 -0.108011908829212 3.18506717681885
10 11 0.144107237458229 -0.348094284534454 3.04152774810791
10 12 0.143253579735756 -0.451669245958328 3.02145409584045
10 13 -0.1363315731287 -0.213309213519096 3.10886716842651
10 14 -0.131780445575714 -0.685491263866425 3.11221861839294
10 15 -0.125287175178528 -1.02215373516083 3.05479145050049
10 16 -0.166942983865738 -1.07358574867249 2.9975061416626
10 17 0.0385756492614746 -0.220865607261658 3.1295313835144
10 18 0.0347135439515114 -0.679695248603821 3.09272646903992
10 19 0.0127744600176811 -1.00842893123627 3.04431891441345
10 20 0.0541712380945683 -1.05418455600739 2.96777200698853
11 1 -0.0488259121775627 -0.132005542516708 3.14200115203857
11 2 -0.0540202930569649 -0.0801426395773888 3.20137429237366
11 3 -0.0492502339184284 0.255373656749725 3.23264479637146
11 4 -0.0420495122671127 0.45526260137558 3.23128795623779
11 5 -0.24337001144886 0.172966286540031 3.21430277824402
11 6 -0.459316968917847 0.187365025281906 3.17714738845825
11 7 -0.661461710929871 0.185472786426544 3.08583092689514
11 8 -0.763075530529022 0.171473130583763 3.04439187049866
11 9 0.145094439387321 0.136661767959595 3.24576616287231
11 10 0.163266345858574 -0.151695430278778 3.16993737220764
11 11 0.144976213574409 -0.349407225847244 3.04395580291748
11 12 0.145267963409424 -0.420061528682709 3.01109147071838
11 13 -0.136083990335464 -0.213067904114723 3.10878014564514
11 14 -0.130966275930405 -0.685529708862305 3.11293268203735
11 15 -0.124683387577534 -1.02090609073639 3.05338788032532
11 16 -0.165662959218025 -1.0705623626709 2.99563765525818
11 17 0.0386397950351238 -0.220813661813736 3.12947678565979
11 18 0.0351492464542389 -0.680067121982574 3.09237885475159
11 19 0.0155240334570408 -1.0095841884613 3.044997215271
11 20 0.0535861104726791 -1.05751574039459 2.9696478843689
12 1 -0.0491308197379112 -0.131911873817444 3.14157795906067
12 2 -0.0539352260529995 -0.0802006721496582 3.20102834701538
12 3 -0.0486571006476879 0.25485971570015 3.23248171806335
12 4 -0.0424780026078224 0.449792593717575 3.22958779335022
12 5 -0.243687480688095 0.17438243329525 3.21431660652161
12 6 -0.473024487495422 0.185188069939613 3.17312860488892
12 7 -0.673448383808136 0.18679241836071 3.07974147796631
12 8 -0.761215627193451 0.173545926809311 3.04474091529846
12 9 0.144315138459206 0.136585339903831 3.24362897872925
12 10 0.172068655490875 -0.100763745605946 3.18355393409729
12 11 0.144637644290924 -0.347875416278839 3.04386615753174
12 12 0.135410308837891 -0.41590341925621 3.00670599937439
12 13 -0.136279955506325 -0.213022515177727 3.10822153091431
12 14 -0.130927443504333 -0.685713768005371 3.11284732818604
12 15 -0.125120654702187 -1.01998615264893 3.05343723297119
12 16 -0.161428809165955 -1.07110202312469 2.99493312835693
12 17 0.0380611419677734 -0.220820307731628 3.12894487380981
12 18 0.0346975326538086 -0.679377794265747 3.09290432929993
12 19 0.0155330216512084 -1.01189398765564 3.04445815086365
12 20 0.0552194081246853 -1.05720913410187 2.96557855606079
13 1 -0.0491290725767612 -0.131620213389397 3.14116597175598
13 2 -0.0537872985005379 -0.0798684284090996 3.20060539245605
13 3 -0.0472846850752831 0.254249155521393 3.23120808601379
13 4 -0.0396902486681938 0.453873127698898 3.22749376296997
13 5 -0.243309557437897 0.175954803824425 3.21404266357422
13 6 -0.499963462352753 0.186722427606583 3.1669065952301
13 7 -0.699183106422424 0.189436316490173 3.07091403007507
13 8 -0.754770755767822 0.177411064505577 3.0469970703125
13 9 0.144591093063354 0.136331930756569 3.24293732643127
13 10 0.158478960394859 -0.150050356984138 3.16226148605347
13 11 0.144321784377098 -0.348622679710388 3.04222583770752
13 12 0.135845437645912 -0.417022228240967 3.00521373748779
13 13 -0.136405810713768 -0.212425544857979 3.10733222961426
13 14 -0.131308019161224 -0.685639679431915 3.11185765266418
13 15 -0.125768780708313 -1.02036321163177 3.05281639099121
13 16 -0.165519401431084 -1.07331430912018 2.99129629135132
13 17 0.0378830768167973 -0.2208551466465 3.1287841796875
13 18 0.0346760265529156 -0.678905069828033 3.09169769287109
13 19 0.0183346569538116 -1.01204895973206 3.04531025886536
13 20 0.0549208410084248 -1.05799758434296 2.96825551986694
14 1 -0.0489877164363861 -0.130377426743507 3.14000368118286
14 2 -0.0537381917238235 -0.0786564573645592 3.19928193092346
14 3 -0.0476721301674843 0.254071295261383 3.22791743278503
14 4 -0.039776761084795 0.453612297773361 3.22525572776794
14 5 -0.243087515234947 0.177250981330872 3.21376419067383
14 6 -0.458757877349854 0.185574769973755 3.17637848854065
14 7 -0.659071445465088 0.188025966286659 3.0851628780365
14 8 -0.757676064968109 0.176693439483643 3.04557275772095
14 9 0.14565421640873 0.137440010905266 3.24341082572937
14 10 0.172642856836319 -0.101835869252682 3.18296575546265
14 11 0.145704805850983 -0.34476974606514 3.04342842102051
14 12 0.142522364854813 -0.415141612291336 3.00936818122864
14 13 -0.136590734124184 -0.211384162306786 3.10644388198853
14 14 -0.131596446037292 -0.685129582881927 3.11098194122314
14 15 -0.124493211507797 -1.02014374732971 3.05368566513062
14 16 -0.167395204305649 -1.07154452800751 2.99861264228821
14 17 0.038309033960104 -0.220090121030807 3.12784361839294
14 18 0.0353766418993473 -0.677523612976074 3.08926486968994
14 19 0.0209086090326309 -1.00942599773407 3.04288864135742
14 20 0.0496564731001854 -1.05686378479004 2.97509980201721
15 1 -0.0492609702050686 -0.130530029535294 3.1389422416687
15 2 -0.0535969510674477 -0.078939251601696 3.19804883003235
15 3 -0.0473899841308594 0.253123253583908 3.22615528106689
15 4 -0.0404365807771683 0.454428762197495 3.22507476806641
15 5 -0.243726745247841 0.178430214524269 3.21410417556763
15 6 -0.459428191184998 0.188316747546196 3.17981100082397
15 7 -0.662301301956177 0.189734265208244 3.08421921730042
15 8 -0.761226892471313 0.178394079208374 3.04355144500732
15 9 0.143793076276779 0.13673509657383 3.24077987670898
15 10 0.163919568061829 -0.134236454963684 3.17064523696899
15 11 0.144078940153122 -0.353949010372162 3.03666520118713
15 12 0.143725425004959 -0.443026632070541 3.01222038269043
15 13 -0.136992290616035 -0.211402863264084 3.10577654838562
15 14 -0.131837993860245 -0.685965061187744 3.11047267913818
15 15 -0.125971376895905 -1.02050042152405 3.05291533470154
15 16 -0.160915270447731 -1.07110607624054 2.99309206008911
15 17 0.0377649515867233 -0.220368161797523 3.12687635421753
15 18 0.0348386242985725 -0.677189111709595 3.08880138397217
15 19 0.0199746582657099 -1.00802147388458 3.04146075248718
15 20 0.0518067851662636 -1.05592513084412 2.97128295898438
16 1 -0.0502352677285671 -0.130605831742287 3.13861513137817
16 2 -0.0543930679559708 -0.079007051885128 3.19767212867737
16 3 -0.0473649464547634 0.253406852483749 3.22598767280579
16 4 -0.0392512120306492 0.449988961219788 3.22233247756958
16 5 -0.244051069021225 0.179242461919785 3.2141284942627
16 6 -0.46203225851059 0.189230814576149 3.17784023284912
16 7 -0.661685585975647 0.19158348441124 3.08621525764465
16 8 -0.761997222900391 0.180290699005127 3.04395937919617
16 9 0.143468007445335 0.135935842990875 3.24048233032227
16 10 0.160845920443535 -0.150012373924255 3.16805148124695
16 11 0.143684834241867 -0.348924577236176 3.04078674316406
16 12 0.144726932048798 -0.44135570526123 3.01088666915894
16 13 -0.138340622186661 -0.211388275027275 3.10617756843567
16 14 -0.131649419665337 -0.685652196407318 3.11101865768433
16 15 -0.125839337706566 -1.02088868618011 3.05335259437561
16 16 -0.159764647483826 -1.06947076320648 2.99461221694946
16 17 0.0363817401230335 -0.22052988409996 3.12571740150452
16 18 0.0344105996191502 -0.677002906799316 3.08818316459656
16 19 0.0189726166427135 -1.0103360414505 3.03894186019897
16 20 0.054688785225153 -1.05754387378693 2.96560001373291
17 1 -0.0506535321474075 -0.130583092570305 3.13873720169067
17 2 -0.0545171201229095 -0.0790643915534019 3.19785189628601
17 3 -0.0473965369164944 0.253521263599396 3.22746825218201
17 4 -0.0408052355051041 0.450726985931396 3.22310543060303
17 5 -0.24419429898262 0.179854363203049 3.21495819091797
17 6 -0.458500802516937 0.187178462743759 3.18016934394836
17 7 -0.662449955940247 0.193192020058632 3.09101390838623
17 8 -0.763407409191132 0.182388141751289 3.04658508300781
17 9 0.142444476485252 0.136878117918968 3.23950576782227
17 10 0.159087672829628 -0.149067267775536 3.16597580909729
17 11 0.1437117010355 -0.347633212804794 3.04109215736389
17 12 0.142050981521606 -0.41962605714798 3.00933599472046
17 13 -0.138875380158424 -0.211328625679016 3.10684490203857
17 14 -0.132457509636879 -0.683631658554077 3.11030626296997
17 15 -0.126327529549599 -1.0191787481308 3.05314779281616
17 16 -0.161246687173843 -1.0680342912674 2.9957447052002
17 17 0.035837184637785 -0.220403760671616 3.12537145614624
17 18 0.033806424587965 -0.676703214645386 3.08784961700439
17 19 0.0171328317373991 -1.00852847099304 3.04086303710938
17 20 0.0528544932603836 -1.05527925491333 2.96365976333618
18 1 -0.0508008114993572 -0.130588307976723 3.1393871307373
18 2 -0.0547377876937389 -0.0790521875023842 3.19844174385071
18 3 -0.0484247021377087 0.253424257040024 3.22799015045166
18 4 -0.0426632724702358 0.453476786613464 3.22540330886841
18 5 -0.244619980454445 0.178854525089264 3.21539211273193
18 6 -0.470241010189056 0.186934515833855 3.17710256576538
18 7 -0.671194493770599 0.194909751415253 3.08874011039734
18 8 -0.764358341693878 0.183781549334526 3.04867553710938
18 9 0.141946405172348 0.137221708893776 3.24024128913879
18 10 0.164456814527512 -0.148257315158844 3.17301321029663
18 11 0.144502222537994 -0.345946460962296 3.04385924339294
18 12 0.139004871249199 -0.418441087007523 3.01358938217163
18 13 -0.139054328203201 -0.211658015847206 3.10827207565308
18 14 -0.132505804300308 -0.684796690940857 3.11090278625488
18 15 -0.126187056303024 -1.02067732810974 3.05259037017822
18 16 -0.16562893986702 -1.06910514831543 3.00373291969299
18 17 0.036109134554863 -0.219969317317009 3.12591648101807
18 18 0.032869465649128 -0.678758144378662 3.08854389190674
18 19 0.0154846897348762 -1.01013469696045 3.04149031639099
18 20 0.0522177666425705 -1.05773520469666 2.97032594680786
19 1 -0.0506850481033325 -0.131395265460014 3.13975977897644
19 2 -0.0545772798359394 -0.079986184835434 3.19888424873352
19 3 -0.0481046289205551 0.252720475196838 3.22993612289429
19 4 -0.0418166369199753 0.451967686414719 3.2245180606842
19 5 -0.244850024580956 0.176901653409004 3.21513843536377
19 6 -0.459060311317444 0.187376990914345 3.18444085121155
19 7 -0.661311864852905 0.194269448518753 3.0922863483429
19 8 -0.764170527458191 0.184062033891678 3.04811263084412
19 9 0.141990676522255 0.136124327778816 3.24010109901428
19 10 0.170674994587898 -0.149759158492088 3.17320251464844
19 11 0.145831316709518 -0.345399171113968 3.04526090621948
19 12 0.1401027739048 -0.413589298725128 3.00658965110779
19 13 -0.138915628194809 -0.212291151285172 3.10876417160034
19 14 -0.132253676652908 -0.68485027551651 3.11144518852234
19 15 -0.123424015939236 -1.01994442939758 3.05530023574829
19 16 -0.160737112164497 -1.06804752349854 2.99962258338928
19 17 0.0363306105136871 -0.22053936123848 3.12587976455688
19 18 0.033478993922472 -0.677812576293945 3.08827090263367
19 19 0.0150772966444492 -1.01093673706055 3.04184603691101
19 20 0.0512955486774445 -1.05632662773132 2.972496509552
20 1 -0.0507531203329563 -0.131576955318451 3.14031291007996
20 2 -0.0549317300319672 -0.0804159194231033 3.19963049888611
20 3 -0.0491586625576019 0.252559274435043 3.23272442817688
20 4 -0.0415163859724998 0.452315360307693 3.22616934776306
20 5 -0.244764477014542 0.176009595394135 3.21561479568481
20 6 -0.459710478782654 0.188254863023758 3.18331551551819
20 7 -0.663922011852264 0.194406926631927 3.09159255027771
20 8 -0.765778660774231 0.184404388070107 3.05021858215332
20 9 0.144243478775024 0.138523787260056 3.24540781974792
20 10 0.174351096153259 -0.0963641479611397 3.18612217903137
20 11 0.144614934921265 -0.34839192032814 3.04243135452271
20 12 0.139310702681541 -0.416701674461365 3.00453519821167
20 13 -0.138388723134995 -0.212237298488617 3.10919809341431
20 14 -0.132104873657227 -0.682711482048035 3.11147785186768
20 15 -0.123364567756653 -1.0195540189743 3.0548107624054
20 16 -0.165805593132973 -1.06900382041931 3.00157856941223
20 17 0.0373515337705612 -0.219654440879822 3.12714529037476
20 18 0.0346309505403042 -0.676469385623932 3.0887188911438
20 19 0.0156996734440327 -1.01061642169952 3.04234457015991
20 20 0.0510952025651932 -1.05670177936554 2.96900510787964
