1 1 -0.0568952187895775 -0.128331750631332 3.14097619056702
1 2 -0.0535884760320187 -0.0769395232200623 3.20017337799072
1 3 -0.0453328602015972 0.255994230508804 3.22936916351318
1 4 -0.0400233790278435 0.449101895093918 3.2263503074646
1 5 -0.246478766202927 0.191768407821655 3.24759078025818
1 6 -0.492280304431915 0.230180084705353 3.23917603492737
1 7 -0.698391854763031 0.255292117595673 3.16772842407227
1 8 -0.777344942092896 0.252784192562103 3.1520299911499
1 9 0.13991180062294 0.137090548872948 3.22058653831482
1 10 0.167899459600449 -0.131683766841888 3.15947675704956
1 11 0.14604215323925 -0.346579134464264 3.03356170654297
1 12 0.138611897826195 -0.415854722261429 3.00397968292236
1 13 -0.145983815193176 -0.209125459194183 3.1176540851593
1 14 -0.129676848649979 -0.686153054237366 3.108962059021
1 15 -0.124127775430679 -1.02135133743286 3.05331468582153
1 16 -0.16779637336731 -1.07126319408417 3.01423144340515
1 17 0.0272126384079456 -0.216979697346687 3.11982345581055
1 18 0.0327622517943382 -0.678107619285584 3.08564877510071
1 19 0.0150150153785944 -1.0101580619812 3.03950834274292
1 20 0.0529459044337273 -1.05613231658936 2.96026659011841
2 1 -0.056296568363905 -0.127833724021912 3.14222574234009
2 2 -0.053382895886898 -0.0769162476062775 3.20159792900085
2 3 -0.0445135980844498 0.255121767520905 3.23319602012634
2 4 -0.0413500070571899 0.446204006671906 3.2278835773468
2 5 -0.246128007769585 0.192035973072052 3.24753713607788
2 6 -0.50189870595932 0.231136903166771 3.23029065132141
2 7 -0.711527526378632 0.249930828809738 3.16324377059937
2 8 -0.776722192764282 0.25054195523262 3.14764261245728
2 9 0.142024397850037 0.137710630893707 3.22396993637085
2 10 0.171362742781639 -0.12496929615736 3.16713380813599
2 11 0.145804181694984 -0.345406979322433 3.03534531593323
2 12 0.143844038248062 -0.416605085134506 3.01059913635254
2 13 -0.145744398236275 -0.208626374602318 3.11789178848267
2 14 -0.129635021090508 -0.678517937660217 3.1088502407074
2 15 -0.123855508863926 -1.01917052268982 3.05277299880981
2 16 -0.160280019044876 -1.06273317337036 3.0027391910553
2 17 0.0282502640038729 -0.217039436101913 3.12147450447083
2 18 0.0356063432991505 -0.67857837677002 3.0875301361084
2 19 0.0169969610869884 -1.01001048088074 3.04144358634949
2 20 0.0547704808413982 -1.05638480186462 2.96824502944946
3 1 -0.0562479346990585 -0.128030136227608 3.1429328918457
3 2 -0.0534912571310997 -0.077220618724823 3.20241451263428
3 3 -0.0453909449279308 0.254657953977585 3.23494124412537
3 4 -0.0417032539844513 0.444642782211304 3.22925519943237
3 5 -0.245813861489296 0.192221999168396 3.24816799163818
3 6 -0.49416908621788 0.228994786739349 3.23878455162048
3 7 -0.700399219989777 0.248672515153885 3.15856671333313
3 8 -0.800154328346252 0.250983625650406 3.13676810264587
3 9 0.142033711075783 0.137601986527443 3.22516083717346
3 10 0.167070299386978 -0.137791112065315 3.15905475616455
3 11 0.145763605833054 -0.347287982702255 3.03780150413513
3 12 0.146604210138321 -0.419230461120605 3.01494312286377
3 13 -0.14549794793129 -0.208653420209885 3.11819171905518
3 14 -0.128974348306656 -0.67780601978302 3.10905718803406
3 15 -0.121686607599258 -1.01781558990479 3.05384612083435
3 16 -0.163550660014153 -1.07437992095947 3.02809739112854
3 17 0.028155280277133 -0.217684715986252 3.1224844455719
3 18 0.0360672473907471 -0.677322685718536 3.08752679824829
3 19 0.0142918359488249 -1.00993287563324 3.04234790802002
3 20 0.0532081834971905 -1.05475497245789 2.9708080291748
4 1 -0.056429285556078 -0.128450691699982 3.14399671554565
4 2 -0.0539887435734272 -0.0778024345636368 3.20358753204346
4 3 -0.0469531305134296 0.253864794969559 3.23649168014526
4 4 -0.0432870239019394 0.442635118961334 3.22910618782043
4 5 -0.246139168739319 0.192492738366127 3.24994349479675
4 6 -0.50789487361908 0.230827569961548 3.23332524299622
4 7 -0.71667492389679 0.251571148633957 3.15731239318848
4 8 -0.775983273983002 0.24793741106987 3.14314579963684
4 9 0.142268374562263 0.139209911227226 3.22908878326416
4 10 0.168213412165642 -0.129777833819389 3.16382026672363
4 11 0.146779090166092 -0.345549136400223 3.03712749481201
4 12 0.145811229944229 -0.415550768375397 3.0095067024231
4 13 -0.145660147070885 -0.209023386240005 3.11907196044922
4 14 -0.128917306661606 -0.678075969219208 3.10921454429626
4 15 -0.122593343257904 -1.01818084716797 3.05369544029236
4 16 -0.164142608642578 -1.06579029560089 3.00158858299255
4 17 0.0283034667372704 -0.217759594321251 3.12321734428406
4 18 0.0356545895338058 -0.678905725479126 3.08927202224731
4 19 0.012250728905201 -1.01106631755829 3.04352784156799
4 20 0.0531950145959854 -1.05693387985229 2.96890091896057
5 1 -0.0557646453380585 -0.128023386001587 3.14537906646729
5 2 -0.0535059534013271 -0.0774615481495857 3.2050039768219
5 3 -0.0458544157445431 0.253874391317368 3.23812818527222
5 4 -0.0465074107050896 0.445199072360992 3.23320341110229
5 5 -0.246212229132652 0.192116215825081 3.25165820121765
5 6 -0.505720019340515 0.230176672339439 3.23389148712158
5 7 -0.714953005313873 0.249876722693443 3.15509629249573
5 8 -0.814076125621796 0.249560043215752 3.12926292419434
5 9 0.143194109201431 0.139682933688164 3.23186326026917
5 10 0.173263564705849 -0.116601794958115 3.17374873161316
5 11 0.148553043603897 -0.344369798898697 3.04104590415955
5 12 0.146052226424217 -0.413359820842743 3.00995707511902
5 13 -0.145080998539925 -0.20881550014019 3.12049007415771
5 14 -0.129115670919418 -0.679226696491241 3.10942053794861
5 15 -0.123238548636436 -1.01875972747803 3.05211901664734
5 16 -0.165467739105225 -1.06666171550751 3.00486278533936
5 17 0.0293671544641256 -0.217322483658791 3.12457585334778
5 18 0.0351725555956364 -0.678371906280518 3.08926272392273
5 19 0.0134992599487305 -1.010666847229 3.04445695877075
5 20 0.055304579436779 -1.05575561523438 2.96705079078674
6 1 -0.0554959885776043 -0.12776954472065 3.14709639549255
6 2 -0.0535561516880989 -0.0775837749242783 3.20686364173889
6 3 -0.0466591566801071 0.252929180860519 3.24117612838745
6 4 -0.0464316867291927 0.445207804441452 3.23424434661865
6 5 -0.245865523815155 0.192815095186234 3.25422334671021
6 6 -0.496043473482132 0.22894150018692 3.24081420898438
6 7 -0.707363367080688 0.253795892000198 3.16952013969421
6 8 -0.804107785224915 0.25426197052002 3.13667607307434
6 9 0.145209178328514 0.141116425395012 3.2360258102417
6 10 0.167394638061523 -0.139361634850502 3.16412043571472
6 11 0.146977692842484 -0.345257788896561 3.0416796207428
6 12 0.14605738222599 -0.417443931102753 3.01592183113098
6 13 -0.144656166434288 -0.208597853779793 3.12116384506226
6 14 -0.128586113452911 -0.679826259613037 3.10955047607422
6 15 -0.122774705290794 -1.01947617530823 3.05255055427551
6 16 -0.161361917853355 -1.06600546836853 3.00395679473877
6 17 0.0297214556485415 -0.217513129115105 3.12591695785522
6 18 0.0348653011023998 -0.678427636623383 3.0898003578186
6 19 0.0140441758558154 -1.01132667064667 3.0434193611145
6 20 0.0560319796204567 -1.05525159835815 2.96440553665161
7 1 -0.0549293197691441 -0.128043949604034 3.14843463897705
7 2 -0.0530566498637199 -0.077750101685524 3.208163022995
7 3 -0.0468782335519791 0.252934247255325 3.24207925796509
7 4 -0.0449413321912289 0.44539275765419 3.23752593994141
7 5 -0.24609899520874 0.192469790577888 3.25505495071411
7 6 -0.481742799282074 0.222239345312119 3.23970603942871
7 7 -0.688014090061188 0.243964105844498 3.15233111381531
7 8 -0.789993166923523 0.242815569043159 3.14432740211487
7 9 0.14435002207756 0.140317603945732 3.23599004745483
7 10 0.173925220966339 -0.111821591854095 3.17739057540894
7 11 0.147751092910767 -0.344512194395065 3.04456329345703
7 12 0.144992813467979 -0.415901780128479 3.01980137825012
7 13 -0.143989026546478 -0.20887216925621 3.12233519554138
7 14 -0.128088638186455 -0.679473280906677 3.11033248901367
7 15 -0.122934356331825 -1.01954734325409 3.05307579040527
7 16 -0.161204054951668 -1.06465542316437 3.00566577911377
7 17 0.0306654758751392 -0.217788308858871 3.12755417823792
7 18 0.0355437397956848 -0.678565382957459 3.0911340713501
7 19 0.0176728963851929 -1.01114463806152 3.04284048080444
7 20 0.0543340295553207 -1.05495464801788 2.9668653011322
8 1 -0.0547928549349308 -0.128207713365555 3.14928674697876
8 2 -0.0531337559223175 -0.0779380351305008 3.20911550521851
8 3 -0.0474704168736935 0.252930998802185 3.24356317520142
8 4 -0.0436087921261787 0.444341778755188 3.23841285705566
8 5 -0.246102601289749 0.192800760269165 3.2560122013092
8 6 -0.491197407245636 0.224743112921715 3.23656463623047
8 7 -0.699725091457367 0.24811127781868 3.1566379070282
8 8 -0.773932576179504 0.242888569831848 3.14234304428101
8 9 0.145533174276352 0.140885099768639 3.2377610206604
8 10 0.166979372501373 -0.147590681910515 3.16404008865356
8 11 0.150901466608047 -0.34211003780365 3.04603362083435
8 12 0.147694930434227 -0.420993238687515 3.01392078399658
8 13 -0.143830806016922 -0.20921391248703 3.12295413017273
8 14 -0.128266036510468 -0.679394721984863 3.11047720909119
8 15 -0.123157359659672 -1.01996409893036 3.05312585830688
8 16 -0.167174056172371 -1.06726205348969 3.00158500671387
8 17 0.0309714078903198 -0.218039661645889 3.12834501266479
8 18 0.0359321683645248 -0.680081486701965 3.09362316131592
8 19 0.0133075648918748 -1.00908482074738 3.04561614990234
8 20 0.0555884763598442 -1.055140376091 2.96779108047485
9 1 -0.0544315502047539 -0.128386870026588 3.14949584007263
9 2 -0.0526807680726051 -0.0778361633419991 3.20931267738342
9 3 -0.0469592362642288 0.253800839185715 3.24238419532776
9 4 -0.0430908985435963 0.444156497716904 3.2380199432373
9 5 -0.24609600007534 0.192859441041946 3.25602746009827
9 6 -0.502955853939056 0.228019863367081 3.2341206073761
9 7 -0.711622357368469 0.249519869685173 3.15292501449585
9 8 -0.775650560855865 0.243668496608734 3.144127368927
9 9 0.145355641841888 0.140701279044151 3.23681592941284
9 10 0.173366963863373 -0.118676260113716 3.17045569419861
9 11 0.149056971073151 -0.344328045845032 3.04561519622803
9 12 0.148573666810989 -0.413654565811157 3.0150351524353
9 13 -0.143615216016769 -0.209663420915604 3.12287402153015
9 14 -0.128069117665291 -0.679084658622742 3.11071014404297
9 15 -0.122965216636658 -1.0162045955658 3.05334258079529
9 16 -0.166121751070023 -1.06533074378967 3.00919938087463
9 17 0.0316743776202202 -0.218334853649139 3.12874460220337
9 18 0.0364389084279537 -0.679244756698608 3.09311318397522
9 19 0.0168402306735516 -1.01014626026154 3.04249215126038
9 20 0.0550127029418945 -1.05449342727661 2.96530556678772
10 1 -0.05439393222332 -0.128935411572456 3.14918184280396
10 2 -0.0524977967143059 -0.0781373456120491 3.20898842811584
10 3 -0.046323124319315 0.253625631332397 3.24109196662903
10 4 -0.0454367250204086 0.44461727142334 3.23714733123779
10 5 -0.245811492204666 0.192479178309441 3.2543306350708
10 6 -0.463401407003403 0.223660379648209 3.23918175697327
10 7 -0.672613918781281 0.248454287648201 3.16238451004028
10 8 -0.773438453674316 0.247379958629608 3.14250063896179
10 9 0.144358143210411 0.14037711918354 3.23464918136597
10 10 0.173625230789185 -0.124231234192848 3.17024779319763
10 11 0.149764269590378 -0.343251496553421 3.0456326007843
10 12 0.148530021309853 -0.415543556213379 3.01395988464355
10 13 -0.143569231033325 -0.209959462285042 3.12257885932922
10 14 -0.127918690443039 -0.679382681846619 3.11101770401001
10 15 -0.121475331485271 -1.01673686504364 3.05392050743103
10 16 -0.166088104248047 -1.06584620475769 3.00280070304871
10 17 0.031490508466959 -0.218753069639206 3.12858128547668
10 18 0.0369382537901402 -0.677143931388855 3.09179520606995
10 19 0.0167019367218018 -1.01113843917847 3.04275107383728
10 20 0.0568650886416435 -1.05517637729645 2.96544909477234
11 1 -0.0543374009430408 -0.128818541765213 3.14883470535278
11 2 -0.052362322807312 -0.0778377279639244 3.20851397514343
11 3 -0.045186635106802 0.254044979810715 3.23952007293701
11 4 -0.0450503081083298 0.446552813053131 3.23388242721558
11 5 -0.245629638433456 0.192584663629532 3.25330471992493
11 6 -0.503894448280334 0.232371360063553 3.22408485412598
11 7 -0.7134108543396 0.24982051551342 3.14556479454041
11 8 -0.774331092834473 0.247137472033501 3.14228916168213
11 9 0.144893795251846 0.141157105565071 3.23449206352234
11 10 0.180696994066238 -0.10307502001524 3.17694163322449
11 11 0.152434334158897 -0.339891403913498 3.05128574371338
11 12 0.143579289317131 -0.407481104135513 3.01863980293274
11 13 -0.143628865480423 -0.209906369447708 3.12247133255005
11 14 -0.127095013856888 -0.67853045463562 3.11104488372803
11 15 -0.121922224760056 -1.01579248905182 3.05425596237183
11 16 -0.166033834218979 -1.06597399711609 3.01018667221069
11 17 0.0314200408756733 -0.218679010868073 3.12827515602112
11 18 0.0365936458110809 -0.677538633346558 3.09191060066223
11 19 0.0153919383883476 -1.01238811016083 3.04384756088257
11 20 0.0554722286760807 -1.05607259273529 2.97031378746033
12 1 -0.0543615855276585 -0.128834679722786 3.14829444885254
12 2 -0.0524081401526928 -0.0775624737143517 3.20773935317993
12 3 -0.0448432900011539 0.25315910577774 3.23609924316406
12 4 -0.0463782660663128 0.44442617893219 3.23347353935242
12 5 -0.245422869920731 0.191954880952835 3.25122046470642
12 6 -0.503735065460205 0.230506002902985 3.22054028511047
12 7 -0.713550209999084 0.257014900445938 3.14423775672913
12 8 -0.774406433105469 0.250002145767212 3.13850116729736
12 9 0.146259352564812 0.141463667154312 3.23447966575623
12 10 0.162826031446457 -0.152004390954971 3.15604567527771
12 11 0.149221032857895 -0.348358690738678 3.0430223941803
12 12 0.141861632466316 -0.435546696186066 3.00993466377258
12 13 -0.143837675452232 -0.210174649953842 3.12236189842224
12 14 -0.127121329307556 -0.678110361099243 3.11067700386047
12 15 -0.122354291379452 -1.01617741584778 3.05347585678101
12 16 -0.165298849344254 -1.06760048866272 3.00694131851196
12 17 0.0310829598456621 -0.218718141317368 3.12773752212524
12 18 0.0363489873707294 -0.674031674861908 3.09184646606445
12 19 0.0175976641476154 -1.01095294952393 3.04345273971558
12 20 0.0525630638003349 -1.05425810813904 2.97344589233398
13 1 -0.0537868142127991 -0.128408193588257 3.14795637130737
13 2 -0.0518448054790497 -0.0771216154098511 3.20712804794312
13 3 -0.0438355579972267 0.252643525600433 3.23389792442322
13 4 -0.0428595691919327 0.442751586437225 3.23086667060852
13 5 -0.244903400540352 0.191859424114227 3.24974822998047
13 6 -0.505586266517639 0.230932176113129 3.21966171264648
13 7 -0.715582132339478 0.258371651172638 3.14214468002319
13 8 -0.815284848213196 0.25648432970047 3.12110567092896
13 9 0.147568240761757 0.141629904508591 3.23379707336426
13 10 0.171216502785683 -0.15073761343956 3.15952777862549
13 11 0.152934744954109 -0.349503517150879 3.05070805549622
13 12 0.15013512969017 -0.444334357976913 3.01347780227661
13 13 -0.143697634339333 -0.210115179419518 3.12250328063965
13 14 -0.127581402659416 -0.675199151039124 3.11086344718933
13 15 -0.122046113014221 -1.01708567142487 3.05375289916992
13 16 -0.157432392239571 -1.06739175319672 3.01225233078003
13 17 0.0321168154478073 -0.218274965882301 3.12742733955383
13 18 0.0365109816193581 -0.676251888275146 3.09162569046021
13 19 0.0153610110282898 -1.00671172142029 3.04485416412354
13 20 0.0528668127954006 -1.05213820934296 2.97263479232788
14 1 -0.0533526167273521 -0.128435492515564 3.14713478088379
14 2 -0.0514603517949581 -0.0771344155073166 3.20618915557861
14 3 -0.0428037606179714 0.252260595560074 3.23282670974731
14 4 -0.0391020700335503 0.443985283374786 3.22906136512756
14 5 -0.244101211428642 0.192444905638695 3.24892711639404
14 6 -0.502466917037964 0.231728777289391 3.22087574005127
14 7 -0.678600668907166 0.253886133432388 3.14796471595764
14 8 -0.771766662597656 0.25001522898674 3.12302327156067
14 9 0.148800611495972 0.137905284762383 3.2325131893158
14 10 0.172008156776428 -0.149865061044693 3.16341543197632
14 11 0.152060180902481 -0.344966173171997 3.04652142524719
14 12 0.148209303617477 -0.427785307168961 3.01029276847839
14 13 -0.143800914287567 -0.210180342197418 3.12187337875366
14 14 -0.127351611852646 -0.676425218582153 3.11042022705078
14 15 -0.122141413390636 -1.01816689968109 3.05451321601868
14 16 -0.162240773439407 -1.06698596477509 3.00883150100708
14 17 0.0325649790465832 -0.218797132372856 3.12650489807129
14 18 0.0375883057713509 -0.675245046615601 3.09113025665283
14 19 0.0133525589480996 -1.01147198677063 3.04489684104919
14 20 0.0553117245435715 -1.05251944065094 2.96925735473633
15 1 -0.0533235669136047 -0.128067210316658 3.14682722091675
15 2 -0.051133643835783 -0.0768184214830399 3.20577812194824
15 3 -0.0415922962129116 0.252566128969193 3.23241066932678
15 4 -0.0387937948107719 0.443710654973984 3.22819232940674
15 5 -0.243442758917809 0.193835452198982 3.24922728538513
15 6 -0.503317892551422 0.230882540345192 3.2192018032074
15 7 -0.736121833324432 0.263839364051819 3.13816452026367
15 8 -0.803247153759003 0.238369807600975 3.11586618423462
15 9 0.14964896440506 0.138994634151459 3.23192358016968
15 10 0.169850140810013 -0.155337929725647 3.16136860847473
15 11 0.150652050971985 -0.350195646286011 3.04314422607422
15 12 0.147156178951263 -0.41865748167038 3.01228213310242
15 13 -0.143955767154694 -0.209638401865959 3.12204933166504
15 14 -0.127296313643456 -0.676726698875427 3.110356092453
15 15 -0.120551869273186 -1.01809477806091 3.05462741851807
15 16 -0.165576785802841 -1.06772899627686 3.0031886100769
15 17 0.0324798338115215 -0.218586757779121 3.12604165077209
15 18 0.0372603163123131 -0.675214648246765 3.09102296829224
15 19 0.0144163956865668 -1.01169312000275 3.04398036003113
15 20 0.0562237799167633 -1.05380499362946 2.96490883827209
16 1 -0.053050447255373 -0.127696543931961 3.14639902114868
16 2 -0.050696924328804 -0.0766510367393494 3.20523571968079
16 3 -0.0405132994055748 0.251903712749481 3.23169136047363
16 4 -0.0365557223558426 0.444231390953064 3.22619891166687
16 5 -0.242566153407097 0.194552555680275 3.24910044670105
16 6 -0.461642563343048 0.231494396924973 3.23888254165649
16 7 -0.674933552742004 0.250622361898422 3.15242385864258
16 8 -0.769653081893921 0.251448899507523 3.1271550655365
16 9 0.149981737136841 0.138518080115318 3.23101186752319
16 10 0.178583219647408 -0.118615716695786 3.1679060459137
16 11 0.150047674775124 -0.348624467849731 3.04238104820251
16 12 0.151842713356018 -0.421730220317841 3.01069164276123
16 13 -0.143917307257652 -0.209340840578079 3.12207460403442
16 14 -0.126501157879829 -0.673702836036682 3.11096239089966
16 15 -0.121995761990547 -1.01421475410461 3.05623364448547
16 16 -0.153506338596344 -1.0628536939621 3.00983119010925
16 17 0.0324143953621387 -0.218307942152023 3.12509846687317
16 18 0.0381973385810852 -0.676910877227783 3.09182715415955
16 19 0.0176328532397747 -1.01257371902466 3.04316973686218
16 20 0.0554329566657543 -1.0554039478302 2.96785140037537
17 1 -0.0529588684439659 -0.127713158726692 3.14604187011719
17 2 -0.0502124540507793 -0.0765384212136269 3.20468735694885
17 3 -0.0398895516991615 0.251718550920486 3.23010396957397
17 4 -0.0372743345797062 0.445384114980698 3.22355508804321
17 5 -0.241666674613953 0.195119187235832 3.24884867668152
17 6 -0.497579365968704 0.230289369821548 3.21992444992065
17 7 -0.702550172805786 0.274481356143951 3.13170671463013
17 8 -0.799558758735657 0.2712422311306 3.10177040100098
17 9 0.150295242667198 0.136598363518715 3.22777247428894
17 10 0.171766683459282 -0.143805027008057 3.16130185127258
17 11 0.1514712870121 -0.346660107374191 3.04302167892456
17 12 0.154734089970589 -0.422317355871201 3.01210522651672
17 13 -0.143980383872986 -0.209263652563095 3.12210011482239
17 14 -0.126315951347351 -0.676783502101898 3.1113383769989
17 15 -0.121899865567684 -1.01539015769958 3.05461621284485
17 16 -0.161742717027664 -1.06291079521179 3.00299286842346
17 17 0.0325583331286907 -0.218333557248116 3.12480854988098
17 18 0.0389491990208626 -0.675806045532227 3.09096503257751
17 19 0.0141576295718551 -1.01134288311005 3.04373836517334
17 20 0.054776094853878 -1.05671882629395 2.97020721435547
18 1 -0.0529908277094364 -0.127920061349869 3.14563918113709
18 2 -0.0501559525728226 -0.0766418129205704 3.2042281627655
18 3 -0.0399498790502548 0.251793026924133 3.22943639755249
18 4 -0.0343325473368168 0.445388436317444 3.22251057624817
18 5 -0.239956334233284 0.19569405913353 3.24800658226013
18 6 -0.50316846370697 0.232175827026367 3.21797704696655
18 7 -0.709214150905609 0.27341827750206 3.13095879554749
18 8 -0.806335270404816 0.270569026470184 3.10216736793518
18 9 0.151713907718658 0.136802449822426 3.22650003433228
18 10 0.173833250999451 -0.146217510104179 3.16188812255859
18 11 0.149685129523277 -0.346401453018188 3.04377317428589
18 12 0.150855213403702 -0.415378123521805 3.01376271247864
18 13 -0.143959119915962 -0.209255769848824 3.1218318939209
18 14 -0.1256183385849 -0.679149270057678 3.11173176765442
18 15 -0.122318290174007 -1.0164942741394 3.05405259132385
18 16 -0.160204574465752 -1.0637274980545 3.01133346557617
18 17 0.0324666276574135 -0.218796908855438 3.12450742721558
18 18 0.0391625538468361 -0.676227927207947 3.09194397926331
18 19 0.0170239452272654 -1.01034557819366 3.04300594329834
18 20 0.0537888519465923 -1.05576622486115 2.9698383808136
19 1 -0.0529838688671589 -0.128942430019379 3.14520144462585
19 2 -0.0496864430606365 -0.0775292664766312 3.20381569862366
19 3 -0.0394631735980511 0.2513108253479 3.23014855384827
19 4 -0.0352583229541779 0.444772303104401 3.22311544418335
19 5 -0.239613831043243 0.195628121495247 3.24771809577942
19 6 -0.459861576557159 0.228759571909904 3.22251868247986
19 7 -0.671025097370148 0.260387629270554 3.14602613449097
19 8 -0.767857491970062 0.259005427360535 3.11622834205627
19 9 0.148486405611038 0.135164499282837 3.22274613380432
19 10 0.182237416505814 -0.102615177631378 3.17259764671326
19 11 0.15234637260437 -0.342904955148697 3.04474091529846
19 12 0.148908123373985 -0.416407644748688 3.01188516616821
19 13 -0.14373491704464 -0.209657907485962 3.12186288833618
19 14 -0.125772103667259 -0.678005874156952 3.11171650886536
19 15 -0.121303543448448 -1.0177595615387 3.05385327339172
19 16 -0.166792169213295 -1.06410336494446 3.00556778907776
19 17 0.0320247821509838 -0.219523921608925 3.12366819381714
19 18 0.0387681797146797 -0.677633762359619 3.09261560440063
19 19 0.0211380980908871 -1.01173138618469 3.04454588890076
19 20 0.0574465319514275 -1.05539274215698 2.96810936927795
20 1 -0.052795235067606 -0.128871604800224 3.14534878730774
20 2 -0.0494014397263527 -0.0775070264935493 3.20399856567383
20 3 -0.0386196821928024 0.251892238855362 3.23100161552429
20 4 -0.0344792865216732 0.445932239294052 3.22256064414978
20 5 -0.239781469106674 0.195476293563843 3.24734330177307
20 6 -0.497158050537109 0.228611022233963 3.21536874771118
20 7 -0.704712450504303 0.266282051801682 3.13156747817993
20 8 -0.801996409893036 0.265857815742493 3.10270547866821
20 9 0.149174079298973 0.137461453676224 3.22352004051209
20 10 0.17278353869915 -0.158494919538498 3.15817332267761
20 11 0.14943091571331 -0.353769302368164 3.04105496406555
20 12 0.144157439470291 -0.421992152929306 3.01033973693848
20 13 -0.143832191824913 -0.209792956709862 3.1221752166748
20 14 -0.125675216317177 -0.678446114063263 3.11206698417664
20 15 -0.122176721692085 -1.01846957206726 3.05297327041626
20 16 -0.166248112916946 -1.0648912191391 2.99911093711853
20 17 0.0321652740240097 -0.219429597258568 3.12379670143127
20 18 0.0379617214202881 -0.677884101867676 3.09307408332825
20 19 0.0177298150956631 -1.01550507545471 3.04374814033508
20 20 0.0538592785596848 -1.05590772628784 2.96984624862671
