1 1 -0.019324503839016 -0.0686426237225533 3.10458993911743
1 2 -0.0176515877246857 -0.0101713566109538 3.16721272468567
1 3 -0.0162067413330078 0.357223272323608 3.19485402107239
1 4 -0.018473245203495 0.552402317523956 3.20461130142212
1 5 -0.208740681409836 0.255659252405167 3.1975724697113
1 6 -0.437099605798721 0.300164759159088 3.15405368804932
1 7 -0.62771213054657 0.341535270214081 3.06277418136597
1 8 -0.717485249042511 0.3602474629879 3.0331506729126
1 9 0.140754029154778 0.23442941904068 3.18385434150696
1 10 0.191412776708603 -0.0099206306040287 3.1512553691864
1 11 0.212306186556816 -0.224410057067871 3.03216481208801
1 12 0.206064954400063 -0.304118782281876 2.97836446762085
1 13 -0.0981971323490143 -0.144291684031487 3.0840175151825
1 14 -0.142971307039261 -0.590700387954712 3.02768611907959
1 15 -0.152424976229668 -0.960052847862244 3.04238653182983
1 16 -0.15489861369133 -1.05598711967468 2.95170712471008
1 17 0.0584911704063416 -0.145668268203735 3.08752369880676
1 18 0.109493389725685 -0.582006692886353 2.9997296333313
1 19 0.097957044839859 -0.946832180023193 3.01087522506714
1 20 0.106033504009247 -1.042400598526 2.93843388557434
2 1 -0.0192323122173548 -0.0690265670418739 3.10461020469666
2 2 -0.0175447091460228 -0.010316388681531 3.16721987724304
2 3 -0.0167649257928133 0.356045871973038 3.19309091567993
2 4 -0.0177077893167734 0.552172124385834 3.20455861091614
2 5 -0.208415150642395 0.255953878164291 3.197918176651
2 6 -0.437820613384247 0.30024927854538 3.15437817573547
2 7 -0.628666460514069 0.338298231363297 3.06332635879517
2 8 -0.747703194618225 0.363311886787415 3.02114486694336
2 9 0.140799075365067 0.234454244375229 3.1847767829895
2 10 0.189131855964661 -0.0011591266375035 3.15249371528625
2 11 0.214028418064117 -0.222711428999901 3.03792214393616
2 12 0.207992255687714 -0.302194267511368 2.98350834846497
2 13 -0.0977493524551392 -0.14465594291687 3.08429336547852
2 14 -0.143255576491356 -0.58933812379837 3.02683782577515
2 15 -0.152803301811218 -0.954485654830933 3.04329085350037
2 16 -0.155345991253853 -1.05339324474335 2.95143461227417
2 17 0.0589647777378559 -0.146097600460052 3.08850312232971
2 18 0.10980698466301 -0.583612442016602 2.99942493438721
2 19 0.0986525639891624 -0.947243630886078 3.00947976112366
2 20 0.105683170258999 -1.04232966899872 2.93558168411255
3 1 -0.0183618310838938 -0.0690483674407005 3.1066472530365
3 2 -0.0167759954929352 -0.0103455986827612 3.16888499259949
3 3 -0.0152440723031759 0.355888307094574 3.19496273994446
3 4 -0.0168598908931017 0.553982138633728 3.20683288574219
3 5 -0.208483040332794 0.255844742059708 3.19950032234192
3 6 -0.439925849437714 0.299495398998261 3.15285849571228
3 7 -0.630941152572632 0.336956143379211 3.06131911277771
3 8 -0.721417963504791 0.356939792633057 3.03381562232971
3 9 0.140985503792763 0.233524665236473 3.18621373176575
3 10 0.190013468265533 -0.0150711024180055 3.15138125419617
3 11 0.212093710899353 -0.223969578742981 3.03910446166992
3 12 0.206073209643364 -0.305093348026276 2.98690724372864
3 13 -0.0973403677344322 -0.144884198904037 3.08572363853455
3 14 -0.143298640847206 -0.589117050170898 3.02715659141541
3 15 -0.152859389781952 -0.953759431838989 3.04421210289001
3 16 -0.155676245689392 -1.05442547798157 2.95984530448914
3 17 0.0597161613404751 -0.146159082651138 3.09101343154907
3 18 0.108813293278217 -0.582953453063965 2.99963879585266
3 19 0.0983055755496025 -0.947989761829376 3.01295685768127
3 20 0.107358209788799 -1.04480278491974 2.94001150131226
4 1 -0.0174474287778139 -0.0689087733626366 3.10997939109802
4 2 -0.0168958008289337 -0.0100494874641299 3.17254638671875
4 3 -0.0147955724969506 0.359981596469879 3.20282363891602
4 4 -0.0172957517206669 0.554167509078979 3.20825409889221
4 5 -0.207101762294769 0.255720674991608 3.19907236099243
4 6 -0.441215127706528 0.296279191970825 3.14473509788513
4 7 -0.627204418182373 0.334073513746262 3.04205536842346
4 8 -0.761588573455811 0.360948085784912 2.99659776687622
4 9 0.143427073955536 0.236127585172653 3.192955493927
4 10 0.191291362047195 -0.00723926536738873 3.1590301990509
4 11 0.208125725388527 -0.221171796321869 3.04714965820313
4 12 0.204241931438446 -0.297749549150467 3.00162482261658
4 13 -0.0959959775209427 -0.144521534442902 3.08789849281311
4 14 -0.142960205674171 -0.588048279285431 3.02690601348877
4 15 -0.152544289827347 -0.956000983715057 3.04352378845215
4 16 -0.152230381965637 -1.05441093444824 2.96113705635071
4 17 0.0614436790347099 -0.1458810120821 3.09657621383667
4 18 0.108771316707134 -0.581924259662628 3.00410628318787
4 19 0.0989379286766052 -0.949875175952911 3.01805949211121
4 20 0.106184482574463 -1.0489593744278 2.94466423988342
5 1 -0.0168420486152172 -0.0687141418457031 3.11153936386108
5 2 -0.016638271510601 -0.00980573147535324 3.17408442497253
5 3 -0.0149125093594193 0.35968080163002 3.20300340652466
5 4 -0.0156707223504782 0.554001688957214 3.21174669265747
5 5 -0.206833958625793 0.255349010229111 3.19938135147095
5 6 -0.437460601329803 0.296293675899506 3.14618015289307
5 7 -0.623687624931335 0.330564588308334 3.04357552528381
5 8 -0.749157190322876 0.355265885591507 2.99921226501465
5 9 0.143388360738754 0.236030638217926 3.19456911087036
5 10 0.191364511847496 -0.0394831635057926 3.16012763977051
5 11 0.207186713814735 -0.224457129836082 3.05000352859497
5 12 0.204586237668991 -0.308671027421951 3.00285959243774
5 13 -0.0956787765026093 -0.144677117466927 3.08927655220032
5 14 -0.142199158668518 -0.588030278682709 3.02811622619629
5 15 -0.152717873454094 -0.952995777130127 3.03979730606079
5 16 -0.151158735156059 -1.05320751667023 2.95848703384399
5 17 0.0616442821919918 -0.145913124084473 3.0971212387085
5 18 0.109037697315216 -0.582241475582123 3.00682687759399
5 19 0.0987253114581108 -0.953312397003174 3.01870679855347
5 20 0.106206394731998 -1.04872000217438 2.94578409194946
6 1 -0.0173032358288765 -0.0687337294220924 3.11172270774841
6 2 -0.017176553606987 -0.00984874553978443 3.17442417144775
6 3 -0.0156068624928594 0.359642565250397 3.20402836799622
6 4 -0.0155519833788276 0.552969038486481 3.21154499053955
6 5 -0.206000238656998 0.255350053310394 3.19972729682922
6 6 -0.436190158128738 0.294139385223389 3.14879989624023
6 7 -0.622038543224335 0.328200280666351 3.04662156105042
6 8 -0.734476149082184 0.346834361553192 2.99775195121765
6 9 0.142635390162468 0.235450923442841 3.19532704353333
6 10 0.191412881016731 0.00543615873903036 3.16165447235107
6 11 0.209361553192139 -0.219832167029381 3.05092811584473
6 12 0.205381035804749 -0.302762538194656 3.0024528503418
6 13 -0.0959099903702736 -0.144326135516167 3.08958053588867
6 14 -0.141631454229355 -0.587267816066742 3.02822828292847
6 15 -0.152298003435135 -0.956735968589783 3.04162907600403
6 16 -0.152020737528801 -1.05353343486786 2.95897245407104
6 17 0.0604891516268253 -0.145808920264244 3.09691023826599
6 18 0.109819822013378 -0.58229273557663 3.00796055793762
6 19 0.0985746532678604 -0.952585518360138 3.02026462554932
6 20 0.106679022312164 -1.04943406581879 2.94664263725281
7 1 -0.017544848844409 -0.0681731477379799 3.11218237876892
7 2 -0.0173175744712353 -0.00963057950139046 3.17494773864746
7 3 -0.0159221049398184 0.358708560466766 3.20546412467957
7 4 -0.0152713367715478 0.553084671497345 3.21260380744934
7 5 -0.205869615077972 0.255407243967056 3.20079731941223
7 6 -0.432917028665543 0.293687045574188 3.14909267425537
7 7 -0.620027184486389 0.324357926845551 3.05017471313477
7 8 -0.729591548442841 0.34306788444519 2.99846911430359
7 9 0.144072011113167 0.235960453748703 3.19582867622375
7 10 0.190455630421638 0.00193927041254938 3.16512131690979
7 11 0.209572464227676 -0.219523251056671 3.05031824111938
7 12 0.206824451684952 -0.303921967744827 3.00391244888306
7 13 -0.0962320044636726 -0.143844753503799 3.08972501754761
7 14 -0.141141459345818 -0.585704267024994 3.02809929847717
7 15 -0.152227103710175 -0.957760095596313 3.04160094261169
7 16 -0.152549922466278 -1.05419051647186 2.96177506446838
7 17 0.0604447424411774 -0.145459949970245 3.09695839881897
7 18 0.10975194722414 -0.581674218177795 3.00842332839966
7 19 0.0991729199886322 -0.953556299209595 3.0204451084137
7 20 0.107422217726707 -1.0503396987915 2.94834303855896
8 1 -0.0176560394465923 -0.0682423859834671 3.11250352859497
8 2 -0.0174493957310915 -0.00964968279004097 3.1752941608429
8 3 -0.0156797431409359 0.358517110347748 3.20502614974976
8 4 -0.0141209773719311 0.554848432540894 3.21396446228027
8 5 -0.20547416806221 0.254941761493683 3.20101737976074
8 6 -0.432763457298279 0.29341071844101 3.1501350402832
8 7 -0.618546426296234 0.323665410280228 3.04962348937988
8 8 -0.729047656059265 0.343027591705322 3.00089502334595
8 9 0.143858447670937 0.23625636100769 3.1968080997467
8 10 0.193758025765419 0.00525581557303667 3.16290330886841
8 11 0.209672868251801 -0.221231162548065 3.04999685287476
8 12 0.205927461385727 -0.304222345352173 3.00137543678284
8 13 -0.0962616801261902 -0.143914610147476 3.09037470817566
8 14 -0.141153007745743 -0.587447702884674 3.02921676635742
8 15 -0.152612298727036 -0.951995134353638 3.04606056213379
8 16 -0.152708783745766 -1.05475628376007 2.96243238449097
8 17 0.0602063871920109 -0.14536426961422 3.09723424911499
8 18 0.110516913235188 -0.583466649055481 3.00924396514893
8 19 0.097902812063694 -0.954813361167908 3.0201461315155
8 20 0.10748352855444 -1.05120813846588 2.9494206905365
9 1 -0.0173493791371584 -0.068349190056324 3.11296510696411
9 2 -0.0173360072076321 -0.00966810807585716 3.17568802833557
9 3 -0.0160176362842321 0.358826845884323 3.20522451400757
9 4 -0.0142989475280046 0.554877638816834 3.21443819999695
9 5 -0.205249309539795 0.254863739013672 3.20111918449402
9 6 -0.432706981897354 0.293938428163528 3.15013360977173
9 7 -0.616020202636719 0.321781247854233 3.04520630836487
9 8 -0.736424326896667 0.343023419380188 2.99030447006226
9 9 0.144632667303085 0.236846804618835 3.19772481918335
9 10 0.192817583680153 0.00572796352207661 3.16273021697998
9 11 0.20912504196167 -0.218758091330528 3.05161380767822
9 12 0.20389324426651 -0.301362752914429 3.00271248817444
9 13 -0.0958223715424538 -0.14396345615387 3.09103727340698
9 14 -0.141319051384926 -0.586783289909363 3.02882790565491
9 15 -0.150974661111832 -0.957437813282013 3.04260277748108
9 16 -0.153809532523155 -1.05683398246765 2.95506715774536
9 17 0.0606917850673199 -0.145623058080673 3.0975079536438
9 18 0.109363347291946 -0.581825017929077 3.00957846641541
9 19 0.0998069271445274 -0.952849864959717 3.01922225952148
9 20 0.10788606107235 -1.05028069019318 2.94696688652039
10 1 -0.0167781803756952 -0.0684981793165207 3.11342644691467
10 2 -0.0169042907655239 -0.0098107997328043 3.17611455917358
10 3 -0.0145385758951306 0.358203113079071 3.2052309513092
10 4 -0.0142889888957143 0.555343687534332 3.21447229385376
10 5 -0.205080196261406 0.254815489053726 3.20101141929626
10 6 -0.433305114507675 0.294133245944977 3.14970541000366
10 7 -0.616349577903748 0.321620136499405 3.04516649246216
10 8 -0.730480432510376 0.341983795166016 2.99100160598755
10 9 0.144790902733803 0.235464453697205 3.19854307174683
10 10 0.193100184202194 0.00503215426579118 3.16268420219421
10 11 0.209482640028 -0.225298330187798 3.05040955543518
10 12 0.207671731710434 -0.306014120578766 3.00316166877747
10 13 -0.095271572470665 -0.144135966897011 3.09129953384399
10 14 -0.141520246863365 -0.586369037628174 3.02878832817078
10 15 -0.151219308376312 -0.950998544692993 3.04265666007996
10 16 -0.151457697153091 -1.05337619781494 2.95584845542908
10 17 0.0613875389099121 -0.145777001976967 3.09833645820618
10 18 0.10926054418087 -0.581470668315887 3.00932192802429
10 19 0.0991213321685791 -0.951494693756104 3.01929497718811
10 20 0.106401279568672 -1.05017256736755 2.94697594642639
11 1 -0.0163788385689259 -0.0692438930273056 3.11374878883362
11 2 -0.0162948910146952 -0.0105884810909629 3.1764190196991
11 3 -0.0137884933501482 0.356753975152969 3.20531058311462
11 4 -0.0125507526099682 0.553919196128845 3.21335601806641
11 5 -0.204790964722633 0.254571706056595 3.20122694969177
11 6 -0.431612193584442 0.294276773929596 3.14824676513672
11 7 -0.613506197929382 0.325881391763687 3.04340791702271
11 8 -0.732725262641907 0.345324546098709 3.00673842430115
11 9 0.144239783287048 0.233185097575188 3.19707703590393
11 10 0.188222855329514 0.00979170016944408 3.1617157459259
11 11 0.207074478268623 -0.233220234513283 3.04902648925781
11 12 0.204538807272911 -0.311842381954193 3.00164294242859
11 13 -0.0949545502662659 -0.144796952605247 3.0918025970459
11 14 -0.141718283295631 -0.587461113929749 3.02845859527588
11 15 -0.151494055986404 -0.956775963306427 3.04227948188782
11 16 -0.150150030851364 -1.05696403980255 2.95453119277954
11 17 0.0616226084530354 -0.146604180335999 3.09833121299744
11 18 0.108505390584469 -0.584719836711884 3.01014232635498
11 19 0.0980447381734848 -0.953685820102692 3.01879858970642
11 20 0.105542376637459 -1.05186009407043 2.94804406166077
12 1 -0.0160147231072187 -0.0691961497068405 3.11385846138
12 2 -0.0156026845797896 -0.0101677412167192 3.1762866973877
12 3 -0.0131162796169519 0.356359839439392 3.20116305351257
12 4 -0.0123339323326945 0.552572190761566 3.21313881874084
12 5 -0.204605549573898 0.254849314689636 3.20163178443909
12 6 -0.43475016951561 0.294014483690262 3.14448237419128
12 7 -0.617350041866302 0.327900528907776 3.04267168045044
12 8 -0.734806001186371 0.349965691566467 2.98782896995544
12 9 0.144307196140289 0.23267138004303 3.1954333782196
12 10 0.189953610301018 0.00669148750603199 3.1635377407074
12 11 0.206771790981293 -0.221235603094101 3.05356550216675
12 12 0.205442920327187 -0.304229855537415 3.00542116165161
12 13 -0.0947160869836807 -0.144771814346313 3.0916953086853
12 14 -0.14197039604187 -0.587652504444122 3.02892971038818
12 15 -0.15188068151474 -0.95682829618454 3.04113531112671
12 16 -0.151770398020744 -1.0557861328125 2.95695519447327
12 17 0.0623152367770672 -0.146823152899742 3.09920477867126
12 18 0.108627118170261 -0.584866344928741 3.01005220413208
12 19 0.0977485030889511 -0.956533908843994 3.02247405052185
12 20 0.107863508164883 -1.05402147769928 2.95098733901978
13 1 -0.0154198249801993 -0.0697088241577148 3.11401057243347
13 2 -0.0152638917788863 -0.0106046441942453 3.17623376846313
13 3 -0.0133543536067009 0.355530291795731 3.20014572143555
13 4 -0.0103687001392245 0.552992343902588 3.21072626113892
13 5 -0.203971147537231 0.2545565366745 3.20151305198669
13 6 -0.432952284812927 0.293809950351715 3.14439916610718
13 7 -0.615524530410767 0.327813297510147 3.04315662384033
13 8 -0.731296539306641 0.346212148666382 2.99506807327271
13 9 0.146341308951378 0.231731101870537 3.19640898704529
13 10 0.189130038022995 0.00746224913746119 3.16567826271057
13 11 0.208953663706779 -0.219601780176163 3.05685615539551
13 12 0.205449149012566 -0.302873104810715 3.00940775871277
13 13 -0.0942329168319702 -0.145202219486237 3.09172868728638
13 14 -0.141831248998642 -0.587743580341339 3.02894830703735
13 15 -0.151400163769722 -0.958297848701477 3.04161739349365
13 16 -0.151044681668282 -1.05736649036407 2.9636664390564
13 17 0.0629803165793419 -0.147398695349693 3.09969878196716
13 18 0.108556866645813 -0.584112167358398 3.00957798957825
13 19 0.0982956066727638 -0.95466136932373 3.02006578445435
13 20 0.106971047818661 -1.05288088321686 2.94905495643616
14 1 -0.0148280467838049 -0.0700357556343079 3.11426186561584
14 2 -0.0147580867633224 -0.0112513499334455 3.17660903930664
14 3 -0.0128689594566822 0.355918347835541 3.20384192466736
14 4 -0.011677136644721 0.552323698997498 3.21126246452332
14 5 -0.203659787774086 0.25450998544693 3.201416015625
14 6 -0.43230339884758 0.294787466526031 3.14512586593628
14 7 -0.614852786064148 0.323416709899902 3.04220986366272
14 8 -0.731087625026703 0.342789441347122 2.98993492126465
14 9 0.145103216171265 0.231885865330696 3.19726800918579
14 10 0.194940224289894 0.00810916349291801 3.16270875930786
14 11 0.208431512117386 -0.22021472454071 3.05679130554199
14 12 0.20421127974987 -0.303589671850204 3.00962352752686
14 13 -0.093520924448967 -0.1453967243433 3.09169149398804
14 14 -0.141568094491959 -0.587887942790985 3.02851438522339
14 15 -0.151530906558037 -0.955876648426056 3.04156041145325
14 16 -0.150265619158745 -1.05393826961517 2.96184372901917
14 17 0.0634031295776367 -0.147528007626534 3.10019969940186
14 18 0.108928062021732 -0.583908677101135 3.00960826873779
14 19 0.098793238401413 -0.951975226402283 3.01897430419922
14 20 0.106888860464096 -1.05087840557098 2.94695973396301
15 1 -0.0146645251661539 -0.0698571428656578 3.11442613601685
15 2 -0.0144488792866468 -0.0111881364136934 3.17677021026611
15 3 -0.0125362062826753 0.355912148952484 3.2043514251709
15 4 -0.0113650280982256 0.551473081111908 3.2105016708374
15 5 -0.203710630536079 0.254386365413666 3.20123195648193
15 6 -0.433551073074341 0.294680655002594 3.1452374458313
15 7 -0.617399930953979 0.324100643396378 3.04405212402344
15 8 -0.730462193489075 0.343632578849792 2.99411034584045
15 9 0.145251750946045 0.231402635574341 3.19609642028809
15 10 0.194292172789574 -0.0077201509848237 3.15736079216003
15 11 0.207345977425575 -0.221306025981903 3.0526978969574
15 12 0.204706341028214 -0.305544316768646 3.00677824020386
15 13 -0.0935072675347328 -0.145177289843559 3.09174966812134
15 14 -0.14190511405468 -0.587329983711243 3.02865791320801
15 15 -0.152593120932579 -0.95087468624115 3.04759526252747
15 16 -0.15153406560421 -1.05280339717865 2.96073651313782
15 17 0.0635902211070061 -0.147659078240395 3.10023927688599
15 18 0.109074503183365 -0.584253370761871 3.00943326950073
15 19 0.0993331000208855 -0.948544859886169 3.02075481414795
15 20 0.106041938066483 -1.05138802528381 2.94925427436829
16 1 -0.0139459930360317 -0.0696868002414703 3.11484456062317
16 2 -0.0141492309048772 -0.010991059243679 3.17719435691834
16 3 -0.0139049990102649 0.35647976398468 3.20482444763184
16 4 -0.0120499897748232 0.551631569862366 3.21171450614929
16 5 -0.203936815261841 0.254457890987396 3.20136260986328
16 6 -0.432631999254227 0.294399440288544 3.14428186416626
16 7 -0.616950869560242 0.324008345603943 3.04438638687134
16 8 -0.730908930301666 0.342138528823853 2.99342799186707
16 9 0.144958972930908 0.231858998537064 3.19749045372009
16 10 0.191658735275269 0.00245640147477388 3.1643078327179
16 11 0.206409528851509 -0.227148935198784 3.05087327957153
16 12 0.203279480338097 -0.307971000671387 2.9991979598999
16 13 -0.092538520693779 -0.145260170102119 3.09180879592896
16 14 -0.142107531428337 -0.58765310049057 3.02848029136658
16 15 -0.152418434619904 -0.957404613494873 3.04422807693481
16 16 -0.151453346014023 -1.0546178817749 2.96153593063354
16 17 0.0646667927503586 -0.147449433803558 3.10114312171936
16 18 0.108326867222786 -0.582326292991638 3.00935053825378
16 19 0.100027501583099 -0.949271023273468 3.01962232589722
16 20 0.107339829206467 -1.05027949810028 2.94731402397156
17 1 -0.0144167458638549 -0.0695590972900391 3.11456942558289
17 2 -0.0144900465384126 -0.0107071157544851 3.17692279815674
17 3 -0.0145640037953854 0.357369184494019 3.20423460006714
17 4 -0.0143463853746653 0.551152348518372 3.20972037315369
17 5 -0.204389348626137 0.254376590251923 3.20176768302917
17 6 -0.431849122047424 0.2944256067276 3.14681267738342
17 7 -0.616336524486542 0.324239194393158 3.04693460464478
17 8 -0.730957984924316 0.342662036418915 2.99622583389282
17 9 0.144390255212784 0.232459560036659 3.19730305671692
17 10 0.190817147493362 -0.0416504889726639 3.15795826911926
17 11 0.206845909357071 -0.226222947239876 3.04937338829041
17 12 0.202838182449341 -0.308047711849213 2.99927115440369
17 13 -0.0931075662374496 -0.145111277699471 3.0917797088623
17 14 -0.142619907855988 -0.587859511375427 3.0283534526825
17 15 -0.152063190937042 -0.955643773078918 3.0426390171051
17 16 -0.153564319014549 -1.05415976047516 2.96088171005249
17 17 0.0639314576983452 -0.147234976291656 3.10013723373413
17 18 0.107362627983093 -0.582502067089081 3.0086669921875
17 19 0.0987464264035225 -0.950099289417267 3.02035427093506
17 20 0.106925785541534 -1.04971766471863 2.94629096984863
18 1 -0.0142244501039386 -0.0695717185735703 3.11471939086914
18 2 -0.0147031918168068 -0.0107324859127402 3.17717385292053
18 3 -0.0162147544324398 0.35837596654892 3.2060022354126
18 4 -0.0125812003389001 0.552557468414307 3.21047425270081
18 5 -0.204446211457253 0.254503756761551 3.20168399810791
18 6 -0.430671811103821 0.292475134134293 3.14691066741943
18 7 -0.615685105323792 0.32388111948967 3.04929494857788
18 8 -0.727274298667908 0.342645347118378 2.99767303466797
18 9 0.144731625914574 0.232757776975632 3.19826149940491
18 10 0.190483391284943 0.00811724551022053 3.16016554832459
18 11 0.203828930854797 -0.22899417579174 3.05037951469421
18 12 0.203433275222778 -0.308494925498962 2.99657011032104
18 13 -0.0925542041659355 -0.145206972956657 3.09181475639343
18 14 -0.142954081296921 -0.587186872959137 3.02763080596924
18 15 -0.151816517114639 -0.9558385014534 3.04298448562622
18 16 -0.153034538030624 -1.05428147315979 2.96198654174805
18 17 0.0643012747168541 -0.147075623273849 3.10021495819092
18 18 0.107116587460041 -0.583144843578339 3.00745511054993
18 19 0.0987375751137733 -0.951151847839355 3.0209641456604
18 20 0.105987995862961 -1.05036389827728 2.94654846191406
19 1 -0.0142250480130315 -0.0703989714384079 3.11442494392395
19 2 -0.014831343665719 -0.0112833026796579 3.17695188522339
19 3 -0.0147665105760098 0.357497602701187 3.20533657073975
19 4 -0.0108866449445486 0.552018523216248 3.21126770973206
19 5 -0.203781843185425 0.254247009754181 3.20071196556091
19 6 -0.431096702814102 0.293211847543716 3.14560961723328
19 7 -0.616315960884094 0.323580801486969 3.04857110977173
19 8 -0.727654099464417 0.341817885637283 2.9962329864502
19 9 0.144092217087746 0.2301065325737 3.19755482673645
19 10 0.187084525823593 -0.00314828404225409 3.16241598129272
19 11 0.205117091536522 -0.223766878247261 3.05236625671387
19 12 0.203658297657967 -0.305172562599182 3.00153923034668
19 13 -0.0926134884357452 -0.145571351051331 3.09095740318298
19 14 -0.14294558763504 -0.586975157260895 3.02735686302185
19 15 -0.151995450258255 -0.957150399684906 3.04502558708191
19 16 -0.151853501796722 -1.05514979362488 2.96518540382385
19 17 0.0643030181527138 -0.147782236337662 3.10029983520508
19 18 0.107256077229977 -0.585159003734589 3.00853109359741
19 19 0.0992547422647476 -0.944789052009583 3.02178883552551
19 20 0.106743544340134 -1.04936408996582 2.94773268699646
20 1 -0.0141249764710665 -0.0701936855912209 3.11434984207153
20 2 -0.014533769339323 -0.0112434979528189 3.17693448066711
20 3 -0.0139231514185667 0.357187509536743 3.20562481880188
20 4 -0.00957361608743668 0.553150415420532 3.21237707138062
20 5 -0.203603699803352 0.25470495223999 3.20044660568237
20 6 -0.432271629571915 0.293757438659668 3.1459743976593
20 7 -0.616918683052063 0.324225455522537 3.04795503616333
20 8 -0.733410239219666 0.344869762659073 2.99848461151123
20 9 0.144746854901314 0.22968664765358 3.19637298583984
20 10 0.190548717975616 -0.0156714543700218 3.1624231338501
20 11 0.203776121139526 -0.220357209444046 3.05259537696838
20 12 0.202821284532547 -0.303898304700851 3.00535202026367
20 13 -0.0927736461162567 -0.145257130265236 3.09002208709717
20 14 -0.143079772591591 -0.587035477161407 3.02751755714417
20 15 -0.151662424206734 -0.955650687217712 3.04296636581421
20 16 -0.152802467346191 -1.05365169048309 2.96401023864746
20 17 0.0644282698631287 -0.147810012102127 3.10074329376221
20 18 0.107310891151428 -0.584321081638336 3.0084342956543
20 19 0.0998323634266853 -0.94799542427063 3.02161359786987
20 20 0.106740191578865 -1.04888439178467 2.94681167602539
