1 1 -0.0215479712933302 -0.0681129917502403 3.11260604858398
1 2 -0.0215958654880524 -0.0096228402107954 3.17532730102539
1 3 -0.0184255205094814 0.358629941940308 3.20481252670288
1 4 -0.0187198277562857 0.55409163236618 3.20900511741638
1 5 -0.212436124682426 0.259414941072464 3.20227551460266
1 6 -0.436011910438538 0.308126181364059 3.1360490322113
1 7 -0.627584218978882 0.34952312707901 3.04060769081116
1 8 -0.647777199745178 0.353268086910248 3.05296659469604
1 9 0.138687878847122 0.235415086150169 3.20078730583191
1 10 0.186513930559158 -0.0114396465942264 3.18485283851624
1 11 0.208798214793205 -0.225769072771072 3.0755763053894
1 12 0.207374393939972 -0.306631952524185 3.02186250686646
1 13 -0.10045750439167 -0.143759846687317 3.08823871612549
1 14 -0.149009600281715 -0.5854412317276 3.0291748046875
1 15 -0.152716889977455 -0.955342233181 3.04243469238281
1 16 -0.157479122281075 -1.05863618850708 2.96506762504578
1 17 0.056206151843071 -0.145777300000191 3.09940981864929
1 18 0.103173322975636 -0.577364504337311 3.00483560562134
1 19 0.0994484424591064 -0.949532747268677 3.01839327812195
1 20 0.1063212454319 -1.04863703250885 2.94774580001831
2 1 -0.0195871479809284 -0.0677579641342163 3.11341381072998
2 2 -0.0207031182944775 -0.00918035861104727 3.17590641975403
2 3 -0.019076731055975 0.357913672924042 3.20354056358337
2 4 -0.0166281647980213 0.553850829601288 3.20817732810974
2 5 -0.211012035608292 0.259531825780869 3.20109844207764
2 6 -0.431683957576752 0.30839005112648 3.13644766807556
2 7 -0.621860384941101 0.352461934089661 3.0423800945282
2 8 -0.75458300113678 0.374950796365738 2.9754753112793
2 9 0.14083968102932 0.236263737082481 3.20250153541565
2 10 0.185139387845993 -0.0100770005956292 3.18472146987915
2 11 0.208579480648041 -0.221262469887733 3.08108973503113
2 12 0.203344434499741 -0.306693375110626 3.02920293807983
2 13 -0.0978482589125633 -0.143824622035027 3.08815574645996
2 14 -0.148117929697037 -0.585506796836853 3.02825522422791
2 15 -0.153002336621284 -0.955167829990387 3.04317831993103
2 16 -0.156819730997086 -1.05829250812531 2.95121026039124
2 17 0.0596040822565556 -0.145835265517235 3.10146403312683
2 18 0.102996721863747 -0.578300714492798 3.00506567955017
2 19 0.101279988884926 -0.952897429466248 3.02111458778381
2 20 0.106582306325436 -1.05124723911285 2.94888997077942
3 1 -0.0183995608240366 -0.066972091794014 3.11380553245544
3 2 -0.0200704466551542 -0.00836231932044029 3.17616677284241
3 3 -0.018485127016902 0.358252167701721 3.20317006111145
3 4 -0.0143362190574408 0.554701924324036 3.20714640617371
3 5 -0.210621535778046 0.259747445583344 3.20055103302002
3 6 -0.429996162652969 0.30837282538414 3.1370370388031
3 7 -0.618087768554688 0.346154063940048 3.03688907623291
3 8 -0.759054660797119 0.375940591096878 2.97937202453613
3 9 0.145140618085861 0.237596437335014 3.20576858520508
3 10 0.184780716896057 -0.0264168456196785 3.17863273620605
3 11 0.207733079791069 -0.223454236984253 3.0785014629364
3 12 0.20304748415947 -0.307023286819458 3.02921605110168
3 13 -0.0971916168928146 -0.143685966730118 3.08840203285217
3 14 -0.147982835769653 -0.58551949262619 3.02774381637573
3 15 -0.153367504477501 -0.949783504009247 3.04097723960876
3 16 -0.155519962310791 -1.05663156509399 2.96266770362854
3 17 0.0609413906931877 -0.145370930433273 3.10195875167847
3 18 0.103396758437157 -0.578650236129761 3.00502347946167
3 19 0.100044056773186 -0.950393736362457 3.01644015312195
3 20 0.105800859630108 -1.05063986778259 2.94740867614746
4 1 -0.0177677236497402 -0.0672525614500046 3.1136326789856
4 2 -0.0187494624406099 -0.00851754192262888 3.17599153518677
4 3 -0.0164021179080009 0.358618229627609 3.20328688621521
4 4 -0.0149112846702337 0.553943514823914 3.20580911636353
4 5 -0.210028886795044 0.260052025318146 3.19970345497131
4 6 -0.428192704916 0.30792623758316 3.13664960861206
4 7 -0.616902470588684 0.34465417265892 3.03739523887634
4 8 -0.75324672460556 0.373184680938721 2.97968816757202
4 9 0.144156366586685 0.237089022994041 3.20111608505249
4 10 0.18519052863121 -0.0307494476437569 3.1768844127655
4 11 0.207955479621887 -0.227842196822166 3.0770366191864
4 12 0.203674614429474 -0.309930115938187 3.02489256858826
4 13 -0.0967518463730812 -0.143909335136414 3.08803606033325
4 14 -0.148050174117088 -0.585964679718018 3.02813076972961
4 15 -0.151695042848587 -0.95530104637146 3.04174041748047
4 16 -0.155230179429054 -1.05486702919006 2.96345853805542
4 17 0.0614144876599312 -0.145546957850456 3.1014096736908
4 18 0.103887483477592 -0.58183765411377 3.00536513328552
4 19 0.0986562073230743 -0.953830599784851 3.02643203735352
4 20 0.106207706034184 -1.04993164539337 2.94902849197388
5 1 -0.0177878625690937 -0.0682501271367073 3.1123583316803
5 2 -0.0184373166412115 -0.00959895737469196 3.1749415397644
5 3 -0.0175572074949741 0.357569813728333 3.20297074317932
5 4 -0.0153314545750618 0.553789973258972 3.20455074310303
5 5 -0.209379628300667 0.260388284921646 3.1991925239563
5 6 -0.425930202007294 0.308610439300537 3.13427972793579
5 7 -0.618431985378265 0.342602252960205 3.0423538684845
5 8 -0.688178181648254 0.359031498432159 3.03470849990845
5 9 0.142096817493439 0.236786514520645 3.19805359840393
5 10 0.187303215265274 -0.0393551774322987 3.17300152778625
5 11 0.207941845059395 -0.229086756706238 3.07034373283386
5 12 0.203653216362 -0.312820762395859 3.02058863639832
5 13 -0.0966236293315887 -0.144328474998474 3.08739829063416
5 14 -0.148233205080032 -0.585563242435455 3.02803134918213
5 15 -0.151619717478752 -0.956457018852234 3.04132437705994
5 16 -0.156088903546333 -1.05676960945129 2.96059608459473
5 17 0.0612934529781342 -0.146197453141212 3.09968590736389
5 18 0.103539623320103 -0.581701338291168 3.00484681129456
5 19 0.0985424295067787 -0.947978377342224 3.02204155921936
5 20 0.105092778801918 -1.04897964000702 2.94680547714233
6 1 -0.0179493203759193 -0.0684542506933212 3.11164927482605
6 2 -0.0186368227005005 -0.0100170150399208 3.17441391944885
6 3 -0.0186483934521675 0.357549458742142 3.20499086380005
6 4 -0.0157783720642328 0.554866909980774 3.20598697662354
6 5 -0.20948913693428 0.260257244110107 3.19885778427124
6 6 -0.426896005868912 0.30895471572876 3.13538146018982
6 7 -0.618435621261597 0.341220438480377 3.04109239578247
6 8 -0.688159465789795 0.35425066947937 3.02831959724426
6 9 0.140575140714645 0.23627333343029 3.19728136062622
6 10 0.186900705099106 -0.0133978081867099 3.17877006530762
6 11 0.207335144281387 -0.226572915911675 3.07331418991089
6 12 0.2018041908741 -0.309029370546341 3.02156162261963
6 13 -0.0964578092098236 -0.144230619072914 3.0865650177002
6 14 -0.149028241634369 -0.585227131843567 3.02810502052307
6 15 -0.151562213897705 -0.955750524997711 3.04230380058289
6 16 -0.157005116343498 -1.05818009376526 2.96415543556213
6 17 0.0609814338386059 -0.146063223481178 3.09814071655273
6 18 0.104075282812119 -0.582954168319702 3.00396370887756
6 19 0.0979714170098305 -0.951363980770111 3.01690673828125
6 20 0.104841381311417 -1.04973590373993 2.94845938682556
7 1 -0.0190450232475996 -0.068372517824173 3.10976505279541
7 2 -0.0193432867527008 -0.00990972295403481 3.17249846458435
7 3 -0.0182503778487444 0.357290387153625 3.20155811309814
7 4 -0.0150826731696725 0.556040704250336 3.20686435699463
7 5 -0.209608569741249 0.260545819997787 3.19811248779297
7 6 -0.426880300045013 0.308312922716141 3.13671922683716
7 7 -0.61788022518158 0.342259466648102 3.04184913635254
7 8 -0.688107132911682 0.354781538248062 3.03139448165894
7 9 0.139419376850128 0.235083505511284 3.19453692436218
7 10 0.185842946171761 -0.0231989976018667 3.17317628860474
7 11 0.203544020652771 -0.22799476981163 3.0674090385437
7 12 0.20035620033741 -0.313794732093811 3.01806735992432
7 13 -0.0976961776614189 -0.143554419279099 3.0839524269104
7 14 -0.149880677461624 -0.585017919540405 3.02726888656616
7 15 -0.152492985129356 -0.955339372158051 3.04110097885132
7 16 -0.1557457447052 -1.05577862262726 2.96159148216248
7 17 0.0600952282547951 -0.145974278450012 3.09704661369324
7 18 0.103915251791477 -0.583503663539886 3.0042290687561
7 19 0.0981037318706512 -0.951965272426605 3.01917958259583
7 20 0.105971962213516 -1.05058026313782 2.94887042045593
8 1 -0.0187998674809933 -0.0682712197303772 3.10896372795105
8 2 -0.0190834179520607 -0.00960776209831238 3.17162609100342
8 3 -0.0164544396102428 0.358013480901718 3.19936084747314
8 4 -0.0150756519287825 0.554529964923859 3.2078914642334
8 5 -0.20919443666935 0.259943574666977 3.19739580154419
8 6 -0.425313055515289 0.308002263307571 3.13528847694397
8 7 -0.61448085308075 0.34142404794693 3.03680276870728
8 8 -0.63766211271286 0.343369603157043 3.04263424873352
8 9 0.140462905168533 0.235502198338509 3.19498825073242
8 10 0.183651551604271 -0.0144637804478407 3.17078113555908
8 11 0.204825878143311 -0.227408036589622 3.07146739959717
8 12 0.201479822397232 -0.311340034008026 3.0211238861084
8 13 -0.0976580083370209 -0.143940567970276 3.08338737487793
8 14 -0.151266008615494 -0.584648251533508 3.02695369720459
8 15 -0.152194753289223 -0.955685138702393 3.04096579551697
8 16 -0.154787629842758 -1.05509877204895 2.95896911621094
8 17 0.0595421604812145 -0.146153628826141 3.09622049331665
8 18 0.104374445974827 -0.582505345344543 3.00405311584473
8 19 0.0979160591959953 -0.948144435882568 3.01890683174133
8 20 0.105923980474472 -1.04847276210785 2.94817233085632
9 1 -0.0195015948265791 -0.069193035364151 3.10839509963989
9 2 -0.0194475520402193 -0.0106498524546623 3.17123484611511
9 3 -0.016158813610673 0.35728508234024 3.20100951194763
9 4 -0.0135292029008269 0.555463492870331 3.20713996887207
9 5 -0.209099501371384 0.260026574134827 3.1970386505127
9 6 -0.424888074398041 0.307697087526321 3.13521432876587
9 7 -0.617658853530884 0.339844971895218 3.04511666297913
9 8 -0.743559718132019 0.364115864038467 2.9689519405365
9 9 0.137943625450134 0.234272673726082 3.19297409057617
9 10 0.183927148580551 -0.0301971212029457 3.17105054855347
9 11 0.206454008817673 -0.225097194314003 3.07216238975525
9 12 0.201783582568169 -0.308348536491394 3.02080082893372
9 13 -0.0983122885227203 -0.144226551055908 3.08247923851013
9 14 -0.151168838143349 -0.584845781326294 3.02693176269531
9 15 -0.152398511767387 -0.955057978630066 3.04369854927063
9 16 -0.154402151703835 -1.05599117279053 2.96413373947144
9 17 0.05809485912323 -0.146810129284859 3.09559750556946
9 18 0.102855019271374 -0.581208765506744 3.00399351119995
9 19 0.0990704745054245 -0.949628889560699 3.0219714641571
9 20 0.105709746479988 -1.05022609233856 2.94817304611206
10 1 -0.0196272768080235 -0.0688289627432823 3.10823059082031
10 2 -0.0201736390590668 -0.0104523273184896 3.17114806175232
10 3 -0.0158812142908573 0.357765346765518 3.20236158370972
10 4 -0.0138644808903337 0.554413616657257 3.20557069778442
10 5 -0.209033340215683 0.260479152202606 3.19652700424194
10 6 -0.428656488656998 0.306579798460007 3.13652062416077
10 7 -0.618139863014221 0.34056681394577 3.038818359375
10 8 -0.686058104038239 0.350513428449631 3.01552486419678
10 9 0.140406623482704 0.235032886266708 3.1974024772644
10 10 0.186355620622635 -0.0350759364664555 3.16887593269348
10 11 0.209028020501137 -0.229569345712662 3.0676646232605
10 12 0.204061776399612 -0.313061445951462 3.01645588874817
10 13 -0.0984087064862251 -0.143810421228409 3.08186435699463
10 14 -0.151265114545822 -0.584922671318054 3.02612543106079
10 15 -0.152765065431595 -0.953283548355103 3.0402889251709
10 16 -0.155308291316032 -1.05496835708618 2.95855140686035
10 17 0.0580185651779175 -0.146802574396133 3.09566831588745
10 18 0.103747636079788 -0.581511378288269 3.00361204147339
10 19 0.0981457456946373 -0.95135486125946 3.02296280860901
10 20 0.10440532118082 -1.05078184604645 2.94948363304138
11 1 -0.0193315967917442 -0.069280281662941 3.10826015472412
11 2 -0.0198356378823519 -0.0104956468567252 3.17108035087585
11 3 -0.0171322282403708 0.357922285795212 3.19975662231445
11 4 -0.0135643603280187 0.555626690387726 3.20613098144531
11 5 -0.208716258406639 0.259871155023575 3.19625782966614
11 6 -0.426274120807648 0.306702315807343 3.13395857810974
11 7 -0.616990566253662 0.339840650558472 3.03941440582275
11 8 -0.687277495861053 0.353985995054245 3.02954983711243
11 9 0.139292195439339 0.234386816620827 3.19602251052856
11 10 0.184115499258041 -0.00743283098563552 3.17251038551331
11 11 0.207480236887932 -0.228579431772232 3.07102918624878
11 12 0.202581435441971 -0.311519145965576 3.01921916007996
11 13 -0.0979252830147743 -0.144369840621948 3.08210897445679
11 14 -0.15085257589817 -0.585313677787781 3.02612376213074
11 15 -0.152267351746559 -0.955486297607422 3.03813791275024
11 16 -0.159665405750275 -1.0608743429184 2.94756507873535
11 17 0.0585358701646328 -0.147103577852249 3.0961332321167
11 18 0.103726647794247 -0.580760478973389 3.00362062454224
11 19 0.0975559651851654 -0.952140092849731 3.0216691493988
11 20 0.104115158319473 -1.05046677589417 2.94898915290833
12 1 -0.0194309651851654 -0.0693807303905487 3.10840559005737
12 2 -0.0197526570409536 -0.0106906155124307 3.17121720314026
12 3 -0.0161477122455835 0.357244253158569 3.20055747032166
12 4 -0.0126233557239175 0.555060684680939 3.20613861083984
12 5 -0.20872375369072 0.25987896323204 3.19620060920715
12 6 -0.425403326749802 0.307683289051056 3.13283586502075
12 7 -0.61715179681778 0.338425129652023 3.03920340538025
12 8 -0.685672700405121 0.349933207035065 3.0189905166626
12 9 0.141025602817535 0.234471172094345 3.1956467628479
12 10 0.186610192060471 -0.0400034040212631 3.1689887046814
12 11 0.207999303936958 -0.231095418334007 3.07084512710571
12 12 0.20348384976387 -0.313745737075806 3.01856708526611
12 13 -0.0983400121331215 -0.144419834017754 3.08214044570923
12 14 -0.150489673018456 -0.585322499275208 3.02670979499817
12 15 -0.152360320091248 -0.954524993896484 3.041170835495
12 16 -0.156159847974777 -1.05836701393127 2.94936203956604
12 17 0.058277539908886 -0.147692680358887 3.09640908241272
12 18 0.104027017951012 -0.581708550453186 3.00419974327087
12 19 0.0985990688204765 -0.946762204170227 3.02260518074036
12 20 0.104688353836536 -1.04982244968414 2.94717574119568
13 1 -0.0182335339486599 -0.0690812468528748 3.10888862609863
13 2 -0.0193858556449413 -0.0106784049421549 3.17153882980347
13 3 -0.0156394708901644 0.356209546327591 3.20122623443604
13 4 -0.0132153481245041 0.552614867687225 3.20332145690918
13 5 -0.208309039473534 0.259858429431915 3.19599652290344
13 6 -0.425314575433731 0.307462275028229 3.1338484287262
13 7 -0.616975665092468 0.338902026414871 3.04088473320007
13 8 -0.687346994876862 0.352408587932587 3.03012275695801
13 9 0.143360197544098 0.236509561538696 3.19967913627625
13 10 0.185154110193253 -0.0293953232467175 3.17097091674805
13 11 0.207546517252922 -0.227441146969795 3.07101559638977
13 12 0.200573325157166 -0.310335725545883 3.01914644241333
13 13 -0.0972016826272011 -0.14453136920929 3.08259773254395
13 14 -0.150406897068024 -0.585468292236328 3.02711772918701
13 15 -0.152560904622078 -0.956417381763458 3.04232215881348
13 16 -0.155875504016876 -1.0553389787674 2.95885586738586
13 17 0.0601546056568623 -0.147470831871033 3.09707617759705
13 18 0.103882379829884 -0.581956088542938 3.00401854515076
13 19 0.0983453914523125 -0.950512409210205 3.01964521408081
13 20 0.106601394712925 -1.04834175109863 2.94664907455444
14 1 -0.0179412290453911 -0.0694685950875282 3.10872054100037
14 2 -0.0187681335955858 -0.0109615512192249 3.17131042480469
14 3 -0.0152146462351084 0.3553866147995 3.19997072219849
14 4 -0.0124502144753933 0.553148508071899 3.2036144733429
14 5 -0.208045989274979 0.260088324546814 3.19542169570923
14 6 -0.425408720970154 0.307015359401703 3.13291621208191
14 7 -0.616488754749298 0.337735563516617 3.03828907012939
14 8 -0.685731649398804 0.351617783308029 3.02237749099731
14 9 0.141758292913437 0.233759850263596 3.19619250297546
14 10 0.184541791677475 -0.0287193674594164 3.17149186134338
14 11 0.206110194325447 -0.226580649614334 3.07013201713562
14 12 0.204009100794792 -0.310332149267197 3.01940035820007
14 13 -0.0966802090406418 -0.144855141639709 3.08260750770569
14 14 -0.150672316551208 -0.585655689239502 3.02756333351135
14 15 -0.152838185429573 -0.955578744411469 3.04103851318359
14 16 -0.155071645975113 -1.05431234836578 2.95826458930969
14 17 0.0603519268333912 -0.14772692322731 3.09686064720154
14 18 0.103466778993607 -0.580820739269257 3.00323939323425
14 19 0.098869800567627 -0.950125575065613 3.01963686943054
14 20 0.106760874390602 -1.04949486255646 2.94747877120972
15 1 -0.0178740005940199 -0.0695390850305557 3.10818767547607
15 2 -0.0186888035386801 -0.0110607221722603 3.17081761360168
15 3 -0.0158148836344481 0.355648368597031 3.19967699050903
15 4 -0.0120358355343342 0.552835762500763 3.2040753364563
15 5 -0.207799702882767 0.25949165225029 3.1951014995575
15 6 -0.426435917615891 0.30517366528511 3.13383364677429
15 7 -0.616247713565826 0.337057828903198 3.03676009178162
15 8 -0.684368014335632 0.344215124845505 3.01324439048767
15 9 0.142372265458107 0.233176082372665 3.19564294815063
15 10 0.184693723917007 -0.0268746800720692 3.17014002799988
15 11 0.208074420690536 -0.230538845062256 3.06902456283569
15 12 0.203949391841888 -0.314302295446396 3.01836276054382
15 13 -0.0966541916131973 -0.144763186573982 3.08178424835205
15 14 -0.150869101285934 -0.585594058036804 3.02750301361084
15 15 -0.153855606913567 -0.950725138187408 3.04276394844055
15 16 -0.153027638792992 -1.0530788898468 2.95820927619934
15 17 0.0605313926935196 -0.148099988698959 3.09611463546753
15 18 0.103617683053017 -0.581618130207062 3.00298190116882
15 19 0.0981826111674309 -0.951302111148834 3.01849412918091
15 20 0.105688452720642 -1.04849517345428 2.94749903678894
16 1 -0.0179727394133806 -0.0694866999983788 3.10814523696899
16 2 -0.019046613946557 -0.0109116798266768 3.1707398891449
16 3 -0.0166082605719566 0.356203883886337 3.19942569732666
16 4 -0.011930669657886 0.553432643413544 3.2059440612793
16 5 -0.207745119929314 0.259503394365311 3.19532132148743
16 6 -0.428246676921844 0.301791906356812 3.13660955429077
16 7 -0.615240931510925 0.33777728676796 3.03505420684814
16 8 -0.627599000930786 0.336688309907913 3.0383768081665
16 9 0.142738401889801 0.233220860362053 3.19742274284363
16 10 0.187184914946556 -0.042592354118824 3.16538906097412
16 11 0.205531045794487 -0.232145339250565 3.06386303901672
16 12 0.203436449170113 -0.317141443490982 3.01508259773254
16 13 -0.0968404859304428 -0.144530564546585 3.08144545555115
16 14 -0.150666058063507 -0.585140585899353 3.0271520614624
16 15 -0.153125315904617 -0.952116310596466 3.04238986968994
16 16 -0.153502181172371 -1.05261063575745 2.95933413505554
16 17 0.0603783503174782 -0.148061528801918 3.09617948532104
16 18 0.103477984666824 -0.581649124622345 3.00279426574707
16 19 0.0970923751592636 -0.950168132781982 3.02003264427185
16 20 0.106563553214073 -1.048544049263 2.94916391372681
17 1 -0.0176830794662237 -0.0695182457566261 3.10838055610657
17 2 -0.0183236338198185 -0.0112185776233673 3.17121958732605
17 3 -0.0162860900163651 0.356718569993973 3.20234131813049
17 4 -0.0109234629198909 0.552398443222046 3.20768642425537
17 5 -0.207490354776382 0.259806305170059 3.1962730884552
17 6 -0.430665194988251 0.302078783512115 3.13496446609497
17 7 -0.617828369140625 0.33777517080307 3.03375744819641
17 8 -0.631535589694977 0.338291108608246 3.03554344177246
17 9 0.141000017523766 0.232690945267677 3.19559741020203
17 10 0.185226827859879 -0.0184550918638706 3.17123627662659
17 11 0.208164244890213 -0.232080042362213 3.06560802459717
17 12 0.201589614152908 -0.316018968820572 3.01484799385071
17 13 -0.0964064225554466 -0.144375875592232 3.08159613609314
17 14 -0.150250911712646 -0.58556991815567 3.02771711349487
17 15 -0.152590543031693 -0.954879939556122 3.04306149482727
17 16 -0.156518697738647 -1.05704820156097 2.9541187286377
17 17 0.0606155954301357 -0.147983998060226 3.09666109085083
17 18 0.104592122137547 -0.583208560943604 3.00293636322021
17 19 0.0975385680794716 -0.950332283973694 3.02143836021423
17 20 0.10592270642519 -1.05046021938324 2.9498028755188
18 1 -0.0173877589404583 -0.0688870772719383 3.10938763618469
18 2 -0.0194291826337576 -0.010941069573164 3.17255973815918
18 3 -0.0170372258871794 0.357833296060562 3.20699572563171
18 4 -0.00985542591661215 0.552353501319885 3.21130061149597
18 5 -0.206357434391975 0.258861094713211 3.19692659378052
18 6 -0.431215286254883 0.301283597946167 3.13577246665955
18 7 -0.619639754295349 0.336295187473297 3.037442445755
18 8 -0.643696784973145 0.344694882631302 3.03598070144653
18 9 0.144627302885056 0.232325509190559 3.20561242103577
18 10 0.185043856501579 -0.015201629139483 3.17388725280762
18 11 0.20202873647213 -0.222796276211739 3.07012891769409
18 12 0.203059941530228 -0.308213949203491 3.02056479454041
18 13 -0.0957970395684242 -0.143732756376266 3.08206605911255
18 14 -0.150444000959396 -0.585707128047943 3.02756690979004
18 15 -0.152675569057465 -0.953799605369568 3.04254722595215
18 16 -0.157052993774414 -1.05643224716187 2.95856475830078
18 17 0.0608580037951469 -0.147481963038445 3.09742426872253
18 18 0.104133121669292 -0.583568155765533 3.00305914878845
18 19 0.0978586971759796 -0.953101456165314 3.01963353157043
18 20 0.106624603271484 -1.05169546604156 2.95108032226563
19 1 -0.0167810339480639 -0.0696630254387856 3.11143255233765
19 2 -0.0187402982264757 -0.0118937222287059 3.17480516433716
19 3 -0.0160015318542719 0.356525719165802 3.20997881889343
19 4 -0.00814805831760168 0.553639769554138 3.21838283538818
19 5 -0.206004902720451 0.257875144481659 3.19879007339478
19 6 -0.432126104831696 0.301525563001633 3.13952255249023
19 7 -0.6184002161026 0.337010413408279 3.03724932670593
19 8 -0.637084603309631 0.336090683937073 3.03509020805359
19 9 0.143599271774292 0.230206072330475 3.20698571205139
19 10 0.189163401722908 -0.000320456805638969 3.17557168006897
19 11 0.203070417046547 -0.223051726818085 3.07252168655396
19 12 0.202376052737236 -0.308727651834488 3.02263402938843
19 13 -0.0953116938471794 -0.144314676523209 3.08395004272461
19 14 -0.149758860468864 -0.586360692977905 3.0286750793457
19 15 -0.152967527508736 -0.953114569187164 3.04381370544434
19 16 -0.153137192130089 -1.05799317359924 2.96703720092773
19 17 0.0613458454608917 -0.147863402962685 3.09945559501648
19 18 0.104148283600807 -0.58253812789917 3.00437116622925
19 19 0.0988892242312431 -0.949452877044678 3.02270984649658
19 20 0.105664923787117 -1.0492867231369 2.94810461997986
20 1 -0.0160492360591888 -0.0690801665186882 3.11443281173706
20 2 -0.0184909403324127 -0.011278715915978 3.17788553237915
20 3 -0.0172985177487135 0.358479738235474 3.21380829811096
20 4 -0.00846934225410223 0.553472638130188 3.21775960922241
20 5 -0.205565631389618 0.257593482732773 3.2005832195282
20 6 -0.431450247764587 0.301598757505417 3.14117050170898
20 7 -0.617811024188995 0.336516052484512 3.03891396522522
20 8 -0.683403134346008 0.356391698122025 3.01252198219299
20 9 0.143699079751968 0.231461271643639 3.21052765846252
20 10 0.185227900743484 -0.0254186037927866 3.18127012252808
20 11 0.204818397760391 -0.226042568683624 3.07817244529724
20 12 0.20465449988842 -0.309535354375839 3.02430033683777
20 13 -0.0942850634455681 -0.143851011991501 3.08651900291443
20 14 -0.148296773433685 -0.586765468120575 3.02942562103271
20 15 -0.152721241116524 -0.954166293144226 3.0422306060791
20 16 -0.152826577425003 -1.05676341056824 2.95571851730347
20 17 0.062207892537117 -0.147247225046158 3.10275363922119
20 18 0.103851646184921 -0.582113862037659 3.00542783737183
20 19 0.0995733439922333 -0.951137065887451 3.02052617073059
20 20 0.104454427957535 -1.05089890956879 2.94845199584961
