1 1 -0.0249191876500845 -0.0596143491566181 3.10155272483826
1 2 -0.0251402780413628 -0.0012621870264411 3.16533422470093
1 3 -0.0440523810684681 0.368139982223511 3.198814868927
1 4 -0.0282355025410652 0.557885468006134 3.21948790550232
1 5 -0.197223216295242 0.233275845646858 3.17875170707703
1 6 -0.279670238494873 -0.0128384921699762 3.15884733200073
1 7 -0.31657600402832 -0.2376928627491 3.04661250114441
1 8 -0.303011178970337 -0.319046765565872 3.01224207878113
1 9 0.144978120923042 0.275390446186066 3.16839194297791
1 10 0.331604778766632 0.409222155809402 3.08793306350708
1 11 0.345756769180298 0.69235223531723 3.08284878730774
1 12 0.353294342756271 0.762727200984955 3.10324907302856
1 13 -0.0988156497478485 -0.136767879128456 3.08141589164734
1 14 -0.150139793753624 -0.585634529590607 3.02503991127014
1 15 -0.153072118759155 -0.957911789417267 3.04451942443848
1 16 -0.152839228510857 -1.05389726161957 2.96295499801636
1 17 0.0546694956719875 -0.13321852684021 3.08186340332031
1 18 0.105625949800014 -0.568452060222626 2.99908995628357
1 19 0.0986631438136101 -0.945397675037384 3.01141738891602
1 20 0.107037305831909 -1.04343008995056 2.93854999542236
2 1 -0.0272084660828114 -0.0618953853845596 3.1016891002655
2 2 -0.026759184896946 -0.00298365484923124 3.1654040813446
2 3 -0.0437440201640129 0.367916822433472 3.19891500473022
2 4 -0.0302374474704266 0.557343184947968 3.21882605552673
2 5 -0.198015198111534 0.232427135109901 3.17906141281128
2 6 -0.260906159877777 -0.015836276113987 3.15598702430725
2 7 -0.290541082620621 -0.24338935315609 3.04035305976868
2 8 -0.285040706396103 -0.314797878265381 3.00636029243469
2 9 0.14460077881813 0.272462844848633 3.16770672798157
2 10 0.331729054450989 0.406484931707382 3.08799242973328
2 11 0.347053527832031 0.689683198928833 3.07963705062866
2 12 0.352634966373444 0.773033976554871 3.10432076454163
2 13 -0.101466402411461 -0.138769075274467 3.08261489868164
2 14 -0.151263698935509 -0.585268139839172 3.02575087547302
2 15 -0.153305381536484 -0.955461859703064 3.04478907585144
2 16 -0.15374681353569 -1.05362451076508 2.96289801597595
2 17 0.0523934587836266 -0.135567754507065 3.08185863494873
2 18 0.105538114905357 -0.569045960903168 2.99984741210938
2 19 0.0980800986289978 -0.946334481239319 3.01092505455017
2 20 0.108752891421318 -1.04521954059601 2.93743419647217
3 1 -0.0272179692983627 -0.0620283558964729 3.10252261161804
3 2 -0.0262700077146292 -0.00321766547858715 3.16628384590149
3 3 -0.0418323539197445 0.368062257766724 3.20067048072815
3 4 -0.0294176712632179 0.558124303817749 3.21889328956604
3 5 -0.199941128492355 0.23223602771759 3.18183970451355
3 6 -0.257124960422516 -0.0139341652393341 3.15740656852722
3 7 -0.278240174055099 -0.229477047920227 3.03573632240295
3 8 -0.273573994636536 -0.312945008277893 2.98531937599182
3 9 0.14537350833416 0.271559327840805 3.16797661781311
3 10 0.333092212677002 0.404952943325043 3.08913111686707
3 11 0.345964938402176 0.688100576400757 3.07864761352539
3 12 0.34157395362854 0.758777737617493 3.09250831604004
3 13 -0.102160982787609 -0.139408573508263 3.08387041091919
3 14 -0.151937335729599 -0.586325228214264 3.02716207504272
3 15 -0.15325228869915 -0.958073914051056 3.0451180934906
3 16 -0.15450493991375 -1.05306351184845 2.96333932876587
3 17 0.0526992678642273 -0.135676935315132 3.08224654197693
3 18 0.10565047711134 -0.569464981555939 3.00049710273743
3 19 0.0985913798213005 -0.944326937198639 3.01379370689392
3 20 0.108247607946396 -1.04469692707062 2.93997859954834
4 1 -0.0269822757691145 -0.062175340950489 3.10365700721741
4 2 -0.0254891626536846 -0.00398518890142441 3.16850423812866
4 3 -0.0394126661121845 0.368424594402313 3.20524716377258
4 4 -0.0293520819395781 0.557440876960754 3.22069764137268
4 5 -0.200182735919952 0.231264352798462 3.18167352676392
4 6 -0.257267087697983 -0.0161493122577667 3.15714478492737
4 7 -0.289506584405899 -0.238725498318672 3.03500247001648
4 8 -0.285280913114548 -0.319265484809875 2.99878692626953
4 9 0.144947484135628 0.270586967468262 3.17042207717896
4 10 0.331884056329727 0.404018521308899 3.09879040718079
4 11 0.347820490598679 0.686732530593872 3.07755398750305
4 12 0.360183715820313 0.773577690124512 3.10724353790283
4 13 -0.10185794532299 -0.139869689941406 3.08485674858093
4 14 -0.151127249002457 -0.586353123188019 3.02656245231628
4 15 -0.152924984693527 -0.960131466388702 3.04377555847168
4 16 -0.155997738242149 -1.05621099472046 2.9638044834137
4 17 0.0539407543838024 -0.136303409934044 3.08500576019287
4 18 0.105410307645798 -0.571880280971527 3.00218176841736
4 19 0.0988828167319298 -0.946689546108246 3.0136706829071
4 20 0.10824429243803 -1.04743385314941 2.93850708007813
5 1 -0.0250610299408436 -0.0622714087367058 3.10632371902466
5 2 -0.02492780610919 -0.00399716570973396 3.17050552368164
5 3 -0.0376585312187672 0.367771983146667 3.20758891105652
5 4 -0.0300048105418682 0.558076024055481 3.22114610671997
5 5 -0.20013265311718 0.230112552642822 3.18024659156799
5 6 -0.25635239481926 -0.0220510475337505 3.15256714820862
5 7 -0.290941745042801 -0.238316655158997 3.03850603103638
5 8 -0.28960907459259 -0.316876202821732 3.00637745857239
5 9 0.145010352134705 0.272833853960037 3.17539381980896
5 10 0.333991259336472 0.405728042125702 3.10396480560303
5 11 0.347868293523788 0.688666582107544 3.08630776405334
5 12 0.353704690933228 0.757425427436829 3.10599136352539
5 13 -0.100863210856915 -0.139742270112038 3.08536958694458
5 14 -0.150037184357643 -0.586328625679016 3.02640199661255
5 15 -0.15329584479332 -0.954376637935638 3.04203629493713
5 16 -0.154145136475563 -1.05563271045685 2.95852422714233
5 17 0.0553470551967621 -0.136105298995972 3.08803653717041
5 18 0.106790520250797 -0.574716150760651 3.00442004203796
5 19 0.0984763726592064 -0.950161874294281 3.02143716812134
5 20 0.107383012771606 -1.04908037185669 2.94833636283875
6 1 -0.0247785709798336 -0.0621303506195545 3.10697245597839
6 2 -0.0248364116996527 -0.00359850097447634 3.17104125022888
6 3 -0.0382012948393822 0.367748618125916 3.20576810836792
6 4 -0.030445983633399 0.559265911579132 3.22436904907227
6 5 -0.200318232178688 0.23016782104969 3.18033885955811
6 6 -0.256853222846985 -0.0146270571276546 3.15013098716736
6 7 -0.28705358505249 -0.243097081780434 3.0273265838623
6 8 -0.281499594449997 -0.321141570806503 2.99246454238892
6 9 0.145262733101845 0.273096531629562 3.17627596855164
6 10 0.335055083036423 0.406339704990387 3.10173988342285
6 11 0.348560512065887 0.688994705677032 3.07787370681763
6 12 0.356354594230652 0.766436755657196 3.09906315803528
6 13 -0.100614450871944 -0.139822870492935 3.08592224121094
6 14 -0.148550048470497 -0.586382865905762 3.02710056304932
6 15 -0.153416991233826 -0.953172445297241 3.04095411300659
6 16 -0.155405789613724 -1.05272078514099 2.9593677520752
6 17 0.0557948425412178 -0.136145457625389 3.0888090133667
6 18 0.106368437409401 -0.572838664054871 3.00531673431396
6 19 0.099825844168663 -0.947849035263062 3.02216506004334
6 20 0.105400457978249 -1.04886949062347 2.94669604301453
7 1 -0.0254556350409985 -0.062438078224659 3.10699677467346
7 2 -0.025561660528183 -0.00392678380012512 3.17100787162781
7 3 -0.0393399484455585 0.366436719894409 3.20490312576294
7 4 -0.0321534983813763 0.560285568237305 3.22582006454468
7 5 -0.200184687972069 0.229880407452583 3.18020296096802
7 6 -0.256612688302994 -0.0139033272862434 3.14893531799316
7 7 -0.284044921398163 -0.24799582362175 3.028559923172
7 8 -0.279108554124832 -0.324740767478943 2.9929575920105
7 9 0.145524471998215 0.272599786520004 3.17639923095703
7 10 0.335444658994675 0.40395125746727 3.09931993484497
7 11 0.34891551733017 0.686331570148468 3.07627463340759
7 12 0.360467940568924 0.769226610660553 3.10329031944275
7 13 -0.101241141557693 -0.140094339847565 3.08608150482178
7 14 -0.149611756205559 -0.585655272006989 3.02688264846802
7 15 -0.153086185455322 -0.956898808479309 3.04031372070313
7 16 -0.161906272172928 -1.06252872943878 2.94368553161621
7 17 0.0549257807433605 -0.136630207300186 3.08846402168274
7 18 0.105945833027363 -0.571967840194702 3.00554275512695
7 19 0.0987634882330894 -0.953807592391968 3.02112054824829
7 20 0.103702589869499 -1.04996120929718 2.95217657089233
8 1 -0.0256500337272882 -0.0623412169516087 3.1068172454834
8 2 -0.025965379551053 -0.00395165383815765 3.17080402374268
8 3 -0.0391170233488083 0.366595685482025 3.2047872543335
8 4 -0.0319346711039543 0.558233082294464 3.22347283363342
8 5 -0.200023159384727 0.229617074131966 3.17954015731812
8 6 -0.255541145801544 -0.0113049941137433 3.15050864219666
8 7 -0.278970897197723 -0.243322923779488 3.02809047698975
8 8 -0.275298058986664 -0.325303733348846 2.98910808563232
8 9 0.145969659090042 0.272278159856796 3.17714095115662
8 10 0.334941118955612 0.399192094802856 3.09790754318237
8 11 0.348659366369247 0.681110382080078 3.07598066329956
8 12 0.358169198036194 0.762634038925171 3.09897565841675
8 13 -0.10142320394516 -0.139952763915062 3.08589100837708
8 14 -0.150195896625519 -0.585063099861145 3.02651119232178
8 15 -0.153025045990944 -0.95372486114502 3.04080867767334
8 16 -0.154923215508461 -1.05366361141205 2.95479226112366
8 17 0.0547083131968975 -0.136649668216705 3.08812594413757
8 18 0.106991298496723 -0.575212776660919 3.0057578086853
8 19 0.09705650806427 -0.952571570873261 3.02309536933899
8 20 0.106495313346386 -1.04608654975891 2.9473090171814
9 1 -0.0255615040659904 -0.0622998476028442 3.10674858093262
9 2 -0.0262153893709183 -0.00403247587382793 3.1707661151886
9 3 -0.0391517728567123 0.366194933652878 3.20511960983276
9 4 -0.031186431646347 0.557735204696655 3.22151899337769
9 5 -0.200149089097977 0.228345349431038 3.17848610877991
9 6 -0.256661742925644 -0.016700305044651 3.14719176292419
9 7 -0.283977210521698 -0.246916458010674 3.02813076972961
9 8 -0.276217579841614 -0.32523512840271 2.99046969413757
9 9 0.146394461393356 0.270908743143082 3.17809009552002
9 10 0.335716992616653 0.398163408041 3.09834384918213
9 11 0.34703728556633 0.679822862148285 3.07128190994263
9 12 0.362306594848633 0.755724251270294 3.08248138427734
9 13 -0.101454734802246 -0.140012249350548 3.08556485176086
9 14 -0.150169238448143 -0.584259986877441 3.02559280395508
9 15 -0.152959808707237 -0.952864050865173 3.04032564163208
9 16 -0.158407241106033 -1.05993437767029 2.97039556503296
9 17 0.0550118274986744 -0.136516332626343 3.08802819252014
9 18 0.107395097613335 -0.576213777065277 3.00533819198608
9 19 0.097746416926384 -0.950047492980957 3.02292013168335
9 20 0.106374382972717 -1.04693591594696 2.94831204414368
10 1 -0.0258211269974709 -0.0625999718904495 3.10622429847717
10 2 -0.0264966003596783 -0.00420127715915442 3.1700747013092
10 3 -0.0401185490190983 0.365378141403198 3.20284676551819
10 4 -0.0320943035185337 0.557073652744293 3.21971797943115
10 5 -0.200577855110168 0.228177055716515 3.17845225334167
10 6 -0.256501853466034 -0.0144596323370934 3.14734292030334
10 7 -0.280828952789307 -0.247286915779114 3.02466320991516
10 8 -0.274652540683746 -0.324918806552887 2.98843717575073
10 9 0.145443439483643 0.270139753818512 3.17740297317505
10 10 0.33514204621315 0.396524906158447 3.09512400627136
10 11 0.343437850475311 0.677958250045776 3.06731581687927
10 12 0.367648124694824 0.757834613323212 3.08815169334412
10 13 -0.101578056812286 -0.140341967344284 3.08527636528015
10 14 -0.149900004267693 -0.585028290748596 3.02542591094971
10 15 -0.153388410806656 -0.951183915138245 3.04222106933594
10 16 -0.15609584748745 -1.05402600765228 2.96302008628845
10 17 0.0547497309744358 -0.136673524975777 3.08763599395752
10 18 0.106842443346977 -0.574592351913452 3.00481009483337
10 19 0.0971644297242165 -0.949204981327057 3.02107715606689
10 20 0.107247039675713 -1.04734063148499 2.94787073135376
11 1 -0.0262297000735998 -0.0629159137606621 3.10589718818665
11 2 -0.0266654379665852 -0.00459727458655834 3.16980361938477
11 3 -0.0399417914450169 0.365114539861679 3.20354390144348
11 4 -0.0305722746998072 0.557581305503845 3.2210385799408
11 5 -0.200865551829338 0.228366389870644 3.17836093902588
11 6 -0.255000948905945 -0.00891616102308035 3.1434051990509
11 7 -0.277492791414261 -0.245334208011627 3.02168822288513
11 8 -0.273454636335373 -0.324527472257614 2.98474764823914
11 9 0.144947484135628 0.269134521484375 3.17611455917358
11 10 0.334917157888412 0.395138114690781 3.0949375629425
11 11 0.3406762778759 0.675713896751404 3.05867671966553
11 12 0.364800989627838 0.754143118858337 3.07777404785156
11 13 -0.102101661264896 -0.140615686774254 3.08493494987488
11 14 -0.150389194488525 -0.586021542549133 3.02606415748596
11 15 -0.15372471511364 -0.954347670078278 3.03988432884216
11 16 -0.15637081861496 -1.0578271150589 2.95503044128418
11 17 0.0541446879506111 -0.136859431862831 3.08704018592834
11 18 0.107153587043285 -0.575106859207153 3.00543761253357
11 19 0.0988272130489349 -0.949534952640533 3.02043628692627
11 20 0.106695368885994 -1.04973876476288 2.95272755622864
12 1 -0.0268451608717442 -0.0630148351192474 3.10528135299683
12 2 -0.0271326638758183 -0.00479888077825308 3.16916251182556
12 3 -0.0397711023688316 0.364937037229538 3.20338606834412
12 4 -0.0310699548572302 0.557037174701691 3.21996593475342
12 5 -0.200962290167809 0.228815197944641 3.17769742012024
12 6 -0.252839207649231 -0.0096967164427042 3.14405584335327
12 7 -0.276123404502869 -0.243271812796593 3.02090835571289
12 8 -0.271989285945892 -0.3229139149189 2.98255276679993
12 9 0.144822657108307 0.270289957523346 3.17538237571716
12 10 0.336182951927185 0.394037276506424 3.09021353721619
12 11 0.338326215744019 0.674302279949188 3.05439424514771
12 12 0.352419435977936 0.751880049705505 3.07136869430542
12 13 -0.102626651525497 -0.140544593334198 3.08447265625
12 14 -0.150931179523468 -0.585964500904083 3.02534008026123
12 15 -0.153259083628654 -0.955822348594666 3.03975749015808
12 16 -0.155564337968826 -1.05690908432007 2.96454524993896
12 17 0.05334297940135 -0.137016132473946 3.08625817298889
12 18 0.106387279927731 -0.573764503002167 3.00552892684937
12 19 0.0978045612573624 -0.949124813079834 3.02302837371826
12 20 0.105192631483078 -1.04850006103516 2.95025014877319
13 1 -0.0267605446279049 -0.0626104399561882 3.10455131530762
13 2 -0.0269647967070341 -0.00426692795008421 3.16848564147949
13 3 -0.0390114933252335 0.366770207881927 3.20279955863953
13 4 -0.0326844044029713 0.557213068008423 3.22103786468506
13 5 -0.200769856572151 0.229863420128822 3.17749357223511
13 6 -0.25301730632782 -0.00750811630859971 3.14219522476196
13 7 -0.276289224624634 -0.241783663630486 3.01930904388428
13 8 -0.271288692951202 -0.323378950357437 2.98091101646423
13 9 0.144611060619354 0.270733386278152 3.17517852783203
13 10 0.336195111274719 0.394678980112076 3.08875799179077
13 11 0.336337357759476 0.674274265766144 3.05466032028198
13 12 0.344873905181885 0.744105458259583 3.0658962726593
13 13 -0.102579556405544 -0.140174672007561 3.08365654945374
13 14 -0.150554165244102 -0.584541320800781 3.02408337593079
13 15 -0.154298156499863 -0.954312562942505 3.04173278808594
13 16 -0.155636638402939 -1.05040812492371 2.95544004440308
13 17 0.0532616600394249 -0.136563122272491 3.08546471595764
13 18 0.107059113681316 -0.575158298015594 3.00504350662231
13 19 0.098749004304409 -0.947714030742645 3.02041697502136
13 20 0.106171533465385 -1.04825162887573 2.948655128479
14 1 -0.0268254764378071 -0.0622301697731018 3.10377192497253
14 2 -0.027071850374341 -0.00411040149629116 3.16784763336182
14 3 -0.0404208116233349 0.36615377664566 3.20301604270935
14 4 -0.0317583866417408 0.561989486217499 3.22202157974243
14 5 -0.201260209083557 0.22939795255661 3.17647576332092
14 6 -0.253396660089493 -0.0125482752919197 3.14186787605286
14 7 -0.275767773389816 -0.238187849521637 3.01828050613403
14 8 -0.271488219499588 -0.324076801538467 2.97871017456055
14 9 0.145241111516953 0.271316111087799 3.17423558235168
14 10 0.334519654512405 0.393210381269455 3.08747100830078
14 11 0.335331618785858 0.67311418056488 3.05369853973389
14 12 0.36880350112915 0.732827365398407 3.07300543785095
14 13 -0.102586887776852 -0.139823317527771 3.08239006996155
14 14 -0.150644779205322 -0.58493834733963 3.02395558357239
14 15 -0.153689503669739 -0.955714523792267 3.04165077209473
14 16 -0.155299454927444 -1.05328249931335 2.96061182022095
14 17 0.0534075610339642 -0.136408790946007 3.08445453643799
14 18 0.10679829120636 -0.574488759040833 3.00376510620117
14 19 0.0978707298636436 -0.951623380184174 3.02067494392395
14 20 0.106095798313618 -1.04925310611725 2.94875526428223
15 1 -0.0272614285349846 -0.0624663010239601 3.10323882102966
15 2 -0.0275434348732233 -0.00403692945837975 3.16716527938843
15 3 -0.0412836335599422 0.366380631923676 3.20017170906067
15 4 -0.0351965576410294 0.561419367790222 3.2193615436554
15 5 -0.202023923397064 0.229754164814949 3.17682790756226
15 6 -0.253595381975174 -0.0147768445312977 3.14498496055603
15 7 -0.276053607463837 -0.240952521562576 3.01892638206482
15 8 -0.271396696567535 -0.323496997356415 2.97980570793152
15 9 0.144543200731277 0.270210236310959 3.17360258102417
15 10 0.334645986557007 0.393273919820786 3.0858051776886
15 11 0.335051596164703 0.673054695129395 3.05256414413452
15 12 0.33512282371521 0.74254298210144 3.06585144996643
15 13 -0.102881282567978 -0.140122309327126 3.08228921890259
15 14 -0.15020689368248 -0.587425947189331 3.02419137954712
15 15 -0.153382450342178 -0.957815110683441 3.03825759887695
15 16 -0.156056776642799 -1.05770659446716 2.95000219345093
15 17 0.0529429838061333 -0.136664286255836 3.08378386497498
15 18 0.107113443315029 -0.578211843967438 3.00448942184448
15 19 0.101134210824966 -0.948079466819763 3.02743196487427
15 20 0.107741370797157 -1.04742956161499 2.94857883453369
16 1 -0.0273820478469133 -0.0624105930328369 3.10261654853821
16 2 -0.0275418441742659 -0.00402682833373547 3.16642808914185
16 3 -0.0401902981102467 0.365492284297943 3.19905495643616
16 4 -0.0367764346301556 0.559279978275299 3.21676325798035
16 5 -0.201457127928734 0.229135826230049 3.17597413063049
16 6 -0.252982139587402 -0.0108326459303498 3.14605712890625
16 7 -0.275582611560822 -0.244823455810547 3.01957297325134
16 8 -0.271854400634766 -0.323947012424469 2.98069977760315
16 9 0.145340964198112 0.270521879196167 3.17270421981812
16 10 0.333607226610184 0.393167942762375 3.08067846298218
16 11 0.333857417106628 0.672926723957062 3.05023598670959
16 12 0.324786990880966 0.741944193840027 3.05892491340637
16 13 -0.103004939854145 -0.140108108520508 3.08194541931152
16 14 -0.150564193725586 -0.586470603942871 3.02400302886963
16 15 -0.153676122426987 -0.954453766345978 3.0402774810791
16 16 -0.154276221990585 -1.05401265621185 2.95619678497314
16 17 0.0528669767081738 -0.136611595749855 3.08308076858521
16 18 0.107338555157185 -0.577966332435608 3.00311350822449
16 19 0.0992483198642731 -0.953123569488525 3.02287220954895
16 20 0.107827953994274 -1.04617249965668 2.94740724563599
17 1 -0.0277293846011162 -0.0628766790032387 3.10235476493835
17 2 -0.0279135946184397 -0.00464882142841816 3.1661548614502
17 3 -0.0431414246559143 0.364362001419067 3.19961500167847
17 4 -0.0378480367362499 0.558076083660126 3.21600985527039
17 5 -0.201750293374062 0.228801876306534 3.1762261390686
17 6 -0.252816408872604 -0.00928014144301414 3.14606618881226
17 7 -0.276604861021042 -0.243156164884567 3.02253603935242
17 8 -0.272159785032272 -0.323492497205734 2.98217535018921
17 9 0.144700914621353 0.269792914390564 3.17187428474426
17 10 0.33409458398819 0.392545074224472 3.08047914505005
17 11 0.333804756402969 0.671947121620178 3.04758787155151
17 12 0.353413879871368 0.752008974552155 3.06571698188782
17 13 -0.103181011974812 -0.140567108988762 3.08183717727661
17 14 -0.151050791144371 -0.587223172187805 3.02465081214905
17 15 -0.153337121009827 -0.955584704875946 3.03631854057312
17 16 -0.157718509435654 -1.0552145242691 2.94012212753296
17 17 0.0527062825858593 -0.136889010667801 3.08266639709473
17 18 0.108081363141537 -0.579675078392029 3.00383806228638
17 19 0.0977176874876022 -0.952870547771454 3.02198815345764
17 20 0.107006192207336 -1.04903650283813 2.94550609588623
18 1 -0.0281036905944347 -0.0633086785674095 3.10234618186951
18 2 -0.0281692147254944 -0.00492735113948584 3.16611313819885
18 3 -0.0421149432659149 0.364445865154266 3.19907927513123
18 4 -0.038583867251873 0.557917296886444 3.21552562713623
18 5 -0.201712891459465 0.228497996926308 3.17617678642273
18 6 -0.253019630908966 -0.00791166722774506 3.14397621154785
18 7 -0.276094377040863 -0.244607463479042 3.02416801452637
18 8 -0.271975576877594 -0.323819220066071 2.9842357635498
18 9 0.143961369991302 0.269047975540161 3.17136311531067
18 10 0.33269527554512 0.392495036125183 3.08007550239563
18 11 0.331888407468796 0.671231329441071 3.04185056686401
18 12 0.361034452915192 0.749904632568359 3.06458902359009
18 13 -0.10361422598362 -0.140944838523865 3.0821225643158
18 14 -0.151056066155434 -0.586397290229797 3.02459216117859
18 15 -0.153122052550316 -0.954138994216919 3.04051899909973
18 16 -0.160647451877594 -1.05989825725555 2.94993615150452
18 17 0.0522467456758022 -0.137243837118149 3.08282709121704
18 18 0.107086949050426 -0.576575577259064 3.00381779670715
18 19 0.0986161157488823 -0.952509224414825 3.02268314361572
18 20 0.108659006655216 -1.05003643035889 2.94470548629761
19 1 -0.0277783926576376 -0.0636690631508827 3.10296320915222
19 2 -0.027895163744688 -0.00533722061663866 3.16666984558105
19 3 -0.0421752706170082 0.363800466060638 3.1997652053833
19 4 -0.0380800068378448 0.556494474411011 3.21433854103088
19 5 -0.202339112758636 0.228168770670891 3.17685103416443
19 6 -0.252981036901474 -0.0108320545405149 3.14516425132751
19 7 -0.276138186454773 -0.243848323822021 3.02467155456543
19 8 -0.272301763296127 -0.323536276817322 2.98587799072266
19 9 0.144429668784142 0.268456757068634 3.17169713973999
19 10 0.334348350763321 0.392463088035584 3.07973694801331
19 11 0.334854423999786 0.671370029449463 3.04577159881592
19 12 0.343950092792511 0.739357948303223 3.05959820747375
19 13 -0.103364996612072 -0.141355648636818 3.0825080871582
19 14 -0.150479421019554 -0.586958408355713 3.02525424957275
19 15 -0.153170555830002 -0.956198155879974 3.04052305221558
19 16 -0.156053885817528 -1.05626606941223 2.95779228210449
19 17 0.0529592335224152 -0.137830689549446 3.08402037620544
19 18 0.107379145920277 -0.575957894325256 3.00444197654724
19 19 0.0994648486375809 -0.948149263858795 3.02080178260803
19 20 0.107809782028198 -1.04991507530212 2.94681000709534
20 1 -0.0276382267475128 -0.0634990930557251 3.10345554351807
20 2 -0.0275380071252584 -0.00553328916430473 3.16730308532715
20 3 -0.0409506075084209 0.363404422998428 3.20225477218628
20 4 -0.0379403568804264 0.556383669376373 3.21641945838928
20 5 -0.202252879738808 0.227553814649582 3.17731094360352
20 6 -0.252579718828201 -0.0127767864614725 3.14721941947937
20 7 -0.276696711778641 -0.241868704557419 3.0265953540802
20 8 -0.272899657487869 -0.32499623298645 2.98484706878662
20 9 0.144353106617928 0.268709450960159 3.1719114780426
20 10 0.333784729242325 0.390916466712952 3.08099484443665
20 11 0.335030972957611 0.669636249542236 3.04660582542419
20 12 0.348803251981735 0.737001240253448 3.05971312522888
20 13 -0.103389650583267 -0.141289755702019 3.08306336402893
20 14 -0.149688825011253 -0.586694002151489 3.02580094337463
20 15 -0.15295322239399 -0.956097483634949 3.04107809066772
20 16 -0.157825127243996 -1.05987668037415 2.9594988822937
20 17 0.053118858486414 -0.137631624937057 3.08418273925781
20 18 0.106937199831009 -0.573453605175018 3.00519442558289
20 19 0.0987367704510689 -0.950105965137482 3.02214980125427
20 20 0.106092572212219 -1.05000400543213 2.95114088058472
