1 1 -0.0241903010755777 -0.0688341185450554 3.10884547233582
1 2 -0.0223648883402348 -0.00986185297369957 3.17225646972656
1 3 -0.0389319211244583 0.362367987632751 3.20402932167053
1 4 -0.0399324856698513 0.556057512760162 3.21299934387207
1 5 -0.195636242628098 0.229847893118858 3.19225120544434
1 6 -0.245579868555069 -0.0161176659166813 3.15221166610718
1 7 -0.260595053434372 -0.236824199557304 3.03426241874695
1 8 -0.26208108663559 -0.331419914960861 2.99075365066528
1 9 0.14769846200943 0.263085901737213 3.17259931564331
1 10 0.35793149471283 0.374211519956589 3.11913323402405
1 11 0.378735512495041 0.599813282489777 3.09924054145813
1 12 0.388090848922729 0.717254757881165 3.11688017845154
1 13 -0.0988359376788139 -0.146126687526703 3.09292960166931
1 14 -0.145791783928871 -0.588971555233002 3.02780508995056
1 15 -0.151840776205063 -0.96068674325943 3.04471015930176
1 16 -0.152856394648552 -1.06204605102539 2.97867488861084
1 17 0.0558195225894451 -0.142443165183067 3.0873064994812
1 18 0.108331754803658 -0.575117528438568 3.00052952766418
1 19 0.100266046822071 -0.942915856838226 3.01334667205811
1 20 0.105288825929165 -1.04411649703979 2.93930006027222
2 1 -0.0241108126938343 -0.069169394671917 3.1105260848999
2 2 -0.0232017133384943 -0.0100858714431524 3.17419242858887
2 3 -0.0376410484313965 0.363804131746292 3.20853114128113
2 4 -0.0390401445329189 0.555523812770844 3.21579122543335
2 5 -0.195034667849541 0.228443846106529 3.18990874290466
2 6 -0.244491294026375 -0.00849013775587082 3.14790964126587
2 7 -0.26135915517807 -0.236265689134598 3.0329315662384
2 8 -0.262251108884811 -0.329277873039246 2.99361038208008
2 9 0.147704169154167 0.264532417058945 3.17735171318054
2 10 0.361422330141068 0.372986763715744 3.12814831733704
2 11 0.38091367483139 0.601097464561462 3.10954523086548
2 12 0.390230417251587 0.720962226390839 3.12177920341492
2 13 -0.0991012826561928 -0.145913526415825 3.0934362411499
2 14 -0.146141573786736 -0.588146030902863 3.02710437774658
2 15 -0.151675045490265 -0.957707583904266 3.04280304908752
2 16 -0.151739403605461 -1.05398190021515 2.96193981170654
2 17 0.0556022562086582 -0.142948940396309 3.09034204483032
2 18 0.107933051884174 -0.575258076190948 3.00348973274231
2 19 0.101166300475597 -0.949264287948608 3.02090215682983
2 20 0.106739789247513 -1.04918694496155 2.94884991645813
3 1 -0.0245161987841129 -0.0690283924341202 3.11137866973877
3 2 -0.0240433029830456 -0.00973136909306049 3.17504024505615
3 3 -0.0378352664411068 0.364403367042542 3.20821714401245
3 4 -0.0387806594371796 0.556023836135864 3.22070288658142
3 5 -0.194721311330795 0.227994307875633 3.18907713890076
3 6 -0.241680383682251 -0.0121084842830896 3.14668726921082
3 7 -0.259624689817429 -0.237427160143852 3.03541779518127
3 8 -0.25679287314415 -0.332439512014389 3.00249004364014
3 9 0.148694813251495 0.263500571250916 3.17986631393433
3 10 0.362286508083344 0.370846033096313 3.12976360321045
3 11 0.381985604763031 0.601586818695068 3.10979604721069
3 12 0.391083270311356 0.722506642341614 3.12093305587769
3 13 -0.0996954143047333 -0.145667999982834 3.09389758110046
3 14 -0.145693376660347 -0.587797939777374 3.02727556228638
3 15 -0.151165828108788 -0.95900946855545 3.04020428657532
3 16 -0.155458182096481 -1.05616068840027 2.95396423339844
3 17 0.0552341602742672 -0.143151327967644 3.09127235412598
3 18 0.109608732163906 -0.581026017665863 3.00505661964417
3 19 0.0994739681482315 -0.951784193515778 3.02294373512268
3 20 0.106047570705414 -1.05012834072113 2.94952845573425
4 1 -0.024364834651351 -0.0691268444061279 3.11234283447266
4 2 -0.024485232308507 -0.00973327923566103 3.17585802078247
4 3 -0.0381586477160454 0.364131599664688 3.20801639556885
4 4 -0.0383221916854382 0.555582940578461 3.22096133232117
4 5 -0.193872675299644 0.227710381150246 3.18784475326538
4 6 -0.241056680679321 -0.00244190846569836 3.14744210243225
4 7 -0.255800604820251 -0.23685060441494 3.0326144695282
4 8 -0.252528518438339 -0.332608669996262 3.00229239463806
4 9 0.149825319647789 0.262275397777557 3.1822247505188
4 10 0.363220125436783 0.36777138710022 3.13011646270752
4 11 0.383828550577164 0.603317558765411 3.10886430740356
4 12 0.392085254192352 0.725333094596863 3.11926221847534
4 13 -0.0995933040976524 -0.145570516586304 3.09446406364441
4 14 -0.145961046218872 -0.587386429309845 3.0276243686676
4 15 -0.151450544595718 -0.958797574043274 3.04242849349976
4 16 -0.14748777449131 -1.05520498752594 2.95971751213074
4 17 0.0555367320775986 -0.143580541014671 3.09326720237732
4 18 0.108518876135349 -0.57943332195282 3.00574493408203
4 19 0.0987834483385086 -0.959554672241211 3.01887178421021
4 20 0.105601273477077 -1.05152821540833 2.94926524162292
5 1 -0.024468544870615 -0.069327287375927 3.11294889450073
5 2 -0.0247313603758812 -0.00998605042695999 3.17655110359192
5 3 -0.0377350337803364 0.363621830940247 3.20888924598694
5 4 -0.0364416129887104 0.556715250015259 3.22140288352966
5 5 -0.19386425614357 0.226910561323166 3.18672227859497
5 6 -0.242235109210014 -0.00183375552296638 3.14806127548218
5 7 -0.255440264940262 -0.237176403403282 3.03341841697693
5 8 -0.253303050994873 -0.331779956817627 3.00469160079956
5 9 0.150069519877434 0.261807262897491 3.18201780319214
5 10 0.364677578210831 0.372348427772522 3.12764453887939
5 11 0.384558171033859 0.60331803560257 3.10789036750793
5 12 0.393575638532639 0.726127624511719 3.11705589294434
5 13 -0.0997139737010002 -0.145760625600815 3.0947699546814
5 14 -0.14549957215786 -0.587118864059448 3.02803301811218
5 15 -0.151558741927147 -0.95741218328476 3.04101920127869
5 16 -0.149000883102417 -1.05340278148651 2.96010398864746
5 17 0.0555404946208 -0.143872976303101 3.09376955032349
5 18 0.108793713152409 -0.578280448913574 3.00671362876892
5 19 0.0995624139904976 -0.951780617237091 3.01978850364685
5 20 0.105804614722729 -1.05142545700073 2.95038223266602
6 1 -0.0243729092180729 -0.0688878819346428 3.11325883865356
6 2 -0.0245613139122725 -0.00953713338822126 3.17687344551086
6 3 -0.0381584018468857 0.363802909851074 3.20848441123962
6 4 -0.0380152761936188 0.556219279766083 3.22251582145691
6 5 -0.19430136680603 0.227584421634674 3.18766927719116
6 6 -0.241872489452362 -0.00369494524784386 3.14865231513977
6 7 -0.256765842437744 -0.238173604011536 3.03533959388733
6 8 -0.254586547613144 -0.332784801721573 3.00866556167603
6 9 0.150505110621452 0.261657476425171 3.18187594413757
6 10 0.364047348499298 0.367381662130356 3.12499380111694
6 11 0.385298550128937 0.60226833820343 3.10288047790527
6 12 0.394103348255157 0.723771095275879 3.12077903747559
6 13 -0.0998214706778526 -0.145335584878922 3.09502267837524
6 14 -0.145757988095284 -0.587325930595398 3.02751278877258
6 15 -0.15272830426693 -0.953325390815735 3.04222416877747
6 16 -0.156979069113731 -1.05542278289795 2.9661591053009
6 17 0.0559659376740456 -0.143594726920128 3.09393858909607
6 18 0.10820484161377 -0.578635096549988 3.00795698165894
6 19 0.100212313234806 -0.950326085090637 3.0230119228363
6 20 0.105322599411011 -1.05099833011627 2.94880509376526
7 1 -0.0240060202777386 -0.0685895457863808 3.11298775672913
7 2 -0.0243196934461594 -0.00924388691782951 3.17656826972961
7 3 -0.0380702503025532 0.36381921172142 3.20781493186951
7 4 -0.0375868007540703 0.555384159088135 3.22094440460205
7 5 -0.194501250982285 0.227447092533112 3.18719267845154
7 6 -0.241087287664413 -0.0262015778571367 3.14410424232483
7 7 -0.256402969360352 -0.238784611225128 3.03296995162964
7 8 -0.254524737596512 -0.331864207983017 3.00708556175232
7 9 0.150588616728783 0.261079668998718 3.18167757987976
7 10 0.363596975803375 0.366650968790054 3.12355518341064
7 11 0.387225031852722 0.600113332271576 3.102703332901
7 12 0.393932044506073 0.720370054244995 3.11546683311462
7 13 -0.0995452329516411 -0.145084917545319 3.09482502937317
7 14 -0.145771235227585 -0.587157428264618 3.02767658233643
7 15 -0.152278959751129 -0.955733597278595 3.04432916641235
7 16 -0.152784287929535 -1.0525084733963 2.96402430534363
7 17 0.0566048286855221 -0.143278777599335 3.09321236610413
7 18 0.107763886451721 -0.579035758972168 3.00714063644409
7 19 0.0999513864517212 -0.954602837562561 3.02126693725586
7 20 0.105552911758423 -1.05150711536407 2.95120239257813
8 1 -0.0243644043803215 -0.0682333633303642 3.11299514770508
8 2 -0.0244196560233831 -0.00888064038008451 3.17662382125854
8 3 -0.0371108949184418 0.365181446075439 3.20853114128113
8 4 -0.0369405895471573 0.555019557476044 3.22179055213928
8 5 -0.194627821445465 0.227330431342125 3.18669986724854
8 6 -0.24135759472847 -0.00807631481438875 3.14707398414612
8 7 -0.256106853485107 -0.237354576587677 3.03201842308044
8 8 -0.254032582044601 -0.331974983215332 3.0017294883728
8 9 0.150762602686882 0.26090794801712 3.1803412437439
8 10 0.36401093006134 0.363450616598129 3.12266445159912
8 11 0.390173226594925 0.59661191701889 3.09899520874023
8 12 0.392432749271393 0.714035451412201 3.1087338924408
8 13 -0.100195482373238 -0.144522696733475 3.09460186958313
8 14 -0.146049678325653 -0.587092220783234 3.02773475646973
8 15 -0.15079203248024 -0.953505516052246 3.04201292991638
8 16 -0.155650109052658 -1.05435562133789 2.95949578285217
8 17 0.0560514256358147 -0.143044501543045 3.09277868270874
8 18 0.108877927064896 -0.58132392168045 3.00735950469971
8 19 0.0994583144783974 -0.951830506324768 3.02147030830383
8 20 0.10676670819521 -1.0515730381012 2.94895458221436
9 1 -0.0244674552232027 -0.0682870671153069 3.11205196380615
9 2 -0.0244412645697594 -0.00901816785335541 3.17589712142944
9 3 -0.0370456613600254 0.365298569202423 3.20892286300659
9 4 -0.0373846404254436 0.557791709899902 3.22280311584473
9 5 -0.19515959918499 0.2271758466959 3.18583106994629
9 6 -0.241528868675232 -0.00946458894759417 3.14577651023865
9 7 -0.255810767412186 -0.235989958047867 3.03215980529785
9 8 -0.253845036029816 -0.331068426370621 3.00347399711609
9 9 0.150265887379646 0.261001706123352 3.17954015731812
9 10 0.365155339241028 0.364258289337158 3.12179517745972
9 11 0.391490161418915 0.595762372016907 3.09547400474548
9 12 0.391371965408325 0.71162736415863 3.10192108154297
9 13 -0.100259356200695 -0.144705876708031 3.09341502189636
9 14 -0.146454200148582 -0.586826920509338 3.02725028991699
9 15 -0.150927230715752 -0.958766043186188 3.04127717018127
9 16 -0.156663581728935 -1.05601930618286 2.95444273948669
9 17 0.0557657517492771 -0.143128171563148 3.09169006347656
9 18 0.109511688351631 -0.582062423229218 3.00643730163574
9 19 0.0994196757674217 -0.952670454978943 3.02026271820068
9 20 0.105860240757465 -1.04903507232666 2.94801092147827
10 1 -0.0247591678053141 -0.0681241303682327 3.1109631061554
10 2 -0.0243636518716812 -0.00861755572259426 3.17479705810547
10 3 -0.0362235009670258 0.366124510765076 3.20664310455322
10 4 -0.0389933213591576 0.556222558021545 3.22166585922241
10 5 -0.195067197084427 0.228462785482407 3.18614792823792
10 6 -0.242910444736481 -0.00352732441388071 3.14436888694763
10 7 -0.256352007389069 -0.236874356865883 3.02987194061279
10 8 -0.254488050937653 -0.332529246807098 2.99815082550049
10 9 0.149740785360336 0.260921359062195 3.17777252197266
10 10 0.363487482070923 0.362762093544006 3.11904835700989
10 11 0.390725463628769 0.595617830753326 3.09500408172607
10 12 0.39233785867691 0.714120984077454 3.10647296905518
10 13 -0.100608415901661 -0.144375175237656 3.09274220466614
10 14 -0.14614737033844 -0.586632013320923 3.02673625946045
10 15 -0.151496320962906 -0.956441164016724 3.04183101654053
10 16 -0.154349133372307 -1.05392026901245 2.95364451408386
10 17 0.0551892295479774 -0.142845183610916 3.09019303321838
10 18 0.108555912971497 -0.578061759471893 3.00410747528076
10 19 0.0997587218880653 -0.952230453491211 3.02067852020264
10 20 0.104883536696434 -1.04804801940918 2.94699597358704
11 1 -0.0255571100860834 -0.0681567937135696 3.10967898368835
11 2 -0.0250302627682686 -0.00874987058341503 3.17355227470398
11 3 -0.0370408184826374 0.365335017442703 3.20542192459106
11 4 -0.0396945364773273 0.557002484798431 3.21959733963013
11 5 -0.196036547422409 0.229335248470306 3.18584394454956
11 6 -0.245096057653427 -0.0100604370236397 3.14227914810181
11 7 -0.257287353277206 -0.235044300556183 3.02497982978821
11 8 -0.255934208631516 -0.332121700048447 2.9881329536438
11 9 0.14956246316433 0.260844558477402 3.1771388053894
11 10 0.3626389503479 0.364853054285049 3.11601281166077
11 11 0.387429445981979 0.599797070026398 3.09338402748108
11 12 0.394761264324188 0.720799803733826 3.11341619491577
11 13 -0.101622335612774 -0.144336625933647 3.09091114997864
11 14 -0.146383807063103 -0.588350772857666 3.02667880058289
11 15 -0.151127532124519 -0.955464780330658 3.03953981399536
11 16 -0.156841456890106 -1.05564963817596 2.95142388343811
11 17 0.054322250187397 -0.143080309033394 3.0892653465271
11 18 0.108491450548172 -0.579615592956543 3.00418090820313
11 19 0.100193351507187 -0.95221346616745 3.02024674415588
11 20 0.105004072189331 -1.04973065853119 2.94859218597412
12 1 -0.0255045015364885 -0.0686617642641068 3.10886573791504
12 2 -0.0252962168306112 -0.00909551046788692 3.17266821861267
12 3 -0.0379290655255318 0.364783585071564 3.20348119735718
12 4 -0.040175873786211 0.558812916278839 3.21934628486633
12 5 -0.197552070021629 0.227350771427155 3.18348217010498
12 6 -0.245528861880302 -0.00665530422702432 3.14362931251526
12 7 -0.261676967144012 -0.231626600027084 3.02643871307373
12 8 -0.259101122617722 -0.330662429332733 2.97933959960938
12 9 0.148864269256592 0.260334312915802 3.17640829086304
12 10 0.360867381095886 0.362708121538162 3.11525273323059
12 11 0.386684983968735 0.59589821100235 3.08758473396301
12 12 0.391521453857422 0.712157130241394 3.10444617271423
12 13 -0.101482287049294 -0.145179331302643 3.09015440940857
12 14 -0.146790906786919 -0.58818793296814 3.02693867683411
12 15 -0.151073113083839 -0.963249564170837 3.04051041603088
12 16 -0.15839920938015 -1.06018877029419 2.94474816322327
12 17 0.0545566901564598 -0.14352622628212 3.08866739273071
12 18 0.108771242201328 -0.580682337284088 3.00425457954407
12 19 0.0993330255150795 -0.953826427459717 3.02041077613831
12 20 0.105280727148056 -1.0484893321991 2.94897818565369
13 1 -0.0250291004776955 -0.0688201189041138 3.10780048370361
13 2 -0.0250438190996647 -0.00899815373122692 3.17163157463074
13 3 -0.0379202328622341 0.365858495235443 3.20232510566711
13 4 -0.0402908250689507 0.560895442962646 3.21945858001709
13 5 -0.197869122028351 0.226934760808945 3.18215751647949
13 6 -0.246373534202576 -0.00650042900815606 3.14436459541321
13 7 -0.264785319566727 -0.23387585580349 3.0257556438446
13 8 -0.25997605919838 -0.328115940093994 2.97828316688538
13 9 0.148055955767632 0.259940445423126 3.175865650177
13 10 0.359444350004196 0.363749206066132 3.11328101158142
13 11 0.385558873414993 0.596236526966095 3.08512711524963
13 12 0.392895758152008 0.712125182151794 3.10413384437561
13 13 -0.100840911269188 -0.145360723137856 3.08912754058838
13 14 -0.147396430373192 -0.586636066436768 3.02737998962402
13 15 -0.151635095477104 -0.958280682563782 3.04182934761047
13 16 -0.151052013039589 -1.0531747341156 2.95723485946655
13 17 0.0550632402300835 -0.14355257153511 3.08779549598694
13 18 0.107531070709229 -0.581315040588379 3.00444054603577
13 19 0.0990748703479767 -0.950996041297913 3.02375173568726
13 20 0.106521248817444 -1.04776549339294 2.94945597648621
14 1 -0.0250575207173824 -0.0688155740499496 3.10745048522949
14 2 -0.0251233968883753 -0.00929607637226582 3.17142772674561
14 3 -0.0381054878234863 0.366245269775391 3.20525455474854
14 4 -0.0396143309772015 0.558378636837006 3.21912741661072
14 5 -0.198022440075874 0.227748766541481 3.18233299255371
14 6 -0.244550973176956 -0.00863050390034914 3.14408707618713
14 7 -0.263897567987442 -0.235221952199936 3.02562856674194
14 8 -0.260465383529663 -0.329006403684616 2.97464966773987
14 9 0.148127719759941 0.259775996208191 3.17598605155945
14 10 0.360029578208923 0.361772894859314 3.11285853385925
14 11 0.38638636469841 0.595714271068573 3.08601307868958
14 12 0.391481071710587 0.709875106811523 3.10074090957642
14 13 -0.100857816636562 -0.145246729254723 3.08836197853088
14 14 -0.147249311208725 -0.587927222251892 3.02778315544128
14 15 -0.15151359140873 -0.957924485206604 3.04159545898438
14 16 -0.152918785810471 -1.05269026756287 2.951251745224
14 17 0.0551952086389065 -0.143689855933189 3.08739066123962
14 18 0.106403738260269 -0.577845752239227 3.00467014312744
14 19 0.100580051541328 -0.946012914180756 3.02059054374695
14 20 0.104375615715981 -1.04745817184448 2.94908213615417
15 1 -0.0244150422513485 -0.0687690228223801 3.10772252082825
15 2 -0.0246371999382973 -0.00971922744065523 3.17188191413879
15 3 -0.0389933660626411 0.364407271146774 3.2077693939209
15 4 -0.0396321192383766 0.556451618671417 3.22051501274109
15 5 -0.196735978126526 0.228380396962166 3.18372702598572
15 6 -0.244428306818008 -0.0112054077908397 3.1442403793335
15 7 -0.262632966041565 -0.23561230301857 3.02696681022644
15 8 -0.261430770158768 -0.330176055431366 2.97842764854431
15 9 0.148209512233734 0.259532868862152 3.1771993637085
15 10 0.363114058971405 0.359448611736298 3.11685061454773
15 11 0.386980921030045 0.595604777336121 3.08778119087219
15 12 0.390751481056213 0.707472443580627 3.10183310508728
15 13 -0.099910743534565 -0.145058289170265 3.08840990066528
15 14 -0.146750599145889 -0.589371204376221 3.02835607528687
15 15 -0.151243954896927 -0.959945559501648 3.04187297821045
15 16 -0.152954116463661 -1.05447089672089 2.95577597618103
15 17 0.0559144467115402 -0.143434956669807 3.08786153793335
15 18 0.10806941986084 -0.579783141613007 3.00496006011963
15 19 0.100329540669918 -0.946636319160461 3.02184271812439
15 20 0.10482233017683 -1.04762303829193 2.94777774810791
16 1 -0.0246059391647577 -0.068636991083622 3.10892772674561
16 2 -0.0244515780359507 -0.00987086165696383 3.17329955101013
16 3 -0.0381552055478096 0.363761126995087 3.20972895622253
16 4 -0.0360323637723923 0.555768370628357 3.22241568565369
16 5 -0.196086630225182 0.228128880262375 3.1865553855896
16 6 -0.243790954351425 -0.0137161063030362 3.14814853668213
16 7 -0.260999232530594 -0.239439189434052 3.03187441825867
16 8 -0.261058270931244 -0.332661896944046 2.98679161071777
16 9 0.14889320731163 0.259618818759918 3.17829036712646
16 10 0.362735569477081 0.360951602458954 3.11776685714722
16 11 0.387284159660339 0.595415532588959 3.08812546730042
16 12 0.390931159257889 0.707348704338074 3.1024956703186
16 13 -0.100122570991516 -0.144682928919792 3.08929753303528
16 14 -0.146613627672195 -0.58827018737793 3.02802467346191
16 15 -0.151628389954567 -0.958629727363586 3.0412335395813
16 16 -0.151973262429237 -1.05287182331085 2.96101307868958
16 17 0.0555418506264687 -0.143402114510536 3.0890200138092
16 18 0.107820548117161 -0.578893601894379 3.00628209114075
16 19 0.0994488000869751 -0.951084554195404 3.0232720375061
16 20 0.106208153069019 -1.04783499240875 2.94796419143677
17 1 -0.024005388841033 -0.0687717348337173 3.11042475700378
17 2 -0.0237519443035126 -0.010009896941483 3.17465305328369
17 3 -0.0364055521786213 0.362917333841324 3.20995426177979
17 4 -0.0339518859982491 0.556830525398254 3.22155141830444
17 5 -0.195345789194107 0.226983040571213 3.18821382522583
17 6 -0.244152158498764 -0.0233299732208252 3.15129351615906
17 7 -0.261125922203064 -0.240401983261108 3.03393363952637
17 8 -0.262326419353485 -0.331413865089417 2.98899292945862
17 9 0.149722874164581 0.259472697973251 3.17981457710266
17 10 0.364076346158981 0.363847106695175 3.11794662475586
17 11 0.387395918369293 0.595083177089691 3.08659839630127
17 12 0.393068820238113 0.712699711322784 3.10429215431213
17 13 -0.0996659994125366 -0.144915670156479 3.09098434448242
17 14 -0.146190986037254 -0.588686048984528 3.0281229019165
17 15 -0.151666074991226 -0.959215819835663 3.04034543037415
17 16 -0.15305058658123 -1.05347013473511 2.96199321746826
17 17 0.0563494153320789 -0.143549203872681 3.09085488319397
17 18 0.108666926622391 -0.582546532154083 3.00734496116638
17 19 0.100318402051926 -0.943671584129334 3.02297639846802
17 20 0.10480909049511 -1.05006957054138 2.94910526275635
18 1 -0.0241267457604408 -0.0692275315523148 3.11230492591858
18 2 -0.0239619147032499 -0.0107316803187132 3.17660570144653
18 3 -0.0383937023580074 0.361523061990738 3.21285367012024
18 4 -0.0316556766629219 0.558706164360046 3.22844696044922
18 5 -0.194261252880096 0.225975602865219 3.18975806236267
18 6 -0.243948623538017 -0.013560988008976 3.15251016616821
18 7 -0.260689556598663 -0.239980801939964 3.0340723991394
18 8 -0.261631727218628 -0.332609802484512 2.99155378341675
18 9 0.150512099266052 0.259196728467941 3.18204522132874
18 10 0.362572073936462 0.360521346330643 3.11602067947388
18 11 0.386011362075806 0.597633540630341 3.08649587631226
18 12 0.392584145069122 0.710970640182495 3.10342049598694
18 13 -0.0995578691363335 -0.144927531480789 3.09284234046936
18 14 -0.145954519510269 -0.589044272899628 3.02977728843689
18 15 -0.152024775743484 -0.957044184207916 3.04275369644165
18 16 -0.153008744120598 -1.05353438854218 2.96394109725952
18 17 0.0562023743987083 -0.143947020173073 3.09270691871643
18 18 0.108646042644978 -0.581908106803894 3.00907707214355
18 19 0.0989688634872437 -0.952967405319214 3.02356290817261
18 20 0.106003075838089 -1.05008924007416 2.94829344749451
19 1 -0.0228489898145199 -0.0687698125839233 3.11352801322937
19 2 -0.0228250529617071 -0.0101026548072696 3.17767119407654
19 3 -0.0360697843134403 0.361755758523941 3.21104025840759
19 4 -0.0235184133052826 0.552626729011536 3.22901964187622
19 5 -0.192197948694229 0.226020485162735 3.19145488739014
19 6 -0.24534846842289 -0.0198428723961115 3.1570999622345
19 7 -0.265347987413406 -0.242719918489456 3.03478789329529
19 8 -0.263743609189987 -0.330550789833069 2.99913787841797
19 9 0.152959048748016 0.259854376316071 3.18383431434631
19 10 0.361315101385117 0.360253661870956 3.1148784160614
19 11 0.384723484516144 0.598422229290009 3.08364129066467
19 12 0.391838848590851 0.708585977554321 3.10033464431763
19 13 -0.0984262377023697 -0.144833162426949 3.09417533874512
19 14 -0.145728290081024 -0.58995795249939 3.03192186355591
19 15 -0.152177214622498 -0.953573107719421 3.04171323776245
19 16 -0.152694851160049 -1.05305337905884 2.96125340461731
19 17 0.0577377341687679 -0.143786147236824 3.09397792816162
19 18 0.106777682900429 -0.579531967639923 3.00932240486145
19 19 0.100051544606686 -0.945199549198151 3.02230310440063
19 20 0.107277557253838 -1.04793238639832 2.94300246238709
20 1 -0.0210579019039869 -0.0690228268504143 3.11425876617432
20 2 -0.0208196341991425 -0.0105067472904921 3.17833948135376
20 3 -0.0340842008590698 0.360571712255478 3.2120201587677
20 4 -0.0204801186919212 0.551453828811646 3.23265552520752
20 5 -0.191298335790634 0.225917428731918 3.19324636459351
20 6 -0.247406154870987 -0.0155358230695128 3.15919876098633
20 7 -0.268784940242767 -0.242310076951981 3.03808498382568
20 8 -0.267347574234009 -0.331591963768005 3.01453995704651
20 9 0.154412373900414 0.259252101182938 3.1843855381012
20 10 0.359904587268829 0.359006285667419 3.11398410797119
20 11 0.384389936923981 0.597927570343018 3.08266711235046
20 12 0.39284011721611 0.709190487861633 3.10019731521606
20 13 -0.0967784970998764 -0.145134761929512 3.0949125289917
20 14 -0.1470717638731 -0.590165853500366 3.03270435333252
20 15 -0.152058839797974 -0.955016553401947 3.04123854637146
20 16 -0.153812438249588 -1.05617308616638 2.95338249206543
20 17 0.0595914348959923 -0.144038334488869 3.09447908401489
20 18 0.10610069334507 -0.580066859722137 3.01033759117126
20 19 0.100211925804615 -0.949821531772614 3.02300548553467
20 20 0.10840155184269 -1.0501457452774 2.94441080093384
