1 1 0.000676719238981605 -0.0268312115222216 3.06971764564514
1 2 -0.00850112363696098 0.0281771495938301 3.13573575019836
1 3 -0.0239133667200804 0.395627021789551 3.17889189720154
1 4 -0.0401793941855431 0.610620021820068 3.17135739326477
1 5 -0.202917978167534 0.257397174835205 3.12426686286926
1 6 -0.27001228928566 0.0108164893463254 3.07100987434387
1 7 -0.244434654712677 -0.229918390512466 2.99302768707275
1 8 -0.231752306222916 -0.335805416107178 2.97525787353516
1 9 0.178329885005951 0.313197702169418 3.17820596694946
1 10 0.403729289770126 0.450762510299683 3.18934869766235
1 11 0.426546454429626 0.726868510246277 3.23457360267639
1 12 0.428001075983047 0.817710041999817 3.24709010124207
1 13 -0.0800570771098137 -0.115913100540638 3.03733277320862
1 14 -0.0837231278419495 -0.654922485351563 3.03753781318665
1 15 -0.0630517303943634 -1.00971674919128 2.98438286781311
1 16 -0.0963624566793442 -1.05892169475555 2.93231344223022
1 17 0.0915350690484047 -0.10439358651638 3.05343437194824
1 18 0.0817649811506271 -0.639640629291534 3.00556755065918
1 19 0.0393212661147118 -0.999474227428436 2.97444486618042
1 20 0.0656067207455635 -1.04935383796692 2.91909980773926
2 1 0.00173840462230146 -0.0252763424068689 3.07030773162842
2 2 -0.00764986220747232 0.0292760096490383 3.13597559928894
2 3 -0.0237767547369003 0.393894165754318 3.17819714546204
2 4 -0.0325005799531937 0.612083196640015 3.16891932487488
2 5 -0.203076884150505 0.257245540618896 3.12469601631165
2 6 -0.268263906240463 0.00896922219544649 3.07150268554688
2 7 -0.244608283042908 -0.228553012013435 2.99490475654602
2 8 -0.230160117149353 -0.336358785629272 2.9769229888916
2 9 0.180417433381081 0.31425803899765 3.17933249473572
2 10 0.40438312292099 0.453337788581848 3.18741512298584
2 11 0.42534664273262 0.738051891326904 3.2346510887146
2 12 0.424334287643433 0.819948494434357 3.2463903427124
2 13 -0.0794562622904778 -0.1151492446661 3.037846326828
2 14 -0.0837644934654236 -0.651889562606812 3.03649425506592
2 15 -0.0659284293651581 -1.00510954856873 2.98608589172363
2 16 -0.0974131524562836 -1.06396532058716 2.94018793106079
2 17 0.0933971107006073 -0.103303268551826 3.05399036407471
2 18 0.0804888755083084 -0.636957168579102 3.00538539886475
2 19 0.0400482043623924 -0.997270524501801 2.97353506088257
2 20 0.0607169345021248 -1.05183291435242 2.91734218597412
3 1 0.00251981429755688 -0.0248954612761736 3.07060575485229
3 2 -0.00681314337998629 0.0297017097473145 3.13609647750854
3 3 -0.0222718417644501 0.392618209123611 3.17683148384094
3 4 -0.0255452059209347 0.613020241260529 3.16599130630493
3 5 -0.202241390943527 0.257595151662827 3.12541961669922
3 6 -0.266678541898727 0.0108360722661018 3.07278299331665
3 7 -0.244409993290901 -0.228336215019226 2.9959933757782
3 8 -0.229704827070236 -0.336571842432022 2.97794604301453
3 9 0.182854577898979 0.314634323120117 3.18022727966309
3 10 0.410816460847855 0.461132705211639 3.19094228744507
3 11 0.426366865634918 0.735688328742981 3.23247289657593
3 12 0.423814833164215 0.817241311073303 3.24272513389587
3 13 -0.0785517618060112 -0.115112267434597 3.03826665878296
3 14 -0.0821661129593849 -0.654706060886383 3.03568935394287
3 15 -0.0644302070140839 -1.01576125621796 2.98469853401184
3 16 -0.0968636274337769 -1.07361125946045 2.93500828742981
3 17 0.094633586704731 -0.103746339678764 3.05465984344482
3 18 0.0814194008708 -0.638543605804443 3.00606632232666
3 19 0.0424733236432076 -0.997742056846619 2.97520399093628
3 20 0.0597484968602657 -1.05438959598541 2.91723585128784
4 1 0.00346497050486505 -0.0250628981739283 3.07062268257141
4 2 -0.00599435437470675 0.0297650769352913 3.13592004776001
4 3 -0.0214996878057718 0.392612725496292 3.17550778388977
4 4 -0.0222339481115341 0.615458548069 3.1645143032074
4 5 -0.201061546802521 0.257853597402573 3.12509393692017
4 6 -0.266208499670029 0.0119713330641389 3.07213139533997
4 7 -0.243999570608139 -0.228461682796478 2.99711203575134
4 8 -0.229382365942001 -0.334226369857788 2.97762870788574
4 9 0.184614986181259 0.314503163099289 3.18048048019409
4 10 0.407637178897858 0.456160724163055 3.19128513336182
4 11 0.427807092666626 0.722526788711548 3.21997594833374
4 12 0.426780164241791 0.821742832660675 3.2428297996521
4 13 -0.077763170003891 -0.114995241165161 3.0382342338562
4 14 -0.0820448324084282 -0.653768181800842 3.03602194786072
4 15 -0.061133436858654 -1.01369166374207 2.98301315307617
4 16 -0.101543433964252 -1.06870603561401 2.93477439880371
4 17 0.0956221893429756 -0.104212053120136 3.05488419532776
4 18 0.0834626480937004 -0.639373958110809 3.00699520111084
4 19 0.0418653003871441 -0.996965765953064 2.97345900535584
4 20 0.0709192678332329 -1.04827654361725 2.91277837753296
5 1 0.00381969148293138 -0.0244152452796698 3.07058501243591
5 2 -0.00575919635593891 0.0303292442113161 3.13570427894592
5 3 -0.0213164705783129 0.392134785652161 3.17452430725098
5 4 -0.027904886752367 0.615347504615784 3.15918588638306
5 5 -0.2014981508255 0.257260501384735 3.12481284141541
5 6 -0.265394061803818 0.0122362039983273 3.07199144363403
5 7 -0.243000879883766 -0.229112952947617 2.996009349823
5 8 -0.227301746606827 -0.334820598363876 2.97544693946838
5 9 0.185894951224327 0.315114408731461 3.1812539100647
5 10 0.402545154094696 0.453563511371613 3.18669986724854
5 11 0.4248066842556 0.73957359790802 3.22859740257263
5 12 0.424694031476974 0.833640098571777 3.24149179458618
5 13 -0.0777886360883713 -0.114729486405849 3.03800225257874
5 14 -0.0820134431123734 -0.652802646160126 3.03547191619873
5 15 -0.061508771032095 -1.01127970218658 2.98438358306885
5 16 -0.0994283705949783 -1.06940984725952 2.9358012676239
5 17 0.0963577479124069 -0.103871122002602 3.05498194694519
5 18 0.0836210399866104 -0.638344645500183 3.00683259963989
5 19 0.042370293289423 -0.995248198509216 2.97425985336304
5 20 0.0702960416674614 -1.04783082008362 2.91398978233337
6 1 0.003614850807935 -0.0250476114451885 3.07010698318481
6 2 -0.00582782737910748 0.0298550985753536 3.13514733314514
6 3 -0.0209562163800001 0.392090350389481 3.17398619651794
6 4 -0.0329135060310364 0.617176532745361 3.16137886047363
6 5 -0.201607823371887 0.257601857185364 3.12322402000427
6 6 -0.267173767089844 0.0124772544950247 3.07073783874512
6 7 -0.243583738803864 -0.231482580304146 2.99291896820068
6 8 -0.229697287082672 -0.332757741212845 2.97559332847595
6 9 0.182892248034477 0.315605401992798 3.17967796325684
6 10 0.4080531001091 0.460559368133545 3.18657517433167
6 11 0.42343932390213 0.738159716129303 3.22560906410217
6 12 0.427734196186066 0.835709095001221 3.24110150337219
6 13 -0.0779743418097496 -0.115304410457611 3.03736662864685
6 14 -0.0821764916181564 -0.653716206550598 3.03522562980652
6 15 -0.061595730483532 -1.01123046875 2.982670545578
6 16 -0.102590069174767 -1.06655716896057 2.93313097953796
6 17 0.0957255214452744 -0.104124471545219 3.05478262901306
6 18 0.081972673535347 -0.639752268791199 3.00706934928894
6 19 0.0395005010068417 -0.99871027469635 2.97246551513672
6 20 0.0668164566159248 -1.05078184604645 2.91132521629334
7 1 0.00277608772739768 -0.0251613911241293 3.06903076171875
7 2 -0.00672300811856985 0.0297834277153015 3.13395571708679
7 3 -0.021557655185461 0.391804903745651 3.1724328994751
7 4 -0.0357199758291245 0.617813229560852 3.16046977043152
7 5 -0.201120182871819 0.257855623960495 3.1211314201355
7 6 -0.271110683679581 0.0117838168516755 3.06963706016541
7 7 -0.245718508958817 -0.232563257217407 2.98915338516235
7 8 -0.233205154538155 -0.335078060626984 2.97256636619568
7 9 0.181463420391083 0.316332221031189 3.17888283729553
7 10 0.398355484008789 0.452630996704102 3.18336153030396
7 11 0.427645474672318 0.673353433609009 3.20180940628052
7 12 0.42595449090004 0.784130692481995 3.22547459602356
7 13 -0.0789359733462334 -0.115091115236282 3.03602266311646
7 14 -0.0839214473962784 -0.652000069618225 3.03537940979004
7 15 -0.0571905188262463 -1.0106737613678 2.98247051239014
7 16 -0.0990956649184227 -1.06020641326904 2.92828989028931
7 17 0.0941736772656441 -0.104036524891853 3.05363774299622
7 18 0.0810143351554871 -0.638359904289246 3.00716876983643
7 19 0.0390023663640022 -0.999573826789856 2.97232747077942
7 20 0.0644028186798096 -1.05029380321503 2.90965890884399
8 1 0.000934424169827253 -0.0248891543596983 3.06746435165405
8 2 -0.00832957029342651 0.0303128063678741 3.13246059417725
8 3 -0.0232414416968822 0.393883764743805 3.17150473594666
8 4 -0.0397019013762474 0.620490193367004 3.16822791099548
8 5 -0.202101916074753 0.258887559175491 3.11967206001282
8 6 -0.273066759109497 0.0122617669403553 3.06842088699341
8 7 -0.248761758208275 -0.234784096479416 2.98627591133118
8 8 -0.233283445239067 -0.334389418363571 2.96979355812073
8 9 0.179146721959114 0.316984921693802 3.17653298377991
8 10 0.391837179660797 0.450411528348923 3.17723107337952
8 11 0.42213636636734 0.713891506195068 3.21615242958069
8 12 0.421009689569473 0.826546549797058 3.23453545570374
8 13 -0.0808177962899208 -0.114331252872944 3.03426241874695
8 14 -0.086116723716259 -0.655885756015778 3.0353581905365
8 15 -0.0681158900260925 -1.0154025554657 2.98403453826904
8 16 -0.103627286851406 -1.07209467887878 2.93245959281921
8 17 0.0923304259777069 -0.103906884789467 3.05275726318359
8 18 0.0773134902119637 -0.638818562030792 3.00682425498962
8 19 0.0384936258196831 -1.00006639957428 2.97445797920227
8 20 0.0648148059844971 -1.05217242240906 2.91340732574463
9 1 -0.000483407871797681 -0.0251180082559586 3.06687903404236
9 2 -0.00989143177866936 0.0303750559687614 3.13193416595459
9 3 -0.0255104657262564 0.396258115768433 3.17156076431274
9 4 -0.0411266274750233 0.622449100017548 3.16178345680237
9 5 -0.20296323299408 0.259355217218399 3.11861658096313
9 6 -0.275454312562943 0.0166768971830606 3.06920838356018
9 7 -0.251921504735947 -0.232396811246872 2.98357510566711
9 8 -0.234093904495239 -0.33497628569603 2.96981239318848
9 9 0.177723228931427 0.317288786172867 3.17594337463379
9 10 0.388597995042801 0.451910376548767 3.17545390129089
9 11 0.417914897203445 0.738179802894592 3.21270394325256
9 12 0.415360808372498 0.828394830226898 3.22719573974609
9 13 -0.0820409506559372 -0.114495858550072 3.03344464302063
9 14 -0.0870554149150848 -0.656713366508484 3.03533792495728
9 15 -0.0625285506248474 -1.01244652271271 2.98156332969666
9 16 -0.0975488275289536 -1.06793618202209 2.92716908454895
9 17 0.090605191886425 -0.103855274617672 3.0523464679718
9 18 0.0754845887422562 -0.638649702072144 3.00583744049072
9 19 0.0379055552184582 -1.00019788742065 2.9737241268158
9 20 0.0622227340936661 -1.05363249778748 2.90767288208008
10 1 -0.00165962683968246 -0.0246716886758804 3.06718516349792
10 2 -0.0114268194884062 0.0306433271616697 3.13224053382874
10 3 -0.0276113096624613 0.396013796329498 3.17294239997864
10 4 -0.0420605391263962 0.622550249099731 3.16075968742371
10 5 -0.204746261239052 0.259474515914917 3.11658954620361
10 6 -0.275919675827026 0.0170959960669279 3.06803059577942
10 7 -0.254509091377258 -0.23111018538475 2.98492193222046
10 8 -0.235955491662025 -0.335743635892868 2.96985697746277
10 9 0.176939964294434 0.317516893148422 3.17641496658325
10 10 0.385831356048584 0.451742827892303 3.17442417144775
10 11 0.41768091917038 0.720497488975525 3.2110812664032
10 12 0.412501245737076 0.831021964550018 3.22573494911194
10 13 -0.0831514000892639 -0.114204414188862 3.03327298164368
10 14 -0.0891168341040611 -0.656742036342621 3.0344295501709
10 15 -0.0671092644333839 -1.01256942749023 2.98248648643494
10 16 -0.100270003080368 -1.07286822795868 2.93104290962219
10 17 0.0896233692765236 -0.103461503982544 3.05285358428955
10 18 0.0744775384664536 -0.638399183750153 3.00515532493591
10 19 0.0380894280970097 -0.998515844345093 2.97317504882813
10 20 0.0686686635017395 -1.0521467924118 2.91341996192932
11 1 -0.00290167750790715 -0.0240472666919231 3.0664656162262
11 2 -0.0128630809485912 0.0313420593738556 3.13159871101379
11 3 -0.0293802227824926 0.397152662277222 3.1721498966217
11 4 -0.042762067168951 0.62384819984436 3.15731024742126
11 5 -0.207794591784477 0.25822240114212 3.11518335342407
11 6 -0.275832146406174 0.0169276334345341 3.06728982925415
11 7 -0.255969285964966 -0.229958191514015 2.9855945110321
11 8 -0.237548604607582 -0.335523366928101 2.97226548194885
11 9 0.176315456628799 0.317794799804688 3.1765124797821
11 10 0.385779172182083 0.453247547149658 3.17513847351074
11 11 0.419763714075089 0.710766792297363 3.20507478713989
11 12 0.413837939500809 0.82392692565918 3.22476148605347
11 13 -0.0846741870045662 -0.114096991717815 3.03255152702332
11 14 -0.0893369987607002 -0.656624495983124 3.03361535072327
11 15 -0.0697790905833244 -1.01297771930695 2.98238325119019
11 16 -0.099333330988884 -1.07932031154633 2.93532419204712
11 17 0.0885922834277153 -0.102887764573097 3.05172753334045
11 18 0.0716997087001801 -0.639009475708008 3.00460767745972
11 19 0.035806056112051 -0.996948957443237 2.97424793243408
11 20 0.0677832514047623 -1.04749774932861 2.9091579914093
12 1 -0.005031225271523 -0.0246328618377447 3.06667947769165
12 2 -0.0144186709076166 0.0307882018387318 3.13187432289124
12 3 -0.0289998985826969 0.396132081747055 3.17310047149658
12 4 -0.0451539903879166 0.62324982881546 3.15711498260498
12 5 -0.210331320762634 0.257635354995728 3.11466932296753
12 6 -0.275816738605499 0.0164561159908772 3.06715250015259
12 7 -0.256795257329941 -0.229230329394341 2.98865652084351
12 8 -0.238905817270279 -0.335339188575745 2.9725444316864
12 9 0.174220532178879 0.317148774862289 3.17553973197937
12 10 0.385575234889984 0.454651057720184 3.17435169219971
12 11 0.417354226112366 0.715307950973511 3.19813394546509
12 12 0.413847714662552 0.828367531299591 3.22242212295532
12 13 -0.0876925438642502 -0.11451306194067 3.03280806541443
12 14 -0.0892412066459656 -0.657946169376373 3.03220248222351
12 15 -0.0575714260339737 -1.00985836982727 2.98195338249207
12 16 -0.0984740108251572 -1.06371402740479 2.92684745788574
12 17 0.0853215381503105 -0.10385949909687 3.0514349937439
12 18 0.0716167911887169 -0.640919089317322 3.00378847122192
12 19 0.0399817302823067 -1.0016154050827 2.97293472290039
12 20 0.0678686797618866 -1.05469071865082 2.90956711769104
13 1 -0.00766791263595223 -0.0252294931560755 3.06595778465271
13 2 -0.0170598216354847 0.0300208609551191 3.13131165504456
13 3 -0.0317427553236485 0.395180255174637 3.17281293869019
13 4 -0.0455736741423607 0.622672140598297 3.15527105331421
13 5 -0.211320400238037 0.257651537656784 3.1144483089447
13 6 -0.276522696018219 0.0172021370381117 3.06660914421082
13 7 -0.257818251848221 -0.228069141507149 2.98920559883118
13 8 -0.240168064832687 -0.334565460681915 2.97338342666626
13 9 0.171255543828011 0.315535843372345 3.17383646965027
13 10 0.384350895881653 0.456545501947403 3.17410111427307
13 11 0.41449186205864 0.711578488349915 3.2009871006012
13 12 0.410616993904114 0.826195776462555 3.22044444084167
13 13 -0.0896708220243454 -0.114548392593861 3.03195452690125
13 14 -0.0906840339303017 -0.655781507492065 3.03161406517029
13 15 -0.0664685890078545 -1.01335442066193 2.98353791236877
13 16 -0.100049659609795 -1.0732558965683 2.92890238761902
13 17 0.0831456184387207 -0.104394301772118 3.05089092254639
13 18 0.0722643733024597 -0.639901280403137 3.00323915481567
13 19 0.0401482358574867 -1.00117194652557 2.97210478782654
13 20 0.0670372098684311 -1.05809581279755 2.91096925735474
14 1 -0.00952776987105608 -0.0249443706125021 3.06621360778809
14 2 -0.0190478637814522 0.0298977550119162 3.13169312477112
14 3 -0.0323102399706841 0.394535601139069 3.17542290687561
14 4 -0.0470386855304241 0.622433304786682 3.15778756141663
14 5 -0.211980015039444 0.257362961769104 3.11376762390137
14 6 -0.275881320238113 0.0171128865331411 3.06721544265747
14 7 -0.258420407772064 -0.229310661554337 2.98773813247681
14 8 -0.241088137030602 -0.334402918815613 2.97280526161194
14 9 0.17057541012764 0.316276490688324 3.17466044425964
14 10 0.381652474403381 0.456642806529999 3.17407298088074
14 11 0.413141220808029 0.713537216186523 3.204434633255
14 12 0.408864498138428 0.828983902931213 3.22305178642273
14 13 -0.0916840434074402 -0.113961771130562 3.03190922737122
14 14 -0.0907377526164055 -0.655346512794495 3.03164672851563
14 15 -0.071097269654274 -1.0091472864151 2.98490881919861
14 16 -0.0951198786497116 -1.07307398319244 2.9290931224823
14 17 0.0815936401486397 -0.104258261620998 3.05099749565125
14 18 0.0727070942521095 -0.63817572593689 3.00353622436523
14 19 0.0406562723219395 -0.994701027870178 2.97764706611633
14 20 0.0704914182424545 -1.05083024501801 2.91650390625
15 1 -0.0100198164582253 -0.0253767259418964 3.06641173362732
15 2 -0.0194641146808863 0.0298012010753155 3.13188552856445
15 3 -0.0325684063136578 0.395593255758286 3.17526841163635
15 4 -0.0474372282624245 0.624543309211731 3.15990114212036
15 5 -0.211993560194969 0.257394582033157 3.11381793022156
15 6 -0.275880992412567 0.0166076794266701 3.0670440196991
15 7 -0.258788585662842 -0.227925926446915 2.98892092704773
15 8 -0.241189196705818 -0.334757775068283 2.97274971008301
15 9 0.170396611094475 0.31591472029686 3.17456316947937
15 10 0.382493108510971 0.457449048757553 3.17516493797302
15 11 0.418392539024353 0.716509461402893 3.20581030845642
15 12 0.410011857748032 0.830904424190521 3.22147846221924
15 13 -0.0921996161341667 -0.114705964922905 3.03212571144104
15 14 -0.0907055288553238 -0.655106067657471 3.03170037269592
15 15 -0.0670888870954514 -1.00886213779449 2.98320150375366
15 16 -0.0940711498260498 -1.07122457027435 2.92631101608276
15 17 0.0809238255023956 -0.104354664683342 3.05148577690125
15 18 0.0735108554363251 -0.638849437236786 3.00255107879639
15 19 0.0419210381805897 -0.994733393192291 2.97888159751892
15 20 0.0675797313451767 -1.04882538318634 2.91354155540466
16 1 -0.00918830838054419 -0.0248531773686409 3.0669002532959
16 2 -0.018586702644825 0.0302575342357159 3.13237452507019
16 3 -0.0317412875592709 0.396265357732773 3.17630577087402
16 4 -0.046832088381052 0.624848365783691 3.15788412094116
16 5 -0.211963966488838 0.257735013961792 3.11458158493042
16 6 -0.275812685489655 0.0166297927498817 3.06733250617981
16 7 -0.258820503950119 -0.22656586766243 2.98888325691223
16 8 -0.241327494382858 -0.335424572229385 2.97414827346802
16 9 0.171876281499863 0.316644966602325 3.17526960372925
16 10 0.38346603512764 0.45807608962059 3.17389631271362
16 11 0.413366973400116 0.736130118370056 3.20639801025391
16 12 0.409354388713837 0.833742916584015 3.22110104560852
16 13 -0.0915131494402885 -0.114578559994698 3.03223466873169
16 14 -0.0898246616125107 -0.655983448028564 3.03265929222107
16 15 -0.0677505284547806 -1.00769174098969 2.98722314834595
16 16 -0.0969197303056717 -1.07194471359253 2.93297076225281
16 17 0.0822321623563766 -0.104057401418686 3.05237245559692
16 18 0.0733360648155212 -0.639881134033203 3.00352454185486
16 19 0.039326798170805 -0.997666358947754 2.97773265838623
16 20 0.0677503123879433 -1.05234479904175 2.91350674629211
17 1 -0.0083523103967309 -0.0240795370191336 3.06722092628479
17 2 -0.0176429748535156 0.0308895260095596 3.1327657699585
17 3 -0.029527947306633 0.397644817829132 3.17729663848877
17 4 -0.0462145581841469 0.626207828521729 3.15779447555542
17 5 -0.21110974252224 0.258040904998779 3.11590766906738
17 6 -0.276422709226608 0.0169685650616884 3.06752777099609
17 7 -0.257712572813034 -0.226642787456512 2.98803901672363
17 8 -0.239160299301147 -0.33551037311554 2.97206115722656
17 9 0.173357039690018 0.316975742578506 3.17590165138245
17 10 0.384295284748077 0.456774652004242 3.17495131492615
17 11 0.415404796600342 0.742547929286957 3.20783519744873
17 12 0.412050634622574 0.831477284431458 3.22217750549316
17 13 -0.0907829776406288 -0.114027440547943 3.03243350982666
17 14 -0.0886898189783096 -0.655643939971924 3.0336275100708
17 15 -0.0654975473880768 -1.00962054729462 2.98394536972046
17 16 -0.0963798388838768 -1.07196116447449 2.92786383628845
17 17 0.083514429628849 -0.103029541671276 3.05264687538147
17 18 0.073976643383503 -0.639288425445557 3.00422120094299
17 19 0.0384080037474632 -0.997620522975922 2.97669744491577
17 20 0.0748088136315346 -1.04864764213562 2.91161632537842
18 1 -0.00687418784946203 -0.0241210013628006 3.06736469268799
18 2 -0.016339834779501 0.0310825519263744 3.13286423683167
18 3 -0.0285540502518415 0.397488325834274 3.17663717269897
18 4 -0.043251771479845 0.627440810203552 3.16046905517578
18 5 -0.208509892225266 0.259277254343033 3.11520981788635
18 6 -0.276682317256927 0.0179823990911245 3.06775426864624
18 7 -0.256869584321976 -0.227649912238121 2.98849725723267
18 8 -0.239007651805878 -0.335927784442902 2.97177624702454
18 9 0.174602016806602 0.317223072052002 3.17610883712769
18 10 0.384608834981918 0.455186009407043 3.17303657531738
18 11 0.420120656490326 0.73473060131073 3.20821928977966
18 12 0.413497239351273 0.834605991840363 3.2269024848938
18 13 -0.0890104100108147 -0.114292874932289 3.03223443031311
18 14 -0.0893605798482895 -0.655771732330322 3.03391647338867
18 15 -0.0646824836730957 -1.0105459690094 2.982088804245
18 16 -0.100994065403938 -1.07120990753174 2.92820072174072
18 17 0.0847115963697433 -0.102926813066006 3.05321288108826
18 18 0.0741278901696205 -0.638465046882629 3.00512051582336
18 19 0.0382845550775528 -0.997822403907776 2.97609400749207
18 20 0.0668002888560295 -1.05289006233215 2.91239953041077
19 1 -0.00533002056181431 -0.0241799987852573 3.06739544868469
19 2 -0.0148532167077065 0.0310555305331945 3.13288640975952
19 3 -0.0276385229080915 0.397252589464188 3.17635250091553
19 4 -0.0390858016908169 0.629613757133484 3.16792702674866
19 5 -0.205840513110161 0.260963320732117 3.11601305007935
19 6 -0.276781111955643 0.0186230558902025 3.06726145744324
19 7 -0.2565638422966 -0.228894397616386 2.9854462146759
19 8 -0.238259896636009 -0.335848599672318 2.97117114067078
19 9 0.175930023193359 0.317789644002914 3.17608880996704
19 10 0.385047495365143 0.453833550214767 3.17362642288208
19 11 0.419194042682648 0.740130424499512 3.21306443214417
19 12 0.41476047039032 0.835201561450958 3.22664165496826
19 13 -0.086938887834549 -0.113951072096825 3.03216862678528
19 14 -0.0883756130933762 -0.656049489974976 3.03436517715454
19 15 -0.0607657134532928 -1.00873947143555 2.98029398918152
19 16 -0.0986988618969917 -1.0737898349762 2.9323844909668
19 17 0.085909329354763 -0.102908499538898 3.05351758003235
19 18 0.0765712112188339 -0.641528487205505 3.00539922714233
19 19 0.0402945801615715 -0.999858677387238 2.97508192062378
19 20 0.0759314745664597 -1.05431890487671 2.91400909423828
20 1 -0.00427770102396607 -0.0239930469542742 3.0673189163208
20 2 -0.0137338824570179 0.0310239102691412 3.13284993171692
20 3 -0.0266984887421131 0.396229207515717 3.17659139633179
20 4 -0.0404031686484814 0.628141760826111 3.16500353813171
20 5 -0.205377474427223 0.261266797780991 3.11617660522461
20 6 -0.276729613542557 0.0184971410781145 3.06684541702271
20 7 -0.257200837135315 -0.228166565299034 2.98440074920654
20 8 -0.238096162676811 -0.335886985063553 2.9715416431427
20 9 0.177114069461823 0.317743450403214 3.17585730552673
20 10 0.385570585727692 0.454224765300751 3.17349052429199
20 11 0.417609363794327 0.743396043777466 3.21135401725769
20 12 0.41423961520195 0.833920419216156 3.22623991966248
20 13 -0.0857139602303505 -0.113443002104759 3.03147292137146
20 14 -0.0882152169942856 -0.654842853546143 3.03451681137085
20 15 -0.0614289529621601 -1.01138007640839 2.97917675971985
20 16 -0.103263311088085 -1.0719621181488 2.9285888671875
20 17 0.0868869051337242 -0.102990172803402 3.05358028411865
20 18 0.0769467651844025 -0.64287281036377 3.00576114654541
20 19 0.0378849245607853 -1.00205981731415 2.97394299507141
20 20 0.0755935311317444 -1.05157542228699 2.90986728668213
