1 1 -0.00870107766240835 -0.0328905023634434 3.05071878433228
1 2 -0.0200090575963259 0.0226618051528931 3.11712694168091
1 3 -0.0285880342125893 0.394135892391205 3.16454315185547
1 4 -0.0410759188234806 0.603175401687622 3.15178227424622
1 5 -0.208374559879303 0.261403739452362 3.10198044776917
1 6 -0.279405117034912 0.0209249630570412 3.05323266983032
1 7 -0.255299657583237 -0.22617644071579 2.96737337112427
1 8 -0.239119678735733 -0.330229133367538 2.95995426177979
1 9 0.179094240069389 0.283397883176804 3.16904258728027
1 10 0.448424428701401 0.373172253370285 3.2131040096283
1 11 0.491673976182938 0.608594298362732 3.20004034042358
1 12 0.509949624538422 0.687952101230621 3.21975660324097
1 13 -0.0913271605968475 -0.118893325328827 3.01118516921997
1 14 -0.0906787216663361 -0.659424304962158 3.02969241142273
1 15 -0.0661980658769608 -1.01326441764832 2.98910021781921
1 16 -0.091321587562561 -1.06312143802643 2.9403440952301
1 17 0.0824734792113304 -0.115663565695286 3.03961896896362
1 18 0.076584056019783 -0.653115630149841 3.00254440307617
1 19 0.0484689883887768 -0.997822046279907 2.98942089080811
1 20 0.0663820877671242 -1.05695712566376 2.91821599006653
2 1 -0.00537362974137068 -0.0321833938360214 3.05082368850708
2 2 -0.0165809988975525 0.0232833437621593 3.11721515655518
2 3 -0.0240860804915428 0.393841296434402 3.16485834121704
2 4 -0.0383782088756561 0.606175899505615 3.15106987953186
2 5 -0.203768253326416 0.26273912191391 3.10206842422485
2 6 -0.278349041938782 0.020554019138217 3.05250883102417
2 7 -0.252714455127716 -0.230011880397797 2.9653046131134
2 8 -0.23672416806221 -0.330297082662582 2.95730209350586
2 9 0.18141183257103 0.285100609064102 3.16930365562439
2 10 0.453090280294418 0.371565639972687 3.21229815483093
2 11 0.494327455759048 0.609347343444824 3.20513200759888
2 12 0.486141890287399 0.690901279449463 3.21689128875732
2 13 -0.0879272371530533 -0.118091732263565 3.01086044311523
2 14 -0.0904819816350937 -0.660724759101868 3.0294406414032
2 15 -0.0622578077018261 -1.01622200012207 2.98532176017761
2 16 -0.0960456654429436 -1.06581580638885 2.92609047889709
2 17 0.0853079035878181 -0.114903941750526 3.04000520706177
2 18 0.0772957801818848 -0.651154756546021 3.00305271148682
2 19 0.0495423153042793 -0.996830642223358 2.98968148231506
2 20 0.0601129829883575 -1.05535447597504 2.91982531547546
3 1 -0.00309403752908111 -0.0314915329217911 3.04971599578857
3 2 -0.0148356640711427 0.0237488392740488 3.1162440776825
3 3 -0.0237561482936144 0.394080877304077 3.16456723213196
3 4 -0.023677097633481 0.609705984592438 3.15142321586609
3 5 -0.200685456395149 0.262355864048004 3.1008768081665
3 6 -0.277190387248993 0.0201394092291594 3.05217552185059
3 7 -0.251047521829605 -0.228716775774956 2.9649510383606
3 8 -0.234573110938072 -0.328471779823303 2.95712661743164
3 9 0.186482816934586 0.283985316753387 3.16981649398804
3 10 0.450566589832306 0.355557143688202 3.2062783241272
3 11 0.502053141593933 0.606212258338928 3.20444464683533
3 12 0.501344442367554 0.687792718410492 3.21099758148193
3 13 -0.0858091935515404 -0.116981945931911 3.00973033905029
3 14 -0.0876898765563965 -0.658028125762939 3.02984356880188
3 15 -0.0601864568889141 -1.01261937618256 2.9884660243988
3 16 -0.0918848514556885 -1.05997669696808 2.94175481796265
3 17 0.0886354446411133 -0.114486806094646 3.0380494594574
3 18 0.0790135636925697 -0.651685476303101 3.00296664237976
3 19 0.0478805899620056 -0.998411357402802 2.98790907859802
3 20 0.0676738917827606 -1.05814027786255 2.92041850090027
4 1 -0.000948326603975147 -0.0304299686104059 3.04874634742737
4 2 -0.0124404756352305 0.0248927064239979 3.11503911018372
4 3 -0.0212640017271042 0.394282966852188 3.16143369674683
4 4 -0.0210406146943569 0.612728536128998 3.14860987663269
4 5 -0.199256494641304 0.26328831911087 3.10101890563965
4 6 -0.273511081933975 0.0193383432924747 3.05063056945801
4 7 -0.249701589345932 -0.226227164268494 2.96471762657166
4 8 -0.232256978750229 -0.323493480682373 2.95763254165649
4 9 0.188898637890816 0.284240901470184 3.16865348815918
4 10 0.451425909996033 0.356628507375717 3.20196151733398
4 11 0.510984420776367 0.606317102909088 3.20434880256653
4 12 0.503106951713562 0.690973281860352 3.21766448020935
4 13 -0.0840508118271828 -0.116356611251831 3.00989151000977
4 14 -0.0838584080338478 -0.657335460186005 3.02883672714233
4 15 -0.0598575137555599 -1.01430904865265 2.98747682571411
4 16 -0.0947821289300919 -1.06626832485199 2.95063400268555
4 17 0.0908620283007622 -0.113464169204235 3.03654479980469
4 18 0.0814551338553429 -0.65066522359848 3.0020318031311
4 19 0.0519121140241623 -0.997358083724976 2.98847532272339
4 20 0.0666003674268723 -1.05967783927917 2.91789078712463
5 1 0.000859903870150447 -0.0300129521638155 3.04730749130249
5 2 -0.0101113310083747 0.0254487786442041 3.11344432830811
5 3 -0.0183588080108166 0.394654154777527 3.15882062911987
5 4 -0.0233143661171198 0.614936828613281 3.14621639251709
5 5 -0.197832643985748 0.26287254691124 3.09980368614197
5 6 -0.271842002868652 0.0173592790961266 3.05100893974304
5 7 -0.248637899756432 -0.227101683616638 2.96496915817261
5 8 -0.231333062052727 -0.323704212903976 2.9584219455719
5 9 0.188477411866188 0.284873247146606 3.16524863243103
5 10 0.450620412826538 0.350257515907288 3.19828748703003
5 11 0.512285828590393 0.604775488376617 3.1983790397644
5 12 0.503381490707397 0.684283554553986 3.20703864097595
5 13 -0.0826003178954124 -0.115823976695538 3.00942158699036
5 14 -0.0829356983304024 -0.656036138534546 3.02829551696777
5 15 -0.0593730695545673 -1.01395785808563 2.9869430065155
5 16 -0.0899192541837692 -1.06748914718628 2.93653750419617
5 17 0.0927547514438629 -0.113238267600536 3.03488731384277
5 18 0.0829179808497429 -0.651010155677795 3.00206065177917
5 19 0.0490655936300755 -0.999396026134491 2.98543906211853
5 20 0.068625271320343 -1.06049346923828 2.91353797912598
6 1 0.00189726240932941 -0.0297431834042072 3.04704213142395
6 2 -0.00903359055519104 0.0258697420358658 3.11310577392578
6 3 -0.0159311685711145 0.394517838954926 3.15758919715881
6 4 -0.0215605460107327 0.616560161113739 3.14516043663025
6 5 -0.196989730000496 0.263187617063522 3.09986734390259
6 6 -0.270404547452927 0.0153515869751573 3.04909133911133
6 7 -0.248171329498291 -0.227548152208328 2.96561312675476
6 8 -0.23130989074707 -0.324354827404022 2.95806002616882
6 9 0.190848380327225 0.287983238697052 3.16682076454163
6 10 0.448421806097031 0.354498505592346 3.19452714920044
6 11 0.512498140335083 0.598095178604126 3.18916082382202
6 12 0.498899847269058 0.67695289850235 3.18814873695374
6 13 -0.0815851613879204 -0.116209395229816 3.00942850112915
6 14 -0.0844857841730118 -0.656549036502838 3.02698469161987
6 15 -0.0642610117793083 -1.01428055763245 2.98611092567444
6 16 -0.0945976674556732 -1.05872881412506 2.93601512908936
6 17 0.093252032995224 -0.112553350627422 3.03438663482666
6 18 0.0818583965301514 -0.646203398704529 3.00083351135254
6 19 0.0460832603275776 -0.997579216957092 2.98767399787903
6 20 0.0504259914159775 -1.05545544624329 2.92364954948425
7 1 0.00185043516103178 -0.0300235655158758 3.04656100273132
7 2 -0.00897248834371567 0.0254055261611938 3.11274981498718
7 3 -0.0181271620094776 0.393798828125 3.15848636627197
7 4 -0.0191669687628746 0.616856098175049 3.1450526714325
7 5 -0.19720296561718 0.263027995824814 3.09952855110168
7 6 -0.272059977054596 0.0159816518425941 3.04924058914185
7 7 -0.249118804931641 -0.227165818214417 2.96359038352966
7 8 -0.231364145874977 -0.326410472393036 2.95791125297546
7 9 0.189091458916664 0.287054628133774 3.16431069374084
7 10 0.446052312850952 0.355897784233093 3.19288182258606
7 11 0.510576605796814 0.596169769763947 3.18824553489685
7 12 0.501748979091644 0.674763977527618 3.1953010559082
7 13 -0.0812546461820602 -0.11597353219986 3.00884628295898
7 14 -0.0839765965938568 -0.656661987304688 3.02751564979553
7 15 -0.0601756609976292 -1.0129177570343 2.9868483543396
7 16 -0.0880037248134613 -1.06025362014771 2.93825483322144
7 17 0.0932676419615746 -0.112820155918598 3.03359293937683
7 18 0.0809104144573212 -0.65019416809082 2.99976325035095
7 19 0.0489390343427658 -0.995856940746307 2.98815679550171
7 20 0.0654090791940689 -1.05179393291473 2.91455364227295
8 1 0.000788647099398077 -0.0306034721434116 3.04603219032288
8 2 -0.00989916175603867 0.0249636434018612 3.11224484443665
8 3 -0.0193615332245827 0.394323885440826 3.1579258441925
8 4 -0.0263699050992727 0.61934232711792 3.14836072921753
8 5 -0.198059946298599 0.262893438339233 3.09936094284058
8 6 -0.274681031703949 0.0152532663196325 3.04962587356567
8 7 -0.249609351158142 -0.22699773311615 2.96356773376465
8 8 -0.232810884714127 -0.326419532299042 2.95468044281006
8 9 0.186344131827354 0.286810547113419 3.16294622421265
8 10 0.451381206512451 0.359617531299591 3.19491195678711
8 11 0.510681927204132 0.598416984081268 3.19274520874023
8 12 0.517836451530457 0.675154983997345 3.21126675605774
8 13 -0.0821282044053078 -0.11639142781496 3.00832414627075
8 14 -0.0843998789787292 -0.657186448574066 3.02836275100708
8 15 -0.0589195229113102 -1.00978899002075 2.98886013031006
8 16 -0.0843980684876442 -1.05979788303375 2.94194674491882
8 17 0.091672919690609 -0.113230317831039 3.03341770172119
8 18 0.0809927210211754 -0.650666415691376 3.0013644695282
8 19 0.048721082508564 -0.998583555221558 2.98649334907532
8 20 0.0653603971004486 -1.05801177024841 2.91662907600403
9 1 -0.000503849121741951 -0.0310965646058321 3.04587888717651
9 2 -0.0111083230003715 0.0243783351033926 3.11216425895691
9 3 -0.0198662746697664 0.393945604562759 3.1587073802948
9 4 -0.0345044732093811 0.619050443172455 3.14725875854492
9 5 -0.199689790606499 0.262742161750793 3.09873914718628
9 6 -0.276654124259949 0.0183507017791271 3.04946398735046
9 7 -0.251302748918533 -0.227625861763954 2.96383762359619
9 8 -0.235625252127647 -0.328642725944519 2.9539737701416
9 9 0.182515770196915 0.28658527135849 3.1622416973114
9 10 0.44751763343811 0.357354372739792 3.1921215057373
9 11 0.509023785591125 0.600218534469604 3.19395875930786
9 12 0.530737102031708 0.67240184545517 3.21764469146729
9 13 -0.0832510069012642 -0.116640850901604 3.00791096687317
9 14 -0.0864464268088341 -0.657271265983582 3.02878022193909
9 15 -0.0649583041667938 -1.01193571090698 2.98762655258179
9 16 -0.0951831936836243 -1.061394572258 2.9381856918335
9 17 0.0898363962769508 -0.113218910992146 3.03347873687744
9 18 0.0779738277196884 -0.649539232254028 3.00054311752319
9 19 0.0472895167768002 -0.999251365661621 2.98876690864563
9 20 0.0490016415715218 -1.05263817310333 2.92677569389343
10 1 -0.00123809301294386 -0.0309498384594917 3.04601263999939
10 2 -0.01191077940166 0.0244779605418444 3.11218476295471
10 3 -0.0210172086954117 0.393137156963348 3.15777182579041
10 4 -0.0353531874716282 0.619490265846252 3.14786410331726
10 5 -0.201489329338074 0.262241423130035 3.09868383407593
10 6 -0.277943819761276 0.0182825699448586 3.04999613761902
10 7 -0.253114491701126 -0.227929025888443 2.96423768997192
10 8 -0.237664639949799 -0.329913705587387 2.95595026016235
10 9 0.180624693632126 0.288015455007553 3.16305041313171
10 10 0.445382416248322 0.352575242519379 3.19258809089661
10 11 0.508142709732056 0.594344913959503 3.1907172203064
10 12 0.511012613773346 0.67341011762619 3.20270919799805
10 13 -0.0840078070759773 -0.1166977211833 3.00798058509827
10 14 -0.0879335477948189 -0.659228682518005 3.0292661190033
10 15 -0.0668575018644333 -1.01667928695679 2.98590850830078
10 16 -0.0970659106969833 -1.06258344650269 2.93789863586426
10 17 0.0887399241328239 -0.113073758780956 3.03446435928345
10 18 0.0781024321913719 -0.648516118526459 3.00118327140808
10 19 0.0471502617001534 -0.99618136882782 2.99057412147522
10 20 0.0616120025515556 -1.05370211601257 2.92433834075928
11 1 -0.00214030686765909 -0.030840802937746 3.04625868797302
11 2 -0.0127309411764145 0.0246145706623793 3.11238574981689
11 3 -0.0218583792448044 0.393940627574921 3.15805196762085
11 4 -0.0392351076006889 0.620779931545258 3.14752697944641
11 5 -0.20297871530056 0.262275725603104 3.09885740280151
11 6 -0.278607308864594 0.0193816944956779 3.05127000808716
11 7 -0.254668653011322 -0.226637095212936 2.96367931365967
11 8 -0.237968698143959 -0.330250471830368 2.95660877227783
11 9 0.180279299616814 0.288413465023041 3.16273927688599
11 10 0.43996787071228 0.350612282752991 3.19067096710205
11 11 0.506889700889587 0.597757279872894 3.19000172615051
11 12 0.514146447181702 0.675010502338409 3.20323753356934
11 13 -0.0848318114876747 -0.116751372814178 3.00820541381836
11 14 -0.0876313298940659 -0.659015297889709 3.02860260009766
11 15 -0.0649727880954742 -1.01619243621826 2.98436737060547
11 16 -0.096362516283989 -1.06379878520966 2.93318033218384
11 17 0.0881254523992538 -0.112908884882927 3.03449201583862
11 18 0.0767237767577171 -0.650433242321014 3.00136280059814
11 19 0.0436871536076069 -1.00065362453461 2.98733282089233
11 20 0.0613617300987244 -1.05713939666748 2.91730403900146
12 1 -0.00262963306158781 -0.0304340533912182 3.04663681983948
12 2 -0.0130076892673969 0.0248354412615299 3.11274909973145
12 3 -0.0219931714236736 0.393511176109314 3.15889716148376
12 4 -0.0397413745522499 0.620710968971252 3.14715194702148
12 5 -0.204066187143326 0.262613505125046 3.09944367408752
12 6 -0.278676271438599 0.0217647273093462 3.05167984962463
12 7 -0.255308717489243 -0.227827310562134 2.96438956260681
12 8 -0.239020556211472 -0.33035945892334 2.95717668533325
12 9 0.180032268166542 0.288772106170654 3.16249179840088
12 10 0.447356343269348 0.354704260826111 3.19234323501587
12 11 0.506262421607971 0.596262991428375 3.18632912635803
12 12 0.514365434646606 0.673519432544708 3.19828963279724
12 13 -0.0855219587683678 -0.116543740034103 3.00820636749268
12 14 -0.089009515941143 -0.658220648765564 3.02845191955566
12 15 -0.0622152201831341 -1.01625967025757 2.98504090309143
12 16 -0.0968119651079178 -1.06703066825867 2.92978525161743
12 17 0.0876863524317741 -0.112627670168877 3.0351893901825
12 18 0.075514130294323 -0.650215685367584 3.00137329101563
12 19 0.0463840700685978 -0.99642813205719 2.98848724365234
12 20 0.0550784729421139 -1.0557336807251 2.92008852958679
13 1 -0.00272544333711267 -0.0301423482596874 3.04668498039246
13 2 -0.0131925325840712 0.025256210938096 3.1127622127533
13 3 -0.0222566928714514 0.394551873207092 3.15845060348511
13 4 -0.038784347474575 0.622223436832428 3.14578652381897
13 5 -0.204070717096329 0.262245059013367 3.09877419471741
13 6 -0.278995126485825 0.0229432508349419 3.05237102508545
13 7 -0.255638688802719 -0.225634306669235 2.96404409408569
13 8 -0.238532155752182 -0.329616904258728 2.95739603042603
13 9 0.179267331957817 0.289390832185745 3.16243720054626
13 10 0.444829940795898 0.352751851081848 3.19108963012695
13 11 0.507344007492065 0.599354267120361 3.18577647209167
13 12 0.508434891700745 0.677089154720306 3.19637942314148
13 13 -0.0856823548674583 -0.116191953420639 3.00805759429932
13 14 -0.0884107053279877 -0.657192230224609 3.02831244468689
13 15 -0.0661935284733772 -1.0118659734726 2.98862648010254
13 16 -0.091074712574482 -1.06117939949036 2.9412693977356
13 17 0.0876008570194244 -0.112387225031853 3.03547835350037
13 18 0.0767392292618752 -0.647688627243042 3.00163674354553
13 19 0.0469984896481037 -0.994748413562775 2.98990035057068
13 20 0.0543236993253231 -1.05217134952545 2.92631196975708
14 1 -0.0028583921957761 -0.0301085654646158 3.04684567451477
14 2 -0.0135360211133957 0.0251620039343834 3.11291527748108
14 3 -0.0237684976309538 0.393825978040695 3.15887832641602
14 4 -0.0390929728746414 0.621809780597687 3.14472341537476
14 5 -0.20461542904377 0.26148995757103 3.09853339195251
14 6 -0.279057055711746 0.0222223680466414 3.05215334892273
14 7 -0.255968630313873 -0.227445766329765 2.96430730819702
14 8 -0.238264292478561 -0.330042272806168 2.95821714401245
14 9 0.179595693945885 0.290519505739212 3.16383910179138
14 10 0.447593033313751 0.356483787298203 3.19053554534912
14 11 0.507914781570435 0.598100602626801 3.18663454055786
14 12 0.510584950447083 0.675147771835327 3.20004677772522
14 13 -0.0856678187847137 -0.116354167461395 3.00800204277039
14 14 -0.0877808108925819 -0.65963214635849 3.02774047851563
14 15 -0.0661551579833031 -1.01391303539276 2.98519468307495
14 16 -0.0911383628845215 -1.06787526607513 2.94256138801575
14 17 0.0876405313611031 -0.112307399511337 3.03568124771118
14 18 0.0767150372266769 -0.64881420135498 3.00123119354248
14 19 0.0453092902898788 -0.997669816017151 2.98807692527771
14 20 0.0698886811733246 -1.05416524410248 2.91915130615234
15 1 -0.00345614971593022 -0.0304678305983543 3.04677557945251
15 2 -0.0138181131333113 0.0247469283640385 3.11281561851501
15 3 -0.0240111313760281 0.392626911401749 3.15819501876831
15 4 -0.0392801873385906 0.621643006801605 3.14631581306458
15 5 -0.205521434545517 0.261843025684357 3.09907245635986
15 6 -0.27880585193634 0.021868821233511 3.0538649559021
15 7 -0.255855083465576 -0.227560713887215 2.96584296226501
15 8 -0.238189145922661 -0.330367416143417 2.95861434936523
15 9 0.177772909402847 0.287769943475723 3.16061663627625
15 10 0.443908721208572 0.347015231847763 3.18683958053589
15 11 0.50701367855072 0.592732429504395 3.1814079284668
15 12 0.514352381229401 0.669593513011932 3.19359302520752
15 13 -0.0864601358771324 -0.116762578487396 3.00834202766418
15 14 -0.0894307419657707 -0.659633457660675 3.02803230285645
15 15 -0.0686662346124649 -1.01469540596008 2.98464822769165
15 16 -0.0945997759699821 -1.06391072273254 2.93014478683472
15 17 0.0872773081064224 -0.112463511526585 3.03556942939758
15 18 0.0762008726596832 -0.650804281234741 3.00166869163513
15 19 0.0456103980541229 -0.998632967472076 2.98497724533081
15 20 0.0588710233569145 -1.0576012134552 2.91970014572144
16 1 -0.00388758606277406 -0.0312074553221464 3.04654908180237
16 2 -0.0142030194401741 0.024141501635313 3.11266446113586
16 3 -0.0242118388414383 0.392256736755371 3.15821552276611
16 4 -0.036326140165329 0.621596217155457 3.14488673210144
16 5 -0.205443948507309 0.261675864458084 3.09900403022766
16 6 -0.278565794229507 0.0163418482989073 3.05248165130615
16 7 -0.255601614713669 -0.227186515927315 2.96489953994751
16 8 -0.237755551934242 -0.33009272813797 2.95894289016724
16 9 0.178194880485535 0.287343889474869 3.16017460823059
16 10 0.449245274066925 0.352822929620743 3.18461012840271
16 11 0.511813521385193 0.599147081375122 3.17444491386414
16 12 0.529853403568268 0.698681831359863 3.19014477729797
16 13 -0.0868306830525398 -0.117513798177242 3.00838589668274
16 14 -0.0892177224159241 -0.660605192184448 3.02738332748413
16 15 -0.0694451257586479 -1.01609194278717 2.98686575889587
16 16 -0.0937082469463348 -1.06546676158905 2.93883395195007
16 17 0.0866867750883102 -0.113131254911423 3.03491115570068
16 18 0.0767595842480659 -0.653941929340363 3.00125622749329
16 19 0.0463867112994194 -0.99778425693512 2.98677682876587
16 20 0.0682356134057045 -1.05732703208923 2.91444420814514
17 1 -0.00355794047936797 -0.0309627167880535 3.04612874984741
17 2 -0.0139674255624413 0.024212209507823 3.11227130889893
17 3 -0.0238022767007351 0.392103731632233 3.15824246406555
17 4 -0.0338662192225456 0.621314585208893 3.14243030548096
17 5 -0.204367652535439 0.261828035116196 3.09869241714478
17 6 -0.278491258621216 0.0164667945355177 3.05227541923523
17 7 -0.255233079195023 -0.226920157670975 2.96495866775513
17 8 -0.237814351916313 -0.330600500106812 2.96008157730103
17 9 0.181031495332718 0.287241369485855 3.16022658348084
17 10 0.432825744152069 0.340925931930542 3.18512225151062
17 11 0.511326968669891 0.59747302532196 3.17271447181702
17 12 0.487942397594452 0.672113478183746 3.16904616355896
17 13 -0.0866001918911934 -0.117204770445824 3.00779294967651
17 14 -0.0897420719265938 -0.660598158836365 3.02864074707031
17 15 -0.0637651458382607 -1.01489043235779 2.98579406738281
17 16 -0.0946890711784363 -1.06154644489288 2.93641710281372
17 17 0.0874120146036148 -0.113005116581917 3.03433203697205
17 18 0.0767247378826141 -0.650916278362274 3.00049757957459
17 19 0.0420324169099331 -1.00234365463257 2.98738360404968
17 20 0.0616479516029358 -1.05681443214417 2.92710304260254
18 1 -0.00350957200862467 -0.0307882521301508 3.04564905166626
18 2 -0.0138327460736036 0.0244858227670193 3.11172652244568
18 3 -0.0232000779360533 0.392620176076889 3.15703344345093
18 4 -0.0324156433343887 0.622448563575745 3.14172315597534
18 5 -0.203725650906563 0.262334942817688 3.09896159172058
18 6 -0.27801913022995 0.01847386918962 3.0529191493988
18 7 -0.255212038755417 -0.226925060153008 2.96513485908508
18 8 -0.23796546459198 -0.330437064170837 2.95936489105225
18 9 0.181903898715973 0.287050008773804 3.159996509552
18 10 0.445434927940369 0.346116960048676 3.1840341091156
18 11 0.513471662998199 0.596977055072784 3.1767783164978
18 12 0.510364651679993 0.688129305839539 3.19703245162964
18 13 -0.0866412669420242 -0.117214366793633 3.00747656822205
18 14 -0.0905304253101349 -0.661059677600861 3.0279803276062
18 15 -0.0701267048716545 -1.01601684093475 2.98425459861755
18 16 -0.0828666388988495 -1.06423914432526 2.92620015144348
18 17 0.087494358420372 -0.1129215285182 3.03374814987183
18 18 0.0757370069622993 -0.651221036911011 3.00137376785278
18 19 0.0454261377453804 -0.997572064399719 2.9861888885498
18 20 0.0592102631926537 -1.05101764202118 2.9260561466217
19 1 -0.00325838872231543 -0.0303594470024109 3.04531311988831
19 2 -0.0137821268290281 0.0249054245650768 3.11134362220764
19 3 -0.0230384897440672 0.392897456884384 3.15630149841309
19 4 -0.0284200757741928 0.624235212802887 3.14504957199097
19 5 -0.202540516853333 0.262530595064163 3.098149061203
19 6 -0.277097374200821 0.0177097115665674 3.05061268806458
19 7 -0.255148857831955 -0.227092772722244 2.96512937545776
19 8 -0.238231718540192 -0.330416798591614 2.95879769325256
19 9 0.184664472937584 0.28779673576355 3.16091871261597
19 10 0.44892019033432 0.350864589214325 3.18302941322327
19 11 0.512315571308136 0.596239626407623 3.17495560646057
19 12 0.495759457349777 0.673132300376892 3.17638897895813
19 13 -0.0862813964486122 -0.116523519158363 3.00685977935791
19 14 -0.0905238166451454 -0.658563852310181 3.02718114852905
19 15 -0.0618269667029381 -1.0130603313446 2.98570084571838
19 16 -0.0901616513729095 -1.05957770347595 2.9370105266571
19 17 0.0877587646245956 -0.112996906042099 3.03346419334412
19 18 0.0759121626615524 -0.65190327167511 2.99977421760559
19 19 0.0501872412860394 -1.00226676464081 2.98192429542542
19 20 0.0715308040380478 -1.0596696138382 2.91716885566711
20 1 -0.00268588424660265 -0.0303962528705597 3.04402422904968
20 2 -0.0132225817069411 0.0250306278467178 3.10992836952209
20 3 -0.0227109901607037 0.392967790365219 3.1535484790802
20 4 -0.0280809700489044 0.624507784843445 3.14182043075562
20 5 -0.201949074864388 0.261918097734451 3.09670734405518
20 6 -0.276504844427109 0.0178065337240696 3.05034756660461
20 7 -0.25478658080101 -0.227972865104675 2.96327114105225
20 8 -0.23747044801712 -0.330108106136322 2.95738768577576
20 9 0.184553220868111 0.287763714790344 3.15926384925842
20 10 0.448618292808533 0.351522535085678 3.17857980728149
20 11 0.512703061103821 0.587846338748932 3.16903209686279
20 12 0.508753776550293 0.666194081306458 3.17125034332275
20 13 -0.0856597721576691 -0.116442233324051 3.00542211532593
20 14 -0.0893623158335686 -0.657199382781982 3.02726554870605
20 15 -0.0636866316199303 -1.01234495639801 2.98864316940308
20 16 -0.0930242836475372 -1.05877780914307 2.93738269805908
20 17 0.0884143337607384 -0.113078445196152 3.03256344795227
20 18 0.0758914351463318 -0.649987459182739 2.99952983856201
20 19 0.0464391000568867 -0.996804177761078 2.98896884918213
20 20 0.0654535964131355 -1.05349826812744 2.92691779136658
