1 1 -0.0093344934284687 -0.117291964590549 3.08926224708557
1 2 -0.013158181682229 -0.0655980706214905 3.15031385421753
1 3 -0.0348376780748367 0.273975104093552 3.18429636955261
1 4 -0.0497334450483322 0.474319636821747 3.18854570388794
1 5 -0.215516701340675 0.148017272353172 3.16157078742981
1 6 -0.248165622353554 -0.0894421637058258 3.10122680664063
1 7 -0.233687147498131 -0.280291348695755 3.01080322265625
1 8 -0.225641787052155 -0.357695788145065 2.98417329788208
1 9 0.175210103392601 0.190670400857925 3.17450332641602
1 10 0.357662707567215 0.310354828834534 3.10243225097656
1 11 0.316196918487549 0.516231596469879 3.11045432090759
1 12 0.2958964407444 0.606462240219116 3.14455580711365
1 13 -0.0907413884997368 -0.206624954938889 3.0606369972229
1 14 -0.11554878205061 -0.670851111412048 3.06292653083801
1 15 -0.126553356647491 -1.00348258018494 3.02141261100769
1 16 -0.152705505490303 -1.05537486076355 2.95464968681335
1 17 0.0839724838733673 -0.196954861283302 3.07034540176392
1 18 0.100826129317284 -0.678664565086365 3.03266096115112
1 19 0.103067651391029 -1.00232446193695 2.99417281150818
1 20 0.112211875617504 -1.05079627037048 2.91061329841614
2 1 -0.00926405191421509 -0.115968883037567 3.0896270275116
2 2 -0.0136591345071793 -0.0646282657980919 3.15047955513
2 3 -0.0374124944210052 0.273599058389664 3.18381857872009
2 4 -0.0516358017921448 0.477132827043533 3.19022989273071
2 5 -0.21730974316597 0.148359820246696 3.16318726539612
2 6 -0.249484568834305 -0.0886187106370926 3.10176587104797
2 7 -0.23385363817215 -0.27924782037735 3.00977253913879
2 8 -0.225473150610924 -0.35745844244957 2.98251676559448
2 9 0.174525693058968 0.19258177280426 3.17602181434631
2 10 0.356163084506989 0.316287726163864 3.10633206367493
2 11 0.317920297384262 0.517405033111572 3.11160135269165
2 12 0.308199793100357 0.611295938491821 3.14526414871216
2 13 -0.0908034890890121 -0.206208407878876 3.06098198890686
2 14 -0.115516655147076 -0.669585108757019 3.06330180168152
2 15 -0.123528242111206 -1.00771450996399 3.02293038368225
2 16 -0.152435466647148 -1.0539071559906 2.9517834186554
2 17 0.0843351930379868 -0.195984169840813 3.07081151008606
2 18 0.100845515727997 -0.680712878704071 3.03243184089661
2 19 0.102801606059074 -0.999235093593597 2.99119305610657
2 20 0.113036051392555 -1.05254328250885 2.90819931030273
3 1 -0.00954098626971245 -0.115210548043251 3.09034991264343
3 2 -0.014115265570581 -0.0639102160930634 3.15123462677002
3 3 -0.039405569434166 0.274302572011948 3.18574047088623
3 4 -0.0518925935029984 0.476928651332855 3.19360280036926
3 5 -0.219041511416435 0.147981628775597 3.16510820388794
3 6 -0.250241994857788 -0.0880364254117012 3.1023268699646
3 7 -0.234316557645798 -0.27984544634819 3.01078486442566
3 8 -0.22550855576992 -0.358103573322296 2.98231673240662
3 9 0.174384325742722 0.193442314863205 3.17739772796631
3 10 0.355601280927658 0.319923162460327 3.10989665985107
3 11 0.329910844564438 0.52152544260025 3.11058902740479
3 12 0.312915623188019 0.616121292114258 3.13955760002136
3 13 -0.0911882668733597 -0.206078991293907 3.06157326698303
3 14 -0.115335814654827 -0.671837747097015 3.0641143321991
3 15 -0.127065062522888 -1.00556623935699 3.01621699333191
3 16 -0.151521280407906 -1.05716359615326 2.94991970062256
3 17 0.0847187042236328 -0.195455640554428 3.0712890625
3 18 0.101020760834217 -0.677107930183411 3.03140902519226
3 19 0.10456308722496 -1.00295853614807 2.99182271957397
3 20 0.112088181078434 -1.05478835105896 2.91093444824219
4 1 -0.00947878416627645 -0.115085586905479 3.09151792526245
4 2 -0.0143240345641971 -0.0637048929929733 3.15263915061951
4 3 -0.0395396053791046 0.274760067462921 3.18740344047546
4 4 -0.0515535622835159 0.476847290992737 3.19565296173096
4 5 -0.219012245535851 0.147297635674477 3.16647028923035
4 6 -0.25080817937851 -0.0863665193319321 3.10462784767151
4 7 -0.234188765287399 -0.279138892889023 3.01320815086365
4 8 -0.224929124116898 -0.358312427997589 2.98356795310974
4 9 0.173347234725952 0.193232595920563 3.18021821975708
4 10 0.355456471443176 0.318042904138565 3.11423778533936
4 11 0.320889532566071 0.520756125450134 3.11572694778442
4 12 0.309967577457428 0.61554229259491 3.14697122573853
4 13 -0.090849831700325 -0.206285357475281 3.06288290023804
4 14 -0.114951081573963 -0.670394718647003 3.06441259384155
4 15 -0.126344949007034 -1.00230133533478 3.01623582839966
4 16 -0.151641592383385 -1.05581033229828 2.95098567008972
4 17 0.0851304680109024 -0.195270583033562 3.07330560684204
4 18 0.100847944617271 -0.672739326953888 3.03133630752563
4 19 0.105656586587429 -1.00064563751221 2.98922181129456
4 20 0.110606946051121 -1.05566239356995 2.91350436210632
5 1 -0.00913935620337725 -0.115782707929611 3.0935537815094
5 2 -0.0140153355896473 -0.0642068311572075 3.15444922447205
5 3 -0.0382147952914238 0.274146169424057 3.18923544883728
5 4 -0.0508632771670818 0.474715173244476 3.19625329971313
5 5 -0.218675553798676 0.146895349025726 3.16874146461487
5 6 -0.250592112541199 -0.0878789201378822 3.10683345794678
5 7 -0.234710991382599 -0.277769088745117 3.01791596412659
5 8 -0.226736977696419 -0.358127653598785 2.99036502838135
5 9 0.173152476549149 0.191581934690475 3.18162727355957
5 10 0.355072170495987 0.31241837143898 3.11693263053894
5 11 0.327736586332321 0.512594699859619 3.11400008201599
5 12 0.313911288976669 0.609176933765411 3.14167451858521
5 13 -0.0906587392091751 -0.206855341792107 3.06535863876343
5 14 -0.114886857569218 -0.669912278652191 3.06493806838989
5 15 -0.124954491853714 -1.00358295440674 3.02195525169373
5 16 -0.152411118149757 -1.05407214164734 2.95243787765503
5 17 0.085669256746769 -0.195981204509735 3.07526183128357
5 18 0.100580766797066 -0.678245067596436 3.03204107284546
5 19 0.103778302669525 -1.00001215934753 2.99548101425171
5 20 0.112312778830528 -1.04896509647369 2.91224551200867
6 1 -0.00820502359420061 -0.115776427090168 3.09555625915527
6 2 -0.0129756256937981 -0.0641546919941902 3.1564199924469
6 3 -0.0364937335252762 0.273981511592865 3.19094204902649
6 4 -0.0501046516001225 0.475946813821793 3.19909310340881
6 5 -0.218430981040001 0.146159037947655 3.17008209228516
6 6 -0.247563242912292 -0.090909332036972 3.10932874679565
6 7 -0.23431795835495 -0.277272522449493 3.01967740058899
6 8 -0.226104572415352 -0.358507573604584 2.98883700370789
6 9 0.174447074532509 0.192168682813644 3.18312835693359
6 10 0.35799515247345 0.313751727342606 3.12009429931641
6 11 0.323602497577667 0.517437338829041 3.11691808700562
6 12 0.31492155790329 0.612705826759338 3.14897441864014
6 13 -0.0898770913481712 -0.207352325320244 3.06776070594788
6 14 -0.11505102366209 -0.669751584529877 3.06569886207581
6 15 -0.125870525836945 -1.00065159797668 3.01941680908203
6 16 -0.153302371501923 -1.05403780937195 2.95221853256226
6 17 0.0861453860998154 -0.195673689246178 3.07620310783386
6 18 0.102004453539848 -0.669556021690369 3.03139615058899
6 19 0.103054732084274 -0.989458858966827 3.00054478645325
6 20 0.110745251178741 -1.04340434074402 2.93477487564087
7 1 -0.00762991234660149 -0.115753129124641 3.09661221504211
7 2 -0.0120201604440808 -0.0643515363335609 3.15767168998718
7 3 -0.0340460278093815 0.273888111114502 3.19365382194519
7 4 -0.0510667636990547 0.476955354213715 3.20361828804016
7 5 -0.218178942799568 0.146153151988983 3.17246270179749
7 6 -0.248575687408447 -0.0886874720454216 3.11076545715332
7 7 -0.234277606010437 -0.275542855262756 3.02130675315857
7 8 -0.226662069559097 -0.356982469558716 2.99151539802551
7 9 0.175133511424065 0.193093731999397 3.18465781211853
7 10 0.356715142726898 0.312439113855362 3.12034940719604
7 11 0.334268152713776 0.512256503105164 3.11724996566772
7 12 0.319534122943878 0.607846915721893 3.14448571205139
7 13 -0.0895647257566452 -0.207487657666206 3.06866264343262
7 14 -0.114792101085186 -0.668637335300446 3.06550598144531
7 15 -0.12683442234993 -1.00169229507446 3.01620554924011
7 16 -0.152844816446304 -1.05614590644836 2.9549412727356
7 17 0.0863373130559921 -0.195490971207619 3.07681226730347
7 18 0.102463982999325 -0.668660283088684 3.03231978416443
7 19 0.104104712605476 -0.989616334438324 2.99829816818237
7 20 0.108383074402809 -1.04080200195313 2.93030405044556
8 1 -0.00748420553281903 -0.115687668323517 3.09721612930298
8 2 -0.01162423286587 -0.0644400343298912 3.15841054916382
8 3 -0.0334765389561653 0.273635894060135 3.19529247283936
8 4 -0.0520956069231033 0.477246791124344 3.20245218276978
8 5 -0.218703791499138 0.145965620875359 3.17393732070923
8 6 -0.249056622385979 -0.0867266729474068 3.11253905296326
8 7 -0.234125733375549 -0.275224357843399 3.02191925048828
8 8 -0.225530341267586 -0.357127159833908 2.99011373519897
8 9 0.173941001296043 0.192752063274384 3.18504166603088
8 10 0.35779196023941 0.316958725452423 3.12006664276123
8 11 0.332963883876801 0.516191899776459 3.11360764503479
8 12 0.318992465734482 0.612168252468109 3.13820815086365
8 13 -0.0894829258322716 -0.207550033926964 3.06940937042236
8 14 -0.114695988595486 -0.668753147125244 3.0651228427887
8 15 -0.126154899597168 -1.00361442565918 3.02160501480103
8 16 -0.152677103877068 -1.05517137050629 2.95330214500427
8 17 0.0863964408636093 -0.195041075348854 3.07694578170776
8 18 0.102784760296345 -0.667541861534119 3.03086185455322
8 19 0.10396346449852 -0.993616163730621 2.99893617630005
8 20 0.107372626662254 -1.04280662536621 2.93561363220215
9 1 -0.00710383662953973 -0.116538546979427 3.09716463088989
9 2 -0.0112830772995949 -0.0647761002182961 3.1585488319397
9 3 -0.0334603227674961 0.275048702955246 3.19469475746155
9 4 -0.0525192394852638 0.477529406547546 3.20461916923523
9 5 -0.218142300844193 0.145298808813095 3.17458510398865
9 6 -0.249420493841171 -0.0873590409755707 3.11265230178833
9 7 -0.233756005764008 -0.276136308908463 3.0214056968689
9 8 -0.226304590702057 -0.357140123844147 2.9948627948761
9 9 0.172763332724571 0.192689508199692 3.185959815979
9 10 0.355079799890518 0.310405731201172 3.12089610099792
9 11 0.325616329908371 0.517744839191437 3.11904764175415
9 12 0.316562980413437 0.613545536994934 3.14640712738037
9 13 -0.0889419391751289 -0.20793429017067 3.06939435005188
9 14 -0.114870727062225 -0.669477462768555 3.06476974487305
9 15 -0.127068385481834 -1.00410997867584 3.01906728744507
9 16 -0.155125886201859 -1.06037390232086 2.94743847846985
9 17 0.086232103407383 -0.195476770401001 3.07677531242371
9 18 0.102432101964951 -0.66616153717041 3.03053760528564
9 19 0.102962173521519 -0.99138081073761 2.99796056747437
9 20 0.111500062048435 -1.03955268859863 2.93451023101807
10 1 -0.00723593169823289 -0.116678982973099 3.09749674797058
10 2 -0.0112760970368981 -0.0648759678006172 3.15885496139526
10 3 -0.0328395813703537 0.275128722190857 3.19512343406677
10 4 -0.0533097386360168 0.477141618728638 3.20568037033081
10 5 -0.218096494674683 0.145261079072952 3.17544317245483
10 6 -0.245265185832977 -0.0942922085523605 3.11166334152222
10 7 -0.233567297458649 -0.27844500541687 3.02042245864868
10 8 -0.226128429174423 -0.355792611837387 2.99437808990479
10 9 0.172813355922699 0.191947594285011 3.18643712997437
10 10 0.35849192738533 0.310610711574554 3.12055659294128
10 11 0.324305266141891 0.51324200630188 3.1126811504364
10 12 0.315758794546127 0.607104003429413 3.14536333084106
10 13 -0.0893000140786171 -0.208128362894058 3.06997466087341
10 14 -0.114906832575798 -0.669180572032928 3.06505966186523
10 15 -0.126290842890739 -1.00435042381287 3.01754450798035
10 16 -0.154562175273895 -1.05690264701843 2.94432830810547
10 17 0.0859463214874268 -0.195594877004623 3.07686567306519
10 18 0.10221191495657 -0.671533286571503 3.03204488754272
10 19 0.104861184954643 -0.995346009731293 2.99943137168884
10 20 0.11246419698 -1.04818391799927 2.9274263381958
11 1 -0.00723562203347683 -0.116868421435356 3.09758162498474
11 2 -0.011218742467463 -0.0651922523975372 3.15906548500061
11 3 -0.0330239348113537 0.274730056524277 3.19561314582825
11 4 -0.0530897229909897 0.47712916135788 3.20529341697693
11 5 -0.21730849146843 0.144842803478241 3.17475724220276
11 6 -0.248992726206779 -0.086717814207077 3.11494755744934
11 7 -0.23421311378479 -0.275195866823196 3.02240538597107
11 8 -0.225853055715561 -0.356589019298553 2.99154996871948
11 9 0.172660455107689 0.192326739430428 3.1858503818512
11 10 0.357538282871246 0.312824279069901 3.11851978302002
11 11 0.32690891623497 0.510333299636841 3.11278390884399
11 12 0.315995097160339 0.605209767818451 3.14045453071594
11 13 -0.0891675353050232 -0.2082649320364 3.07036638259888
11 14 -0.11490286886692 -0.668964207172394 3.06534147262573
11 15 -0.126407489180565 -1.00191068649292 3.01846051216125
11 16 -0.153679579496384 -1.05710518360138 2.95298147201538
11 17 0.0857935100793839 -0.195758476853371 3.07683873176575
11 18 0.102698311209679 -0.67229962348938 3.03220200538635
11 19 0.101551473140717 -0.995363414287567 2.99985694885254
11 20 0.110685899853706 -1.04835152626038 2.91187000274658
12 1 -0.00718172639608383 -0.116958536207676 3.09777617454529
12 2 -0.0112497517839074 -0.0651561319828033 3.15923523902893
12 3 -0.0332897044718266 0.275110065937042 3.19551825523376
12 4 -0.0533816963434219 0.476773530244827 3.20548295974731
12 5 -0.217424660921097 0.144727617502213 3.17493033409119
12 6 -0.249514028429985 -0.0869432091712952 3.11438369750977
12 7 -0.234014689922333 -0.27629029750824 3.02300786972046
12 8 -0.224695771932602 -0.357312440872192 2.99224519729614
12 9 0.173281237483025 0.192562639713287 3.18646240234375
12 10 0.354085803031921 0.314058393239975 3.1181468963623
12 11 0.31997674703598 0.525004386901855 3.11449241638184
12 12 0.313348770141602 0.61993807554245 3.14557194709778
12 13 -0.0890895053744316 -0.208453163504601 3.07053136825562
12 14 -0.114723712205887 -0.669834196567535 3.06552481651306
12 15 -0.125778347253799 -1.00280976295471 3.01888751983643
12 16 -0.151252508163452 -1.05561256408691 2.95248556137085
12 17 0.0860581696033478 -0.195893183350563 3.07737684249878
12 18 0.10355369746685 -0.675483286380768 3.03270936012268
12 19 0.105593711137772 -0.998071789741516 2.99417638778687
12 20 0.108926080167294 -1.05368828773499 2.91591644287109
13 1 -0.00729168020188808 -0.117288798093796 3.0981616973877
13 2 -0.011395531706512 -0.0654196888208389 3.15951800346375
13 3 -0.0342973619699478 0.275079369544983 3.19561743736267
13 4 -0.0527074597775936 0.476780086755753 3.20670533180237
13 5 -0.217907726764679 0.144859507679939 3.17602825164795
13 6 -0.247925907373428 -0.0930956155061722 3.11258459091187
13 7 -0.234104320406914 -0.276977300643921 3.02255463600159
13 8 -0.223709806799889 -0.357072710990906 2.99215030670166
13 9 0.172580361366272 0.191696763038635 3.18664622306824
13 10 0.355220884084702 0.316371440887451 3.11756920814514
13 11 0.317967504262924 0.525588512420654 3.11123085021973
13 12 0.302090853452683 0.621057510375977 3.14084482192993
13 13 -0.089142307639122 -0.208681702613831 3.07049703598022
13 14 -0.114921122789383 -0.669498562812805 3.06598210334778
13 15 -0.127574145793915 -1.0016393661499 3.01863217353821
13 16 -0.151336148381233 -1.05471003055573 2.95139956474304
13 17 0.0861193537712097 -0.196351319551468 3.07817411422729
13 18 0.103187099099159 -0.67072606086731 3.03226590156555
13 19 0.104527801275253 -0.99867457151413 2.99822473526001
13 20 0.107962280511856 -1.04184365272522 2.93409991264343
14 1 -0.00786465313285589 -0.117653712630272 3.09899806976318
14 2 -0.0121125737205148 -0.065884992480278 3.16041159629822
14 3 -0.0351778119802475 0.27445775270462 3.19699668884277
14 4 -0.0530173219740391 0.476611495018005 3.20789790153503
14 5 -0.21774223446846 0.144825771450996 3.17606282234192
14 6 -0.24959996342659 -0.0884761810302734 3.11561870574951
14 7 -0.234805643558502 -0.275642305612564 3.02443528175354
14 8 -0.225170254707336 -0.354405224323273 2.99723863601685
14 9 0.172879993915558 0.191405743360519 3.18729209899902
14 10 0.356163680553436 0.317921221256256 3.11762595176697
14 11 0.318938136100769 0.51392924785614 3.11007356643677
14 12 0.307077974081039 0.609874248504639 3.14102101325989
14 13 -0.0898187384009361 -0.208980828523636 3.07085132598877
14 14 -0.115330159664154 -0.669761061668396 3.06619262695313
14 15 -0.127053841948509 -1.00435566902161 3.02039861679077
14 16 -0.1549172103405 -1.05826079845428 2.95245885848999
14 17 0.0858949199318886 -0.196863830089569 3.07957124710083
14 18 0.102337211370468 -0.669431269168854 3.03288221359253
14 19 0.105165109038353 -0.997215986251831 2.99615740776062
14 20 0.112973131239414 -1.0457775592804 2.9329309463501
15 1 -0.00783298444002867 -0.117632500827312 3.09963464736938
15 2 -0.012051047757268 -0.0658442303538322 3.16112279891968
15 3 -0.0347250699996948 0.275151997804642 3.19860863685608
15 4 -0.0543686859309673 0.477051109075546 3.21124410629272
15 5 -0.218287631869316 0.145464107394218 3.17757439613342
15 6 -0.248007506132126 -0.0920262560248375 3.11459064483643
15 7 -0.234581992030144 -0.276486188173294 3.02486276626587
15 8 -0.225400045514107 -0.356570780277252 2.99766540527344
15 9 0.172785639762878 0.191276654601097 3.18854069709778
15 10 0.357352197170258 0.317593187093735 3.11853909492493
15 11 0.316325843334198 0.519152402877808 3.11048769950867
15 12 0.30814665555954 0.614514589309692 3.1464626789093
15 13 -0.089799240231514 -0.208856910467148 3.07142424583435
15 14 -0.115243643522263 -0.670215964317322 3.06694650650024
15 15 -0.125490978360176 -1.00450086593628 3.01812243461609
15 16 -0.154281675815582 -1.05761897563934 2.95349502563477
15 17 0.0857489258050919 -0.196965605020523 3.08004879951477
15 18 0.101204015314579 -0.674808144569397 3.03335189819336
15 19 0.105905808508396 -1.00340092182159 2.98708271980286
15 20 0.10920661687851 -1.05066609382629 2.92052054405212
16 1 -0.00735783856362104 -0.118001818656921 3.10105156898499
16 2 -0.0118369767442346 -0.0661632716655731 3.16256785392761
16 3 -0.0352443903684616 0.27529701590538 3.20047640800476
16 4 -0.0542920678853989 0.477840453386307 3.21326160430908
16 5 -0.218644380569458 0.145299285650253 3.1777937412262
16 6 -0.245946198701859 -0.0940821841359138 3.11483025550842
16 7 -0.23456971347332 -0.277742207050323 3.02392745018005
16 8 -0.225810751318932 -0.357053309679031 2.99671721458435
16 9 0.171018734574318 0.190440341830254 3.18990159034729
16 10 0.355830162763596 0.313966870307922 3.12068128585815
16 11 0.315197557210922 0.52223002910614 3.11032485961914
16 12 0.307228446006775 0.618728280067444 3.14448285102844
16 13 -0.0891208052635193 -0.209141716361046 3.07238960266113
16 14 -0.115582659840584 -0.66912841796875 3.06718826293945
16 15 -0.125939950346947 -1.00359857082367 3.01645493507385
16 16 -0.154146149754524 -1.0583393573761 2.9577739238739
16 17 0.0861971974372864 -0.197119206190109 3.08170771598816
16 18 0.101146943867207 -0.677607774734497 3.03319478034973
16 19 0.103390946984291 -1.00189089775085 2.99643683433533
16 20 0.114508353173733 -1.05227065086365 2.91107273101807
17 1 -0.00717144832015038 -0.118131853640079 3.10205602645874
17 2 -0.0118901534006 -0.0664373338222504 3.16365623474121
17 3 -0.0349255613982677 0.274712979793549 3.20213055610657
17 4 -0.0544349774718285 0.478793680667877 3.21722650527954
17 5 -0.218562811613083 0.145831346511841 3.17806673049927
17 6 -0.244411200284958 -0.0947501212358475 3.11544036865234
17 7 -0.234822422266006 -0.278127819299698 3.02364563941956
17 8 -0.225953087210655 -0.357197135686874 2.99529790878296
17 9 0.171205386519432 0.189927160739899 3.1916139125824
17 10 0.356392592191696 0.31385263800621 3.11999678611755
17 11 0.317629903554916 0.515871822834015 3.10968637466431
17 12 0.308509945869446 0.612976312637329 3.14233922958374
17 13 -0.0889643803238869 -0.209245890378952 3.07263660430908
17 14 -0.115055665373802 -0.670572400093079 3.06803941726685
17 15 -0.126571610569954 -1.00435864925385 3.01629114151001
17 16 -0.152321949601173 -1.05864763259888 2.95239639282227
17 17 0.0864528119564056 -0.197313964366913 3.08328175544739
17 18 0.101947940886021 -0.674862205982208 3.03424859046936
17 19 0.104451090097427 -1.00168144702911 2.9951605796814
17 20 0.109961450099945 -1.05027079582214 2.91804599761963
18 1 -0.00714641250669956 -0.118933394551277 3.10274624824524
18 2 -0.0119225112721324 -0.0672629848122597 3.16442942619324
18 3 -0.0335444360971451 0.274401843547821 3.20382475852966
18 4 -0.0549149923026562 0.478603333234787 3.21848702430725
18 5 -0.217794820666313 0.146160691976547 3.17803359031677
18 6 -0.243624567985535 -0.0932734161615372 3.11754846572876
18 7 -0.235218316316605 -0.276408135890961 3.02503371238709
18 8 -0.224710285663605 -0.357865065336227 2.99638605117798
18 9 0.169902697205544 0.188742756843567 3.1928825378418
18 10 0.355246752500534 0.31307116150856 3.1215660572052
18 11 0.315190851688385 0.521633863449097 3.11040925979614
18 12 0.307538121938705 0.618969261646271 3.14508509635925
18 13 -0.0888003557920456 -0.209193706512451 3.07297444343567
18 14 -0.115272402763367 -0.67023628950119 3.06873345375061
18 15 -0.127309247851372 -1.00172436237335 3.01568675041199
18 16 -0.151416450738907 -1.05582129955292 2.95346260070801
18 17 0.085892491042614 -0.1982411891222 3.0843608379364
18 18 0.102050520479679 -0.673153460025787 3.03641629219055
18 19 0.10435064136982 -0.99196720123291 2.999103307724
18 20 0.107726365327835 -1.04355192184448 2.94367694854736
19 1 -0.00723104784265161 -0.118559785187244 3.10347533226013
19 2 -0.0117781385779381 -0.0667835995554924 3.16518616676331
19 3 -0.0347119644284248 0.275873184204102 3.20418930053711
19 4 -0.0511271208524704 0.480057746171951 3.22226691246033
19 5 -0.217320099473 0.146719083189964 3.18015670776367
19 6 -0.244017198681831 -0.0915840193629265 3.12082386016846
19 7 -0.235459506511688 -0.27548822760582 3.02661776542664
19 8 -0.225618213415146 -0.356754660606384 3.00009751319885
19 9 0.170974865555763 0.190186977386475 3.19285845756531
19 10 0.356261342763901 0.313911318778992 3.12183094024658
19 11 0.314228534698486 0.518986880779266 3.11259293556213
19 12 0.306004673242569 0.616861462593079 3.14661979675293
19 13 -0.088774785399437 -0.208820670843124 3.07407140731812
19 14 -0.115569069981575 -0.669316411018372 3.06842136383057
19 15 -0.125078722834587 -1.00387167930603 3.02405118942261
19 16 -0.154435142874718 -1.05701732635498 2.95525550842285
19 17 0.0858973264694214 -0.197738394141197 3.08478379249573
19 18 0.102826371788979 -0.672938764095306 3.03740859031677
19 19 0.103594124317169 -0.990549921989441 3.00172638893127
19 20 0.109751716256142 -1.04006695747375 2.94358038902283
20 1 -0.00728819100186229 -0.118342213332653 3.10396075248718
20 2 -0.0116962445899844 -0.0665634274482727 3.16567826271057
20 3 -0.0343410894274712 0.275836616754532 3.20451760292053
20 4 -0.0516768582165241 0.478637903928757 3.221604347229
20 5 -0.216679692268372 0.146921575069427 3.18188691139221
20 6 -0.242692053318024 -0.0917027369141579 3.12225556373596
20 7 -0.235265925526619 -0.276756107807159 3.02645897865295
20 8 -0.226881369948387 -0.356516450643539 3.00349307060242
20 9 0.172499030828476 0.190038964152336 3.19375395774841
20 10 0.35769134759903 0.311775028705597 3.12536191940308
20 11 0.311871379613876 0.52411288022995 3.11398196220398
20 12 0.303485721349716 0.621995210647583 3.14921164512634
20 13 -0.0889180898666382 -0.208523586392403 3.07480835914612
20 14 -0.115065149962902 -0.6689732670784 3.06706857681274
20 15 -0.126671552658081 -1.0022885799408 3.01704263687134
20 16 -0.154123485088348 -1.05696976184845 2.95394277572632
20 17 0.085769459605217 -0.19761323928833 3.08481001853943
20 18 0.103596039116383 -0.668864250183105 3.0365629196167
20 19 0.103594169020653 -0.99281233549118 3.00159049034119
20 20 0.110190913081169 -1.04084920883179 2.93839693069458
