1 1 -0.0124678816646338 -0.123169526457787 3.09480857849121
1 2 -0.0139856804162264 -0.0716538727283478 3.15605521202087
1 3 -0.0273336227983236 0.269134759902954 3.19593167304993
1 4 -0.0507533177733421 0.473473101854324 3.21234631538391
1 5 -0.214926898479462 0.144504383206367 3.17687368392944
1 6 -0.247451931238174 -0.100844129920006 3.11006093025208
1 7 -0.237679928541183 -0.291244328022003 3.02360773086548
1 8 -0.231977701187134 -0.36031699180603 2.99958205223084
1 9 0.167768061161041 0.183461591601372 3.18010497093201
1 10 0.340410053730011 0.30514845252037 3.06820511817932
1 11 0.322612106800079 0.507397472858429 3.04483556747437
1 12 0.313886672258377 0.595745146274567 3.08101892471313
1 13 -0.0948051512241364 -0.211653888225555 3.06892347335815
1 14 -0.11724054068327 -0.672455310821533 3.06440663337708
1 15 -0.127246081829071 -1.0034544467926 3.01501154899597
1 16 -0.151275619864464 -1.05602204799652 2.95165467262268
1 17 0.0774134397506714 -0.201143085956573 3.0737099647522
1 18 0.0995908007025719 -0.669352293014526 3.02977418899536
1 19 0.102385357022285 -0.990513205528259 3.00359702110291
1 20 0.109433442354202 -1.04246354103088 2.93408226966858
2 1 -0.0122736757621169 -0.123048365116119 3.09651064872742
2 2 -0.0140007473528385 -0.07172641903162 3.15774536132813
2 3 -0.0290503278374672 0.267714381217957 3.19752478599548
2 4 -0.0498886182904243 0.471832901239395 3.21242427825928
2 5 -0.21514105796814 0.143919557332993 3.1784336566925
2 6 -0.248908922076225 -0.0953873321413994 3.11298727989197
2 7 -0.237701743841171 -0.284705609083176 3.02700614929199
2 8 -0.23138715326786 -0.356291800737381 3.00493597984314
2 9 0.167928501963615 0.18364879488945 3.18154668807983
2 10 0.339178442955017 0.305519312620163 3.06789088249207
2 11 0.314544826745987 0.507110357284546 3.0542573928833
2 12 0.302774459123611 0.595639586448669 3.08921885490417
2 13 -0.0946920290589333 -0.211498945951462 3.0710346698761
2 14 -0.117013767361641 -0.670373499393463 3.06496095657349
2 15 -0.126354023814201 -1.00146019458771 3.01637005805969
2 16 -0.15191176533699 -1.05455529689789 2.95586109161377
2 17 0.0776252076029778 -0.201107054948807 3.07460236549377
2 18 0.0997036248445511 -0.668517649173737 3.03103089332581
2 19 0.104394480586052 -0.994165182113647 2.9993109703064
2 20 0.107643999159336 -1.04414451122284 2.93154311180115
3 1 -0.0118486071005464 -0.123604454100132 3.09695339202881
3 2 -0.0137951197102666 -0.0724192783236504 3.15837001800537
3 3 -0.029597345739603 0.266951084136963 3.19881319999695
3 4 -0.0514125898480415 0.470312684774399 3.2120635509491
3 5 -0.214393392205238 0.143453121185303 3.17850375175476
3 6 -0.249529451131821 -0.0945259109139442 3.11440491676331
3 7 -0.237937495112419 -0.283628642559052 3.02884864807129
3 8 -0.232130810618401 -0.357858270406723 3.00582718849182
3 9 0.168148577213287 0.18324339389801 3.18272280693054
3 10 0.337651312351227 0.305363774299622 3.06797885894775
3 11 0.31617796421051 0.506980180740356 3.05479431152344
3 12 0.302522927522659 0.594845235347748 3.09057211875916
3 13 -0.0940697267651558 -0.212018370628357 3.07109665870667
3 14 -0.11636371165514 -0.670456647872925 3.0658278465271
3 15 -0.126871794462204 -1.00134527683258 3.01492094993591
3 16 -0.153725147247314 -1.05503666400909 2.9497082233429
3 17 0.0781493335962296 -0.20145072042942 3.07492589950562
3 18 0.0999620631337166 -0.675415277481079 3.03190398216248
3 19 0.1051180139184 -0.998924136161804 2.99296140670776
3 20 0.116661764681339 -1.04978573322296 2.91428375244141
4 1 -0.0117506887763739 -0.123779498040676 3.09741616249084
4 2 -0.0138456160202622 -0.0723042711615562 3.158935546875
4 3 -0.0310694091022015 0.268406987190247 3.19889807701111
4 4 -0.0525246858596802 0.471069097518921 3.21427702903748
4 5 -0.215107008814812 0.143015176057816 3.18039560317993
4 6 -0.247957020998001 -0.097515232861042 3.11398816108704
4 7 -0.237834274768829 -0.286192566156387 3.02756690979004
4 8 -0.231666326522827 -0.358353108167648 3.0020923614502
4 9 0.167455956339836 0.183540001511574 3.18400740623474
4 10 0.338162362575531 0.306880861520767 3.06856036186218
4 11 0.31364431977272 0.507977545261383 3.05616998672485
4 12 0.308025360107422 0.595566391944885 3.0947048664093
4 13 -0.0937107503414154 -0.212207436561584 3.07147765159607
4 14 -0.116107150912285 -0.670260488986969 3.06617641448975
4 15 -0.126796290278435 -0.998881816864014 3.01792168617249
4 16 -0.150299087166786 -1.05361914634705 2.9546103477478
4 17 0.0785265192389488 -0.201428115367889 3.07546830177307
4 18 0.100190602242947 -0.67703640460968 3.03179216384888
4 19 0.104946553707123 -1.00093650817871 2.99459671974182
4 20 0.113715648651123 -1.05308854579926 2.91107535362244
5 1 -0.0116187203675508 -0.123484410345554 3.09863495826721
5 2 -0.0137129733338952 -0.0720726996660233 3.16027164459229
5 3 -0.0307703167200089 0.269019097089767 3.20119118690491
5 4 -0.0513329543173313 0.47083842754364 3.21612405776978
5 5 -0.215414881706238 0.142790287733078 3.18118906021118
5 6 -0.247979789972305 -0.0962917432188988 3.11538553237915
5 7 -0.237927660346031 -0.284953087568283 3.02874708175659
5 8 -0.23130302131176 -0.358644992113113 3.00366258621216
5 9 0.167739257216454 0.183346256613731 3.18485713005066
5 10 0.339491099119186 0.310299009084702 3.06945705413818
5 11 0.311433076858521 0.510991275310516 3.05672669410706
5 12 0.305950909852982 0.599274754524231 3.09388828277588
5 13 -0.0936753824353218 -0.212199613451958 3.07248377799988
5 14 -0.116014286875725 -0.669214069843292 3.06690406799316
5 15 -0.128187075257301 -1.00026071071625 3.01608610153198
5 16 -0.150316953659058 -1.05310869216919 2.95157027244568
5 17 0.0787054747343063 -0.201038137078285 3.07645130157471
5 18 0.100069224834442 -0.667028784751892 3.03085827827454
5 19 0.103853151202202 -0.984790325164795 3.00553154945374
5 20 0.109788149595261 -1.04034316539764 2.94111514091492
6 1 -0.0117507828399539 -0.123412244021893 3.09946870803833
6 2 -0.0137938456609845 -0.0718650370836258 3.16096711158752
6 3 -0.0300604645162821 0.268755227327347 3.20044541358948
6 4 -0.0505683198571205 0.472275733947754 3.21643853187561
6 5 -0.215672731399536 0.142758741974831 3.18222570419312
6 6 -0.24656642973423 -0.099876843392849 3.11567449569702
6 7 -0.237517192959785 -0.288385808467865 3.02834296226501
6 8 -0.231837868690491 -0.358082294464111 3.00748419761658
6 9 0.167080402374268 0.183258563280106 3.1857750415802
6 10 0.339353382587433 0.309485048055649 3.06890511512756
6 11 0.312020510435104 0.511679232120514 3.05910205841064
6 12 0.306888163089752 0.599292278289795 3.09807562828064
6 13 -0.0940373614430428 -0.21244290471077 3.07410287857056
6 14 -0.116336986422539 -0.668902218341827 3.0679612159729
6 15 -0.128312796354294 -1.00038087368011 3.01628375053406
6 16 -0.150501325726509 -1.0551164150238 2.95444917678833
6 17 0.0784584805369377 -0.20086033642292 3.07723546028137
6 18 0.0993021205067635 -0.669801533222198 3.0324981212616
6 19 0.101433910429478 -0.993586301803589 2.99847745895386
6 20 0.108060449361801 -1.04084372520447 2.93502855300903
7 1 -0.0116305211558938 -0.123581513762474 3.09998774528503
7 2 -0.0136559540405869 -0.0721274167299271 3.16158866882324
7 3 -0.0298591125756502 0.268784910440445 3.20184445381165
7 4 -0.0511983223259449 0.471339821815491 3.21898674964905
7 5 -0.215597435832024 0.142321437597275 3.18201470375061
7 6 -0.246679857373238 -0.097354993224144 3.11865997314453
7 7 -0.238243326544762 -0.285594999790192 3.03075122833252
7 8 -0.230138584971428 -0.359427362680435 3.00700497627258
7 9 0.167498767375946 0.183640971779823 3.18609189987183
7 10 0.337191998958588 0.306868195533752 3.07159209251404
7 11 0.312461286783218 0.508842051029205 3.06634545326233
7 12 0.308327198028564 0.598311722278595 3.10100269317627
7 13 -0.0940847247838974 -0.212673157453537 3.07421493530273
7 14 -0.116502478718758 -0.66922265291214 3.06834125518799
7 15 -0.126992374658585 -0.999437928199768 3.01552486419678
7 16 -0.151551485061646 -1.05408716201782 2.95111989974976
7 17 0.0786358565092087 -0.200982555747032 3.07790541648865
7 18 0.100789755582809 -0.670669496059418 3.031822681427
7 19 0.103652253746986 -0.988986313343048 3.00194692611694
7 20 0.109326466917992 -1.03957891464233 2.93353199958801
8 1 -0.0116085968911648 -0.123582601547241 3.10052490234375
8 2 -0.0136042535305023 -0.0721575766801834 3.16207098960876
8 3 -0.0303522367030382 0.267875760793686 3.20202469825745
8 4 -0.0529018715023994 0.472136318683624 3.2194402217865
8 5 -0.216117650270462 0.142952397465706 3.18315505981445
8 6 -0.243976384401321 -0.106197543442249 3.11659812927246
8 7 -0.238631576299667 -0.294262647628784 3.02781748771667
8 8 -0.232495680451393 -0.357938945293427 3.01178693771362
8 9 0.16732120513916 0.184153586626053 3.18652606010437
8 10 0.338285028934479 0.307334363460541 3.07208132743835
8 11 0.312428146600723 0.508249521255493 3.06572008132935
8 12 0.30822229385376 0.598401069641113 3.09872579574585
8 13 -0.0939525961875916 -0.212624773383141 3.0745964050293
8 14 -0.116566263139248 -0.669774413108826 3.06816458702087
8 15 -0.127550691366196 -0.999229788780212 3.01451373100281
8 16 -0.153470426797867 -1.05607497692108 2.95344638824463
8 17 0.0786579549312592 -0.201181024312973 3.07853770256042
8 18 0.0996228903532028 -0.677308917045593 3.03260374069214
8 19 0.108226351439953 -1.00321638584137 2.98647713661194
8 20 0.1124297529459 -1.0545768737793 2.91343235969543
9 1 -0.0119102979078889 -0.123775437474251 3.10104918479919
9 2 -0.013850417919457 -0.0723425820469856 3.16265201568604
9 3 -0.0310977157205343 0.268064737319946 3.20285058021545
9 4 -0.0533226355910301 0.473209112882614 3.22167706489563
9 5 -0.216012164950371 0.14270868897438 3.18415975570679
9 6 -0.246327936649323 -0.0989158004522324 3.12005209922791
9 7 -0.238845750689507 -0.286794066429138 3.03087615966797
9 8 -0.23117621243 -0.358191609382629 3.01132202148438
9 9 0.166993021965027 0.183193698525429 3.18689012527466
9 10 0.33670449256897 0.306291401386261 3.07317805290222
9 11 0.31618532538414 0.507970154285431 3.06219577789307
9 12 0.305344700813293 0.59483802318573 3.10195899009705
9 13 -0.0941653102636337 -0.212907433509827 3.07493996620178
9 14 -0.11644085496664 -0.672972977161407 3.06872057914734
9 15 -0.128468289971352 -1.00089466571808 3.01670527458191
9 16 -0.152202278375626 -1.05571234226227 2.94879651069641
9 17 0.0783717855811119 -0.201298713684082 3.07893872261047
9 18 0.0994422733783722 -0.673789083957672 3.03258299827576
9 19 0.105859830975533 -0.995494842529297 2.99778842926025
9 20 0.110153630375862 -1.04295229911804 2.9249255657196
10 1 -0.0122323539108038 -0.124022625386715 3.10111951828003
10 2 -0.0142280869185925 -0.0724960267543793 3.1627242565155
10 3 -0.0316770449280739 0.267910927534103 3.20266938209534
10 4 -0.0540613383054733 0.47241336107254 3.22144675254822
10 5 -0.216013222932816 0.142379865050316 3.18450093269348
10 6 -0.247589379549026 -0.0964100807905197 3.11995005607605
10 7 -0.238368839025497 -0.284527122974396 3.03180503845215
10 8 -0.231733679771423 -0.359223186969757 3.00727248191834
10 9 0.166515901684761 0.183743804693222 3.18708753585815
10 10 0.335636168718338 0.306537568569183 3.07448601722717
10 11 0.312866359949112 0.507846832275391 3.06564998626709
10 12 0.301715970039368 0.594243347644806 3.10630202293396
10 13 -0.094457820057869 -0.212978675961494 3.07520532608032
10 14 -0.116261303424835 -0.6725754737854 3.06878280639648
10 15 -0.127577021718025 -1.00236654281616 3.01708698272705
10 16 -0.15252012014389 -1.05630671977997 2.9524974822998
10 17 0.0779556185007095 -0.201396644115448 3.07881927490234
10 18 0.100511521100998 -0.673851847648621 3.03311967849731
10 19 0.10448432713747 -0.98492956161499 3.00280714035034
10 20 0.110602743923664 -1.04002416133881 2.92972040176392
11 1 -0.0126941092312336 -0.123921863734722 3.10135054588318
11 2 -0.0147976046428084 -0.0726016461849213 3.16304564476013
11 3 -0.0327997319400311 0.267579078674316 3.20379233360291
11 4 -0.0531051158905029 0.472942560911179 3.22058844566345
11 5 -0.216513693332672 0.142467156052589 3.18495082855225
11 6 -0.24520181119442 -0.103227466344833 3.11632966995239
11 7 -0.238257348537445 -0.291530668735504 3.02846479415894
11 8 -0.233441010117531 -0.35915270447731 3.00777244567871
11 9 0.166752651333809 0.184041485190392 3.18753361701965
11 10 0.335676431655884 0.306047737598419 3.07433080673218
11 11 0.311465829610825 0.50766384601593 3.06837725639343
11 12 0.300834476947784 0.594722509384155 3.10776519775391
11 13 -0.094922848045826 -0.213059619069099 3.07539415359497
11 14 -0.11622279137373 -0.672063767910004 3.06892085075378
11 15 -0.128896713256836 -1.00087034702301 3.01712441444397
11 16 -0.152871549129486 -1.05498898029327 2.95386219024658
11 17 0.0777190327644348 -0.201174378395081 3.07867693901062
11 18 0.10029948502779 -0.670587241649628 3.03156399726868
11 19 0.105984710156918 -0.993225157260895 2.99616432189941
11 20 0.114432394504547 -1.0470290184021 2.935382604599
12 1 -0.0129572115838528 -0.124154776334763 3.10129880905151
12 2 -0.0149296037852764 -0.0728542506694794 3.16303634643555
12 3 -0.0341153256595135 0.266944259405136 3.20389199256897
12 4 -0.0520768389105797 0.472512990236282 3.22081923484802
12 5 -0.217126503586769 0.143197685480118 3.18645215034485
12 6 -0.24487766623497 -0.106714092195034 3.11466336250305
12 7 -0.238765552639961 -0.294972747564316 3.02647638320923
12 8 -0.231923207640648 -0.360056400299072 3.00523042678833
12 9 0.165234327316284 0.183641612529755 3.18694138526917
12 10 0.335788279771805 0.30655962228775 3.07848501205444
12 11 0.314081907272339 0.50806075334549 3.06370162963867
12 12 0.300408631563187 0.595244526863098 3.10196352005005
12 13 -0.0949070751667023 -0.2132708132267 3.07562160491943
12 14 -0.116613395512104 -0.671570658683777 3.06792855262756
12 15 -0.12752141058445 -1.00396645069122 3.01779007911682
12 16 -0.152427032589912 -1.05281913280487 2.95145726203918
12 17 0.0773693099617958 -0.201353222131729 3.07824730873108
12 18 0.100104369223118 -0.671419739723206 3.03212761878967
12 19 0.10416179895401 -0.999263882637024 2.99703645706177
12 20 0.109497234225273 -1.04276907444 2.92831444740295
13 1 -0.0129973916336894 -0.124353125691414 3.10126566886902
13 2 -0.0149307670071721 -0.0729309543967247 3.16304016113281
13 3 -0.0332592390477657 0.267811596393585 3.20366382598877
13 4 -0.052874319255352 0.473399102687836 3.22007513046265
13 5 -0.217338085174561 0.143717706203461 3.18630933761597
13 6 -0.246222048997879 -0.102422684431076 3.11603879928589
13 7 -0.238534837961197 -0.290819436311722 3.0281982421875
13 8 -0.231625005602837 -0.360316812992096 3.00438070297241
13 9 0.165004581212997 0.182776361703873 3.18640971183777
13 10 0.334930658340454 0.30647811293602 3.07916283607483
13 11 0.307738929986954 0.509512424468994 3.06719708442688
13 12 0.295798569917679 0.595759630203247 3.10817384719849
13 13 -0.094900019466877 -0.21330963075161 3.07556509971619
13 14 -0.116731360554695 -0.671047270298004 3.06730318069458
13 15 -0.127186849713326 -1.00235819816589 3.01847958564758
13 16 -0.15252597630024 -1.05506789684296 2.95193123817444
13 17 0.0773113444447517 -0.201521083712578 3.07824659347534
13 18 0.0999417826533318 -0.672522783279419 3.03179836273193
13 19 0.103262320160866 -0.99671459197998 2.99907732009888
13 20 0.111975118517876 -1.04820084571838 2.91306900978088
14 1 -0.0131673645228148 -0.124489337205887 3.10092306137085
14 2 -0.0150947580114007 -0.0728913545608521 3.16273307800293
14 3 -0.0343629084527493 0.268660664558411 3.20318913459778
14 4 -0.054136548191309 0.47319421172142 3.22052311897278
14 5 -0.217698618769646 0.143972560763359 3.18622517585754
14 6 -0.246207520365715 -0.10282688587904 3.11563658714294
14 7 -0.238189905881882 -0.291062414646149 3.02747201919556
14 8 -0.231295928359032 -0.359974205493927 3.00560116767883
14 9 0.163897559046745 0.184266343712807 3.18558692932129
14 10 0.332769930362701 0.305220633745193 3.08031010627747
14 11 0.305847108364105 0.507846713066101 3.06625509262085
14 12 0.293820589780808 0.594960987567902 3.10534477233887
14 13 -0.0947214961051941 -0.213324904441833 3.07488989830017
14 14 -0.116701655089855 -0.671106517314911 3.06717586517334
14 15 -0.128398388624191 -1.00010764598846 3.01724457740784
14 16 -0.151625424623489 -1.05389904975891 2.95205044746399
14 17 0.0771970227360725 -0.201520770788193 3.07808995246887
14 18 0.0996371507644653 -0.678775668144226 3.03219866752625
14 19 0.10583607852459 -1.00229060649872 2.9858763217926
14 20 0.112001404166222 -1.05132019519806 2.90543150901794
15 1 -0.0137035017833114 -0.124120220541954 3.10016393661499
15 2 -0.0156481564044952 -0.0722344368696213 3.1619598865509
15 3 -0.0351789928972721 0.270444422960281 3.20157170295715
15 4 -0.0560239739716053 0.472898989915848 3.222172498703
15 5 -0.218753397464752 0.144263327121735 3.18668603897095
15 6 -0.246352672576904 -0.102351441979408 3.11422348022461
15 7 -0.238660290837288 -0.290895253419876 3.02698540687561
15 8 -0.230952322483063 -0.359944224357605 3.00152325630188
15 9 0.164020419120789 0.183357179164886 3.18533444404602
15 10 0.3323794901371 0.305739402770996 3.07772326469421
15 11 0.305584818124771 0.509459555149078 3.06737399101257
15 12 0.295068562030792 0.596173584461212 3.10772943496704
15 13 -0.0954442322254181 -0.213122114539146 3.07414293289185
15 14 -0.116631522774696 -0.670937359333038 3.06677961349487
15 15 -0.126958206295967 -1.00212168693542 3.0178382396698
15 16 -0.150658667087555 -1.05362856388092 2.95412850379944
15 17 0.0768550410866737 -0.201132789254189 3.07696628570557
15 18 0.10070139169693 -0.670912146568298 3.03059697151184
15 19 0.0985365360975266 -0.995156288146973 3.00412702560425
15 20 0.111899554729462 -1.03477215766907 2.93526721000671
16 1 -0.0140739474445581 -0.123478770256042 3.10000658035278
16 2 -0.0158206820487976 -0.0718338042497635 3.1618766784668
16 3 -0.0349050387740135 0.2702996134758 3.20231366157532
16 4 -0.0563946887850761 0.472951740026474 3.22062087059021
16 5 -0.21937070786953 0.144880726933479 3.18706011772156
16 6 -0.246752068400383 -0.101569756865501 3.11345934867859
16 7 -0.238821715116501 -0.290501147508621 3.02735209465027
16 8 -0.231608122587204 -0.36082461476326 3.00275421142578
16 9 0.163577631115913 0.18462148308754 3.18523454666138
16 10 0.332730203866959 0.306631952524185 3.077472448349
16 11 0.305872350931168 0.51099044084549 3.06760406494141
16 12 0.294930160045624 0.597872912883759 3.10746669769287
16 13 -0.0959222018718719 -0.212430521845818 3.07377672195435
16 14 -0.116537377238274 -0.67100328207016 3.06621551513672
16 15 -0.127003967761993 -1.00142979621887 3.01685070991516
16 16 -0.150416359305382 -1.05432462692261 2.95348787307739
16 17 0.0763641148805618 -0.200399503111839 3.07666206359863
16 18 0.10095602273941 -0.674860239028931 3.03061127662659
16 19 0.104658842086792 -1.00155925750732 2.99738574028015
16 20 0.114670515060425 -1.05095505714417 2.91350793838501
17 1 -0.0141559094190598 -0.12342894077301 3.09953713417053
17 2 -0.0159775018692017 -0.0717364624142647 3.16147470474243
17 3 -0.0350931733846664 0.270749896764755 3.20206069946289
17 4 -0.0569078251719475 0.473806440830231 3.22084736824036
17 5 -0.218965426087379 0.144778251647949 3.18602061271667
17 6 -0.247231721878052 -0.0990772321820259 3.11357879638672
17 7 -0.238774135708809 -0.287615567445755 3.02670431137085
17 8 -0.230718597769737 -0.360519260168076 3.00246024131775
17 9 0.163041055202484 0.184600025415421 3.18467354774475
17 10 0.331503957509995 0.308348417282104 3.07877683639526
17 11 0.306275099515915 0.509295046329498 3.06704950332642
17 12 0.294815421104431 0.596521258354187 3.10595345497131
17 13 -0.0959298983216286 -0.212265595793724 3.07313513755798
17 14 -0.11629169434309 -0.670417606830597 3.06640481948853
17 15 -0.126168593764305 -1.00264430046082 3.01852655410767
17 16 -0.150407791137695 -1.05352318286896 2.94706416130066
17 17 0.0762749463319778 -0.200213894248009 3.07630014419556
17 18 0.100094094872475 -0.673553109169006 3.03088307380676
17 19 0.104781970381737 -1.00446164608002 2.99559020996094
17 20 0.11279933154583 -1.05573427677155 2.91133069992065
18 1 -0.0141205070540309 -0.123416930437088 3.09888958930969
18 2 -0.0160405673086643 -0.0718654245138168 3.16092658042908
18 3 -0.0356414467096329 0.270335704088211 3.20212817192078
18 4 -0.0576838850975037 0.473189353942871 3.22166109085083
18 5 -0.218876779079437 0.144272953271866 3.18562245368958
18 6 -0.250246495008469 -0.0946045219898224 3.11682176589966
18 7 -0.239039853215218 -0.282079637050629 3.02803540229797
18 8 -0.232078015804291 -0.358591973781586 3.0006148815155
18 9 0.162877187132835 0.185152366757393 3.18467235565186
18 10 0.331655979156494 0.307083606719971 3.07614827156067
18 11 0.304760903120041 0.509143829345703 3.06543111801147
18 12 0.293797224760056 0.595859110355377 3.10544919967651
18 13 -0.0956519693136215 -0.212456986308098 3.0727071762085
18 14 -0.115511618554592 -0.66975462436676 3.06704163551331
18 15 -0.128186658024788 -1.00323009490967 3.01821565628052
18 16 -0.150093406438828 -1.05371332168579 2.94964265823364
18 17 0.0764560848474503 -0.19990561902523 3.07508492469788
18 18 0.0993941575288773 -0.668412089347839 3.02999019622803
18 19 0.104731418192387 -0.991876184940338 2.99880146980286
18 20 0.110108688473701 -1.04079675674438 2.93309783935547
19 1 -0.0138586247339845 -0.123524367809296 3.09857273101807
19 2 -0.015950595960021 -0.0721218809485435 3.1607654094696
19 3 -0.0353821963071823 0.269344568252563 3.20269703865051
19 4 -0.0571330264210701 0.470022112131119 3.2198383808136
19 5 -0.21867698431015 0.143565639853477 3.18447613716125
19 6 -0.247252553701401 -0.0991989970207214 3.11398887634277
19 7 -0.238937392830849 -0.287018299102783 3.02595806121826
19 8 -0.231551557779312 -0.360364258289337 2.99925947189331
19 9 0.162081643939018 0.1856759339571 3.18489933013916
19 10 0.330951064825058 0.307598173618317 3.07607245445251
19 11 0.304300159215927 0.508096873760223 3.0650908946991
19 12 0.292078256607056 0.594658076763153 3.10499238967896
19 13 -0.0950802341103554 -0.212506666779518 3.07209038734436
19 14 -0.115780517458916 -0.669485092163086 3.06660318374634
19 15 -0.129062905907631 -1.00093495845795 3.01440095901489
19 16 -0.152899727225304 -1.05420339107513 2.94594120979309
19 17 0.0765324831008911 -0.199798628687859 3.0748815536499
19 18 0.100669704377651 -0.67575466632843 3.02931022644043
19 19 0.106503635644913 -1.00515449047089 2.99281811714172
19 20 0.112273402512074 -1.05494952201843 2.91280031204224
20 1 -0.0138361100107431 -0.123495437204838 3.09797859191895
20 2 -0.0160009972751141 -0.0720239579677582 3.16017150878906
20 3 -0.0359559804201126 0.270077496767044 3.20197105407715
20 4 -0.0580319948494434 0.472461640834808 3.2219409942627
20 5 -0.218923702836037 0.143402814865112 3.18447041511536
20 6 -0.250582218170166 -0.0928011611104012 3.11941647529602
20 7 -0.23920139670372 -0.279395788908005 3.02907991409302
20 8 -0.23121902346611 -0.359608769416809 3.00165128707886
20 9 0.161600813269615 0.185295820236206 3.1851110458374
20 10 0.33094334602356 0.306446731090546 3.0774667263031
20 11 0.305029153823853 0.509869337081909 3.06398129463196
20 12 0.293478012084961 0.596001207828522 3.10488486289978
20 13 -0.0948821976780891 -0.212455093860626 3.0712628364563
20 14 -0.115627564489841 -0.670418620109558 3.06587934494019
20 15 -0.129052355885506 -1.00186371803284 3.01214289665222
20 16 -0.153880059719086 -1.05614578723907 2.95258545875549
20 17 0.076388344168663 -0.199556156992912 3.07453393936157
20 18 0.100810587406158 -0.67266321182251 3.02932286262512
20 19 0.103170350193977 -0.986122667789459 3.00400924682617
20 20 0.109628304839134 -1.03994870185852 2.9304666519165
