1 1 -0.000432614790042862 -0.0284561328589916 3.07316827774048
1 2 -0.0113002043217421 0.025742819532752 3.13918256759644
1 3 -0.0217900350689888 0.390366852283478 3.18490147590637
1 4 -0.0390842221677303 0.589368641376495 3.18364596366882
1 5 -0.201351687312126 0.257048100233078 3.12457418441772
1 6 -0.274626284837723 0.00862968526780605 3.069415807724
1 7 -0.249347731471062 -0.229902014136314 2.98755145072937
1 8 -0.232691526412964 -0.328040838241577 2.9726037979126
1 9 0.185380935668945 0.30335658788681 3.19503784179688
1 10 0.425298422574997 0.444564700126648 3.21850109100342
1 11 0.441799640655518 0.672443449497223 3.23716497421265
1 12 0.439338386058807 0.790391981601715 3.26189923286438
1 13 -0.0831663087010384 -0.11700614541769 3.03598213195801
1 14 -0.0898471921682358 -0.65594208240509 3.03767251968384
1 15 -0.0658985525369644 -1.01303112506866 2.99481010437012
1 16 -0.0978998094797134 -1.0709125995636 2.93455910682678
1 17 0.0908799171447754 -0.109109058976173 3.05907726287842
1 18 0.0794635415077209 -0.641250014305115 3.00947904586792
1 19 0.0468152910470963 -0.99112606048584 2.994309425354
1 20 0.0574531219899654 -1.05292069911957 2.93049097061157
2 1 0.000213269231608137 -0.0278412010520697 3.07295513153076
2 2 -0.0104135191068053 0.0267506092786789 3.13904547691345
2 3 -0.0205786433070898 0.394668817520142 3.18656945228577
2 4 -0.0342443063855171 0.598130702972412 3.18364667892456
2 5 -0.200342461466789 0.258299559354782 3.12458610534668
2 6 -0.274343550205231 0.0101283527910709 3.06958389282227
2 7 -0.248477429151535 -0.230507135391235 2.98733043670654
2 8 -0.232891842722893 -0.326556742191315 2.974858045578
2 9 0.185430377721786 0.303103268146515 3.19292688369751
2 10 0.42814639210701 0.445693284273148 3.21745800971985
2 11 0.445390045642853 0.67377632856369 3.23540163040161
2 12 0.44343563914299 0.794461011886597 3.26150488853455
2 13 -0.082402378320694 -0.116074606776237 3.03540301322937
2 14 -0.0891263782978058 -0.656294524669647 3.03779292106628
2 15 -0.0641169026494026 -1.0068097114563 2.99507641792297
2 16 -0.0956457108259201 -1.06813097000122 2.9372227191925
2 17 0.0918103381991386 -0.108859747648239 3.05908346176147
2 18 0.0804631635546684 -0.641060411930084 3.01000070571899
2 19 0.0464367978274822 -0.992202639579773 2.99345946311951
2 20 0.0605244785547256 -1.05322456359863 2.93053197860718
3 1 0.00168407126329839 -0.0273810923099518 3.07267022132874
3 2 -0.0090048536658287 0.0273159667849541 3.13874745368958
3 3 -0.0200862232595682 0.394981980323792 3.18602800369263
3 4 -0.0273771658539772 0.601966857910156 3.17805695533752
3 5 -0.198710009455681 0.25832262635231 3.12420344352722
3 6 -0.273691177368164 0.0111644947901368 3.06874752044678
3 7 -0.248150080442429 -0.229960918426514 2.98448419570923
3 8 -0.232729852199554 -0.325537711381912 2.97362422943115
3 9 0.186134606599808 0.304470896720886 3.19201993942261
3 10 0.428847581148148 0.447496682405472 3.21325325965881
3 11 0.448189347982407 0.675569176673889 3.23090076446533
3 12 0.454946130514145 0.794474720954895 3.25880837440491
3 13 -0.0803772583603859 -0.115091025829315 3.03473091125488
3 14 -0.0872447639703751 -0.654305458068848 3.03820323944092
3 15 -0.0657749101519585 -1.00874626636505 2.99559617042542
3 16 -0.0884269997477531 -1.06977546215057 2.93824982643127
3 17 0.0928758084774017 -0.108579471707344 3.05916261672974
3 18 0.0820514038205147 -0.641419291496277 3.01078152656555
3 19 0.0492547266185284 -0.995625376701355 2.99157524108887
3 20 0.0695561915636063 -1.05187690258026 2.9287269115448
4 1 0.0030173072591424 -0.026749636977911 3.07245111465454
4 2 -0.00781082920730114 0.0277499780058861 3.13860082626343
4 3 -0.0193453971296549 0.394509047269821 3.1861572265625
4 4 -0.0238823797553778 0.60478949546814 3.17892241477966
4 5 -0.19582487642765 0.259408235549927 3.12496566772461
4 6 -0.271845161914825 0.0116755170747638 3.06755042076111
4 7 -0.247353330254555 -0.229978621006012 2.98465275764465
4 8 -0.231687098741531 -0.327463120222092 2.97374701499939
4 9 0.191358625888824 0.303295254707336 3.19234657287598
4 10 0.430338680744171 0.44430860877037 3.21519303321838
4 11 0.455054432153702 0.672586560249329 3.22673583030701
4 12 0.465985834598541 0.789650976657867 3.25734734535217
4 13 -0.0790775269269943 -0.114249743521214 3.03425431251526
4 14 -0.0863133072853088 -0.652531147003174 3.03763794898987
4 15 -0.0629247426986694 -1.0095671415329 2.99502801895142
4 16 -0.0962006971240044 -1.06945085525513 2.9400749206543
4 17 0.094795323908329 -0.108436957001686 3.05876731872559
4 18 0.0843884274363518 -0.639183282852173 3.01007556915283
4 19 0.046866312623024 -0.994049251079559 2.99494433403015
4 20 0.0678679794073105 -1.05209612846375 2.93247294425964
5 1 0.00462737027555704 -0.02654093131423 3.0720956325531
5 2 -0.00620481977239251 0.0279020592570305 3.13822937011719
5 3 -0.0183794088661671 0.393909186124802 3.18531394004822
5 4 -0.0190466474741697 0.607825994491577 3.18076181411743
5 5 -0.194043174386024 0.259892404079437 3.1256275177002
5 6 -0.27056759595871 0.0103826327249408 3.06650114059448
5 7 -0.245535090565681 -0.228917598724365 2.98578834533691
5 8 -0.227416053414345 -0.326909840106964 2.97080850601196
5 9 0.193782240152359 0.303835153579712 3.19240760803223
5 10 0.432967007160187 0.440293967723846 3.21623969078064
5 11 0.465135008096695 0.720010757446289 3.24460673332214
5 12 0.463074833154678 0.807321429252625 3.25712203979492
5 13 -0.077501192688942 -0.114053092896938 3.03402972221375
5 14 -0.0836656391620636 -0.65618360042572 3.03713965415955
5 15 -0.0647800043225288 -1.0102276802063 2.99384951591492
5 16 -0.0900623500347137 -1.07558524608612 2.94129109382629
5 17 0.0966722294688225 -0.108420558273792 3.05841183662415
5 18 0.0842913240194321 -0.640716373920441 3.01041007041931
5 19 0.0468868762254715 -0.99504154920578 2.99473023414612
5 20 0.0714679956436157 -1.05168509483337 2.92738056182861
6 1 0.00553404958918691 -0.0263953544199467 3.07259154319763
6 2 -0.00530251814052463 0.027894139289856 3.13868427276611
6 3 -0.0171301532536745 0.392934024333954 3.18551397323608
6 4 -0.0180644188076258 0.609204053878784 3.18199682235718
6 5 -0.193489462137222 0.259495854377747 3.12595891952515
6 6 -0.268555581569672 0.0109752016142011 3.06808090209961
6 7 -0.243924424052238 -0.229521811008453 2.9850709438324
6 8 -0.226316004991531 -0.329510182142258 2.96968603134155
6 9 0.197109788656235 0.305164188146591 3.19419145584106
6 10 0.433495163917542 0.440648317337036 3.21414732933044
6 11 0.467360228300095 0.727823436260223 3.244948387146
6 12 0.476436465978622 0.812726974487305 3.26095867156982
6 13 -0.0770496651530266 -0.114421218633652 3.03462028503418
6 14 -0.0843478515744209 -0.653286755084991 3.03819179534912
6 15 -0.0640697777271271 -1.00956928730011 2.9950704574585
6 16 -0.0987977534532547 -1.07261550426483 2.94371271133423
6 17 0.0979381799697876 -0.108565032482147 3.0588059425354
6 18 0.0846384316682816 -0.640163123607636 3.01028299331665
6 19 0.0468884035944939 -0.994919180870056 2.99468994140625
6 20 0.0711325407028198 -1.05134153366089 2.93107223510742
7 1 0.0054081529378891 -0.0262978840619326 3.0734007358551
7 2 -0.00541071593761444 0.0278395097702742 3.13942861557007
7 3 -0.0175774060189724 0.392375886440277 3.18633151054382
7 4 -0.0195813495665789 0.610791027545929 3.18472838401794
7 5 -0.193809852004051 0.258734285831451 3.12646436691284
7 6 -0.268833070993423 0.0107339741662145 3.06885361671448
7 7 -0.24402067065239 -0.229167267680168 2.98715782165527
7 8 -0.228460684418678 -0.329567611217499 2.97519993782043
7 9 0.195993587374687 0.304247111082077 3.19443106651306
7 10 0.433375000953674 0.441528856754303 3.21639275550842
7 11 0.463786900043488 0.717246055603027 3.24308753013611
7 12 0.470787584781647 0.801129221916199 3.2598717212677
7 13 -0.0775424763560295 -0.114382535219193 3.03548812866211
7 14 -0.0836486369371414 -0.652189612388611 3.03918766975403
7 15 -0.0664615780115128 -1.00539469718933 2.99848818778992
7 16 -0.0975731313228607 -1.0680867433548 2.94334149360657
7 17 0.0979762002825737 -0.108576901257038 3.05945467948914
7 18 0.0853008106350899 -0.639357686042786 3.01174998283386
7 19 0.0464145317673683 -0.99267840385437 2.99873042106628
7 20 0.0704839006066322 -1.04900252819061 2.93387126922607
8 1 0.00524642085656524 -0.0261063985526562 3.07495379447937
8 2 -0.00558733800426126 0.0280873104929924 3.14085125923157
8 3 -0.0171619951725006 0.392756044864655 3.18753004074097
8 4 -0.0249419994652271 0.612879157066345 3.1863694190979
8 5 -0.194328233599663 0.258385628461838 3.1278862953186
8 6 -0.269046664237976 0.0108496434986591 3.07026529312134
8 7 -0.245347306132317 -0.228941917419434 2.99063491821289
8 8 -0.229710444808006 -0.327775746583939 2.98047375679016
8 9 0.196310177445412 0.305405408143997 3.19729781150818
8 10 0.433944642543793 0.441357910633087 3.2209153175354
8 11 0.462042361497879 0.71663111448288 3.2452392578125
8 12 0.468823045492172 0.799246370792389 3.26408290863037
8 13 -0.0780062526464462 -0.114393033087254 3.03696227073669
8 14 -0.0843303948640823 -0.651684582233429 3.03961133956909
8 15 -0.0644964426755905 -1.00652849674225 2.99707746505737
8 16 -0.0989956259727478 -1.07252717018127 2.94884014129639
8 17 0.0978913009166718 -0.108733505010605 3.06132817268372
8 18 0.0830252543091774 -0.640361189842224 3.01222801208496
8 19 0.0473853014409542 -0.990809738636017 2.99893188476563
8 20 0.0727633610367775 -1.0467221736908 2.93488025665283
9 1 0.00406176457181573 -0.0272216182202101 3.07687497138977
9 2 -0.00683550117537379 0.0275083892047405 3.14267444610596
9 3 -0.0182555895298719 0.393643707036972 3.18914914131165
9 4 -0.0309058055281639 0.614197492599487 3.18460774421692
9 5 -0.194927647709846 0.258986830711365 3.12842965126038
9 6 -0.272842139005661 0.0108507080003619 3.07147812843323
9 7 -0.246870741248131 -0.228800371289253 2.99317240715027
9 8 -0.231003940105438 -0.326830327510834 2.98022723197937
9 9 0.194170206785202 0.306262761354446 3.19858646392822
9 10 0.433437526226044 0.442670226097107 3.22090911865234
9 11 0.463138312101364 0.718412160873413 3.24504256248474
9 12 0.468718707561493 0.800636529922485 3.26283288002014
9 13 -0.079281285405159 -0.115770816802979 3.03916382789612
9 14 -0.0872361063957214 -0.655482709407806 3.04110050201416
9 15 -0.0652389824390411 -1.00889837741852 2.99467444419861
9 16 -0.0994152426719666 -1.07437002658844 2.94625043869019
9 17 0.0965563803911209 -0.109604060649872 3.06358098983765
9 18 0.0825720429420471 -0.642048716545105 3.0136923789978
9 19 0.0445155575871468 -0.997530102729797 2.99574041366577
9 20 0.0735694542527199 -1.04998540878296 2.93076825141907
10 1 0.00242918450385332 -0.0280223805457354 3.07731747627258
10 2 -0.00834458228200674 0.0268161445856094 3.14311122894287
10 3 -0.0196885224431753 0.392976850271225 3.18916344642639
10 4 -0.0352484174072742 0.61571079492569 3.18941760063171
10 5 -0.195847913622856 0.25909948348999 3.12872242927551
10 6 -0.275772035121918 0.0135839274153113 3.07467412948608
10 7 -0.250362694263458 -0.228779435157776 2.99305105209351
10 8 -0.23339506983757 -0.329382449388504 2.97679758071899
10 9 0.191297754645348 0.305697858333588 3.1983597278595
10 10 0.425686836242676 0.443003475666046 3.21802711486816
10 11 0.459549725055695 0.719442248344421 3.24142932891846
10 12 0.457654714584351 0.801415920257568 3.25775146484375
10 13 -0.0807412266731262 -0.116283513605595 3.03988981246948
10 14 -0.0889072939753532 -0.657341837882996 3.04125642776489
10 15 -0.0633060187101364 -1.01177382469177 2.99265027046204
10 16 -0.0977557748556137 -1.07284069061279 2.93788862228394
10 17 0.0941996350884438 -0.110146768391132 3.06413698196411
10 18 0.0810708180069923 -0.641869068145752 3.01353645324707
10 19 0.0453354306519032 -0.996747374534607 2.99494218826294
10 20 0.0776969641447067 -1.05571389198303 2.93671441078186
11 1 0.000493565341457725 -0.0276216790080071 3.07844877243042
11 2 -0.00994935818016529 0.0268836487084627 3.14428782463074
11 3 -0.0213949251919985 0.391102612018585 3.1902277469635
11 4 -0.0374826081097126 0.614182233810425 3.18698406219482
11 5 -0.200303345918655 0.258819997310638 3.12975168228149
11 6 -0.276356846094131 0.013312915340066 3.074871301651
11 7 -0.251505821943283 -0.229825496673584 2.99381136894226
11 8 -0.234046503901482 -0.330172091722488 2.97702383995056
11 9 0.189683198928833 0.305479019880295 3.1983642578125
11 10 0.4255291223526 0.445281744003296 3.22046303749084
11 11 0.45902019739151 0.723897695541382 3.2411036491394
11 12 0.461628466844559 0.804887413978577 3.25922894477844
11 13 -0.0831646844744682 -0.116172030568123 3.04078888893127
11 14 -0.0905879810452461 -0.653387546539307 3.04050731658936
11 15 -0.060085266828537 -1.00711727142334 2.99357199668884
11 16 -0.100352272391319 -1.07113111019135 2.94577360153198
11 17 0.092327743768692 -0.110164269804955 3.06506752967834
11 18 0.0789061635732651 -0.640827715396881 3.01248502731323
11 19 0.0449938625097275 -0.994440853595734 2.99592757225037
11 20 0.076123371720314 -1.05170226097107 2.93464159965515
12 1 -6.43101811874658E-05 -0.0273658353835344 3.07910847663879
12 2 -0.0105222221463919 0.027086678892374 3.14492630958557
12 3 -0.0220534969121218 0.391106754541397 3.19072866439819
12 4 -0.0384452491998672 0.616328060626984 3.19419693946838
12 5 -0.201973348855972 0.259187906980515 3.13083410263062
12 6 -0.277486383914948 0.0151294209063053 3.07635998725891
12 7 -0.253402799367905 -0.229917854070663 2.9951605796814
12 8 -0.235305234789848 -0.331303596496582 2.97838401794434
12 9 0.186286613345146 0.307066291570663 3.1992609500885
12 10 0.418027758598328 0.439179182052612 3.22090339660645
12 11 0.455966293811798 0.720003128051758 3.24189448356628
12 12 0.461871922016144 0.800715744495392 3.25855612754822
12 13 -0.0833799317479134 -0.115768700838089 3.04121661186218
12 14 -0.0912672132253647 -0.655850350856781 3.04082989692688
12 15 -0.0633259043097496 -1.00964570045471 2.99356245994568
12 16 -0.100059002637863 -1.07696843147278 2.94667291641235
12 17 0.0916473567485809 -0.109620451927185 3.06620097160339
12 18 0.0777024328708649 -0.640990436077118 3.01211380958557
12 19 0.0444978550076485 -0.995599627494812 2.99496173858643
12 20 0.07595494389534 -1.0519380569458 2.93237781524658
13 1 -0.00141218141652644 -0.0278134532272816 3.08031630516052
13 2 -0.0123042445629835 0.0266219787299633 3.14620327949524
13 3 -0.0246216971427202 0.391592502593994 3.19256138801575
13 4 -0.0393661707639694 0.617726922035217 3.19597578048706
13 5 -0.202169001102448 0.259048163890839 3.13100290298462
13 6 -0.278680115938187 0.0172020979225636 3.07670211791992
13 7 -0.254784554243088 -0.231277629733086 2.99567103385925
13 8 -0.2370236068964 -0.332181245088577 2.97911691665649
13 9 0.184160426259041 0.308087438344955 3.20143413543701
13 10 0.4184949696064 0.443606078624725 3.22194290161133
13 11 0.452911138534546 0.722059309482574 3.23917555809021
13 12 0.460794538259506 0.799416244029999 3.26607489585876
13 13 -0.0841091051697731 -0.116068102419376 3.04239559173584
13 14 -0.0924830660223961 -0.654755055904388 3.04092311859131
13 15 -0.0658822357654572 -1.01092624664307 2.99381923675537
13 16 -0.101746082305908 -1.07711756229401 2.94469022750854
13 17 0.0900352597236633 -0.10952590405941 3.06744742393494
13 18 0.0775373131036758 -0.640183806419373 3.01191473007202
13 19 0.045623991638422 -0.995117962360382 2.99636721611023
13 20 0.0718012452125549 -1.05478775501251 2.93443632125854
14 1 -0.00225676083937287 -0.0268933437764645 3.08073234558105
14 2 -0.0132618481293321 0.0273419506847858 3.14643168449402
14 3 -0.0263242963701487 0.391406565904617 3.19192624092102
14 4 -0.0401643738150597 0.61860990524292 3.19748163223267
14 5 -0.203560397028923 0.258668690919876 3.13161063194275
14 6 -0.279612600803375 0.0202119406312704 3.07923078536987
14 7 -0.256476521492004 -0.230340033769608 2.99797677993774
14 8 -0.237823888659477 -0.332020908594131 2.98216772079468
14 9 0.184395492076874 0.308919787406921 3.20323252677917
14 10 0.41155532002449 0.436835825443268 3.22390723228455
14 11 0.45277613401413 0.729560554027557 3.24093747138977
14 12 0.460024833679199 0.806864857673645 3.26723790168762
14 13 -0.0851244032382965 -0.115509778261185 3.04363894462585
14 14 -0.092293880879879 -0.655998528003693 3.0417640209198
14 15 -0.0643346756696701 -1.00720024108887 2.9931755065918
14 16 -0.100202545523643 -1.07068598270416 2.940025806427
14 17 0.0895715206861496 -0.108742594718933 3.06710577011108
14 18 0.0758915096521378 -0.640339612960815 3.01197242736816
14 19 0.043136652559042 -0.995594918727875 2.99377083778381
14 20 0.0650226101279259 -1.0568380355835 2.93122386932373
15 1 -0.00207930919714272 -0.0272092074155808 3.08125567436218
15 2 -0.0131755480542779 0.0272587388753891 3.14690899848938
15 3 -0.0256049372255802 0.39247727394104 3.19226765632629
15 4 -0.0381413176655769 0.620417594909668 3.198157787323
15 5 -0.20279149711132 0.259101897478104 3.13274931907654
15 6 -0.280237793922424 0.0218629632145166 3.07956504821777
15 7 -0.256710201501846 -0.231224358081818 2.99914360046387
15 8 -0.239494979381561 -0.331781685352325 2.98282980918884
15 9 0.184096232056618 0.308825105428696 3.20412755012512
15 10 0.413910657167435 0.440295398235321 3.22321724891663
15 11 0.449899673461914 0.721859574317932 3.2406177520752
15 12 0.457396417856216 0.798275709152222 3.26798486709595
15 13 -0.084356926381588 -0.116083040833473 3.04501438140869
15 14 -0.0924112051725388 -0.658222854137421 3.04236006736755
15 15 -0.068793885409832 -1.01059722900391 2.99309182167053
15 16 -0.0985435098409653 -1.07658505439758 2.93869376182556
15 17 0.0894847363233566 -0.108741544187069 3.06741118431091
15 18 0.0760656148195267 -0.640214562416077 3.01263308525085
15 19 0.0438042245805264 -0.995455920696259 2.99365019798279
15 20 0.0677752271294594 -1.05564713478088 2.93039703369141
16 1 -0.002332758391276 -0.0271686092019081 3.08262133598328
16 2 -0.0138567900285125 0.0273001380264759 3.14824509620667
16 3 -0.0260974504053593 0.392412424087524 3.19380474090576
16 4 -0.0389598309993744 0.621490478515625 3.20296549797058
16 5 -0.201913103461266 0.259120225906372 3.13383221626282
16 6 -0.28038027882576 0.0229022111743689 3.08073759078979
16 7 -0.257455229759216 -0.230033427476883 3.0008807182312
16 8 -0.239626049995422 -0.333864092826843 2.98729944229126
16 9 0.184728741645813 0.309556692838669 3.20817470550537
16 10 0.413988173007965 0.437895923852921 3.23235201835632
16 11 0.451151490211487 0.726107358932495 3.24469184875488
16 12 0.458707958459854 0.802952945232391 3.27023649215698
16 13 -0.0843559056520462 -0.11587031930685 3.04598498344421
16 14 -0.092701256275177 -0.656507968902588 3.04272150993347
16 15 -0.0668020397424698 -1.00644826889038 2.99298000335693
16 16 -0.100943252444267 -1.06900799274445 2.93764185905457
16 17 0.0891403928399086 -0.10853374004364 3.06891179084778
16 18 0.0730746537446976 -0.64279717206955 3.01395702362061
16 19 0.0441471450030804 -0.994872033596039 2.99360918998718
16 20 0.0693261846899986 -1.05480933189392 2.93103766441345
17 1 -0.00244666915386915 -0.0271862652152777 3.08330821990967
17 2 -0.0141525091603398 0.027232114225626 3.14900183677673
17 3 -0.0263915117830038 0.394066572189331 3.19658231735229
17 4 -0.0360848531126976 0.623732566833496 3.20419883728027
17 5 -0.202166721224785 0.259697884321213 3.13570308685303
17 6 -0.280312538146973 0.0220332387834787 3.08140444755554
17 7 -0.25714322924614 -0.231931015849113 3.00296974182129
17 8 -0.238985925912857 -0.333816856145859 2.98421478271484
17 9 0.183911710977554 0.30977863073349 3.21104288101196
17 10 0.409594118595123 0.430262804031372 3.22899127006531
17 11 0.445972889661789 0.719809949398041 3.24725294113159
17 12 0.457247525453568 0.799130737781525 3.26998734474182
17 13 -0.0843392089009285 -0.115678250789642 3.04712390899658
17 14 -0.0929551348090172 -0.657786846160889 3.04346680641174
17 15 -0.0701921358704567 -1.0044561624527 2.99372935295105
17 16 -0.0988229289650917 -1.07093024253845 2.93978905677795
17 17 0.0890534222126007 -0.108426600694656 3.06935548782349
17 18 0.0761117786169052 -0.64042729139328 3.0132896900177
17 19 0.0420780219137669 -0.993376851081848 2.99327421188354
17 20 0.0671241283416748 -1.05263257026672 2.9299533367157
18 1 -0.00213927845470607 -0.0270197689533234 3.08473777770996
18 2 -0.0139268413186073 0.0271799117326736 3.15030074119568
18 3 -0.0281654819846153 0.391854733228683 3.19678688049316
18 4 -0.0377863198518753 0.622067213058472 3.20483136177063
18 5 -0.203439623117447 0.258885771036148 3.13908123970032
18 6 -0.281044483184814 0.0240634493529797 3.08291554450989
18 7 -0.258832901716232 -0.230571538209915 3.00460863113403
18 8 -0.240272477269173 -0.332912296056747 2.98834943771362
18 9 0.184925734996796 0.309179455041885 3.21349596977234
18 10 0.414505183696747 0.438329935073853 3.23206090927124
18 11 0.445880383253098 0.715231955051422 3.24729514122009
18 12 0.458736032247543 0.793060123920441 3.26565527915955
18 13 -0.0838530585169792 -0.115685433149338 3.04829835891724
18 14 -0.0932752192020416 -0.655591070652008 3.0446412563324
18 15 -0.0657719969749451 -1.00324511528015 2.99502873420715
18 16 -0.100726515054703 -1.07231426239014 2.9492199420929
18 17 0.0899603664875031 -0.108495138585567 3.07096910476685
18 18 0.0765585973858833 -0.640783786773682 3.01450729370117
18 19 0.0434015244245529 -0.993850290775299 2.99446845054626
18 20 0.0719332545995712 -1.04961133003235 2.92991256713867
19 1 -0.00248655304312706 -0.0275295935571194 3.08594393730164
19 2 -0.0144699141383171 0.0266615115106106 3.15144538879395
19 3 -0.0285221543163061 0.390576541423798 3.1971709728241
19 4 -0.0354709438979626 0.621618866920471 3.20726609230042
19 5 -0.203103646636009 0.258780896663666 3.1394305229187
19 6 -0.281059920787811 0.0249257404357195 3.08503651618958
19 7 -0.258779853582382 -0.229448020458221 3.007075548172
19 8 -0.240734875202179 -0.333789676427841 2.99130749702454
19 9 0.18447370827198 0.309019565582275 3.21502542495728
19 10 0.410810947418213 0.434550404548645 3.23090767860413
19 11 0.447363495826721 0.713864088058472 3.24592590332031
19 12 0.455496728420258 0.795977473258972 3.26831531524658
19 13 -0.0839426144957542 -0.116118110716343 3.04987740516663
19 14 -0.0943332612514496 -0.657983779907227 3.0446093082428
19 15 -0.0722385570406914 -1.00673747062683 2.9934663772583
19 16 -0.0958924070000649 -1.07586264610291 2.94052648544312
19 17 0.0893313363194466 -0.108950883150101 3.07221460342407
19 18 0.0751264244318008 -0.641376614570618 3.01504111289978
19 19 0.0442333146929741 -0.994492650032043 2.99528431892395
19 20 0.0716901421546936 -1.05345046520233 2.93275022506714
20 1 -0.0027718145865947 -0.0279711838811636 3.08678007125854
20 2 -0.0146052855998278 0.0263356417417526 3.1522855758667
20 3 -0.0285917893052101 0.390399515628815 3.19734835624695
20 4 -0.0369121842086315 0.621683418750763 3.20713424682617
20 5 -0.20276166498661 0.257457226514816 3.14001774787903
20 6 -0.281230330467224 0.0240961965173483 3.08583879470825
20 7 -0.258464574813843 -0.229811787605286 3.00752949714661
20 8 -0.240929454565048 -0.333805352449417 2.99318861961365
20 9 0.18426650762558 0.308828681707382 3.21458220481873
20 10 0.418583184480667 0.440335214138031 3.23323106765747
20 11 0.447005301713943 0.71433687210083 3.24433207511902
20 12 0.457899153232574 0.789979815483093 3.27042770385742
20 13 -0.0843934938311577 -0.116638340055943 3.05048489570618
20 14 -0.0931946262717247 -0.658488273620605 3.04572010040283
20 15 -0.0677774697542191 -1.00646615028381 2.99513959884644
20 16 -0.0982482954859734 -1.06549966335297 2.93452000617981
20 17 0.089071087539196 -0.109533503651619 3.07327961921692
20 18 0.0736281871795654 -0.642413258552551 3.01457047462463
20 19 0.0446187034249306 -0.994944334030151 2.99370980262756
20 20 0.0616946592926979 -1.05806171894073 2.93196225166321
