1 1 -0.0390574596822262 -0.0661054700613022 3.10703015327454
1 2 -0.0382258296012878 -0.00795804057270288 3.17080020904541
1 3 -0.0598667003214359 0.36082449555397 3.20434808731079
1 4 -0.0610658451914787 0.555743634700775 3.20248866081238
1 5 -0.219640523195267 0.224611327052116 3.18945336341858
1 6 -0.26467376947403 -0.025971844792366 3.15365886688232
1 7 -0.293219327926636 -0.237215086817741 3.0387179851532
1 8 -0.287715405225754 -0.326437324285507 2.99382185935974
1 9 0.128622815012932 0.268570423126221 3.17094397544861
1 10 0.340951591730118 0.36921215057373 3.11288690567017
1 11 0.356420546770096 0.597375094890594 3.09066247940063
1 12 0.353926658630371 0.695264637470245 3.10298442840576
1 13 -0.113732442259789 -0.145916476845741 3.08863186836243
1 14 -0.156804993748665 -0.582260251045227 3.02664232254028
1 15 -0.154725879430771 -0.954109072685242 3.04424810409546
1 16 -0.156630903482437 -1.05756485462189 2.95727276802063
1 17 0.0433318689465523 -0.138930544257164 3.08534336090088
1 18 0.105238229036331 -0.575529396533966 2.9975278377533
1 19 0.0985219702124596 -0.948462605476379 3.01168274879456
1 20 0.107085101306438 -1.04495060443878 2.9426646232605
2 1 -0.0393195040524006 -0.0666707828640938 3.10795307159424
2 2 -0.039084829390049 -0.0081841554492712 3.17148447036743
2 3 -0.0595461949706078 0.360511720180511 3.20307183265686
2 4 -0.0620523281395435 0.555811643600464 3.20053696632385
2 5 -0.218881875276566 0.223552450537682 3.18847513198853
2 6 -0.262547075748444 -0.0171886440366507 3.15513300895691
2 7 -0.29074764251709 -0.241953700780869 3.0383358001709
2 8 -0.284407496452332 -0.327338397502899 3.00388836860657
2 9 0.130134850740433 0.266626238822937 3.17430138587952
2 10 0.341533184051514 0.367274641990662 3.11580538749695
2 11 0.357486724853516 0.599680125713348 3.09704923629761
2 12 0.346472084522247 0.695890963077545 3.10307621955872
2 13 -0.114286661148071 -0.146204307675362 3.08917188644409
2 14 -0.15729658305645 -0.582101106643677 3.02642416954041
2 15 -0.153755694627762 -0.952910423278809 3.04457926750183
2 16 -0.154486000537872 -1.05448818206787 2.95914697647095
2 17 0.0431515462696552 -0.140557378530502 3.08843731880188
2 18 0.105685956776142 -0.580276131629944 3.00129961967468
2 19 0.0971129536628723 -0.951692283153534 3.01449966430664
2 20 0.10669969022274 -1.0439864397049 2.94148278236389
3 1 -0.0391221679747105 -0.0679352134466171 3.10982537269592
3 2 -0.0389767922461033 -0.00932598300278187 3.17370772361755
3 3 -0.0572596080601215 0.361056685447693 3.20672488212585
3 4 -0.058532889932394 0.557183861732483 3.20746493339539
3 5 -0.218583807349205 0.222701951861382 3.18772506713867
3 6 -0.259184002876282 -0.0187741555273533 3.15654325485229
3 7 -0.28881561756134 -0.241593658924103 3.03718400001526
3 8 -0.28001394867897 -0.327565938234329 3.00060033798218
3 9 0.131430238485336 0.2652288377285 3.17624306678772
3 10 0.343235969543457 0.365339547395706 3.11974406242371
3 11 0.357908070087433 0.598709046840668 3.09666919708252
3 12 0.37410894036293 0.696533799171448 3.11522269248962
3 13 -0.114392429590225 -0.14724563062191 3.09002065658569
3 14 -0.157024756073952 -0.582908689975739 3.02721261978149
3 15 -0.153881147503853 -0.948241651058197 3.04314661026001
3 16 -0.153795555233955 -1.05313467979431 2.95952820777893
3 17 0.0433666296303272 -0.142550185322762 3.09161257743835
3 18 0.106035903096199 -0.581934630870819 3.00533699989319
3 19 0.0976093262434006 -0.950230002403259 3.02041554450989
3 20 0.107413768768311 -1.044957280159 2.94596695899963
4 1 -0.0389295965433121 -0.0682618543505669 3.11083626747131
4 2 -0.0388936623930931 -0.00958769302815199 3.1742844581604
4 3 -0.055988896638155 0.359979152679443 3.20578479766846
4 4 -0.0566674098372459 0.555792272090912 3.21213746070862
4 5 -0.217664748430252 0.222479701042175 3.18754982948303
4 6 -0.258493274450302 -0.0180136896669865 3.15346026420593
4 7 -0.280670762062073 -0.238035842776299 3.0354278087616
4 8 -0.277690887451172 -0.326772332191467 2.994624376297
4 9 0.132592245936394 0.264248102903366 3.17694616317749
4 10 0.343865275382996 0.362439662218094 3.11997652053833
4 11 0.357968181371689 0.597509980201721 3.09466528892517
4 12 0.376835972070694 0.695954918861389 3.11290788650513
4 13 -0.114653497934341 -0.147379815578461 3.09063649177551
4 14 -0.156884044408798 -0.58326643705368 3.02778792381287
4 15 -0.154215574264526 -0.948371887207031 3.04318881034851
4 16 -0.155167877674103 -1.05380833148956 2.95706653594971
4 17 0.0434323064982891 -0.143212214112282 3.09267091751099
4 18 0.10555662214756 -0.578674376010895 3.00643539428711
4 19 0.0961740836501122 -0.948070824146271 3.02087640762329
4 20 0.107853271067142 -1.04375326633453 2.95588564872742
5 1 -0.0384021885693073 -0.0681662634015083 3.11122727394104
5 2 -0.0381497368216515 -0.00930499285459518 3.17468547821045
5 3 -0.0530420318245888 0.361554890871048 3.20574951171875
5 4 -0.0557809211313725 0.558839499950409 3.21225023269653
5 5 -0.21691483259201 0.223826989531517 3.18787717819214
5 6 -0.258363157510757 -0.0130980387330055 3.14987444877625
5 7 -0.276469171047211 -0.239110708236694 3.03177905082703
5 8 -0.274163424968719 -0.325933158397675 2.99127721786499
5 9 0.132844641804695 0.264310479164124 3.17740440368652
5 10 0.344737261533737 0.360238671302795 3.11977696418762
5 11 0.358523547649384 0.595963835716248 3.09094333648682
5 12 0.377484738826752 0.696717619895935 3.11070775985718
5 13 -0.114332303404808 -0.14718846976757 3.09080028533936
5 14 -0.156611979007721 -0.58324658870697 3.02847695350647
5 15 -0.15421587228775 -0.9465611577034 3.04391884803772
5 16 -0.155242413282394 -1.05286228656769 2.95646047592163
5 17 0.0438448712229729 -0.14318722486496 3.09360647201538
5 18 0.10595978051424 -0.581104576587677 3.00807356834412
5 19 0.0976414829492569 -0.94888824224472 3.02317452430725
5 20 0.107091620564461 -1.04537487030029 2.94790005683899
6 1 -0.0383898876607418 -0.0683209970593452 3.11180067062378
6 2 -0.0381692387163639 -0.00958585366606712 3.17527270317078
6 3 -0.0531818941235542 0.360578060150146 3.2069833278656
6 4 -0.0555765777826309 0.558219969272614 3.21353697776794
6 5 -0.215411782264709 0.224942713975906 3.1877555847168
6 6 -0.257209181785584 -0.00970227271318436 3.14651274681091
6 7 -0.272074997425079 -0.241177678108215 3.03016495704651
6 8 -0.27117583155632 -0.328348696231842 2.9934868812561
6 9 0.13331113755703 0.264590978622437 3.17792367935181
6 10 0.34553599357605 0.358442515134811 3.11856341362
6 11 0.357856333255768 0.59619414806366 3.08907222747803
6 12 0.374054372310638 0.700520992279053 3.10504269599915
6 13 -0.114392891526222 -0.147071734070778 3.09138965606689
6 14 -0.15539088845253 -0.583237946033478 3.02889561653137
6 15 -0.153974950313568 -0.947609603404999 3.04365563392639
6 16 -0.155661880970001 -1.05371809005737 2.96262001991272
6 17 0.0434659197926521 -0.143305957317352 3.09380865097046
6 18 0.10559044778347 -0.576302886009216 3.00721383094788
6 19 0.0981525927782059 -0.94827675819397 3.02299928665161
6 20 0.108666867017746 -1.04551208019257 2.9495804309845
7 1 -0.0379287376999855 -0.0680324658751488 3.11200141906738
7 2 -0.0375883691012859 -0.00940129905939102 3.17552280426025
7 3 -0.0525174699723721 0.360729992389679 3.20793437957764
7 4 -0.0540467314422131 0.557606399059296 3.21490740776062
7 5 -0.21541565656662 0.225416839122772 3.18824505805969
7 6 -0.255675852298737 -0.00763901928439736 3.14581036567688
7 7 -0.271578937768936 -0.242253601551056 3.02857422828674
7 8 -0.269379019737244 -0.328104346990585 2.99075484275818
7 9 0.133599638938904 0.2652747631073 3.17817330360413
7 10 0.345719158649445 0.355518877506256 3.11819219589233
7 11 0.358226299285889 0.597117125988007 3.08665633201599
7 12 0.369318217039108 0.703383445739746 3.104336977005
7 13 -0.114025667309761 -0.146808579564095 3.09150290489197
7 14 -0.154748305678368 -0.583417773246765 3.02845144271851
7 15 -0.153929442167282 -0.95119047164917 3.04136800765991
7 16 -0.155218362808228 -1.05393385887146 2.96076464653015
7 17 0.0439628921449184 -0.142837509512901 3.09372162818909
7 18 0.105939380824566 -0.580196619033813 3.00638842582703
7 19 0.0980277806520462 -0.952215790748596 3.02250409126282
7 20 0.110240578651428 -1.04743278026581 2.95305037498474
8 1 -0.0373293496668339 -0.0672776997089386 3.11205625534058
8 2 -0.0368173457682133 -0.0087928269058466 3.17565131187439
8 3 -0.0514041408896446 0.361412912607193 3.20886588096619
8 4 -0.0523105934262276 0.560803353786469 3.21928882598877
8 5 -0.215435385704041 0.225643530488014 3.18870449066162
8 6 -0.257516413927078 -0.00464562140405178 3.14685988426209
8 7 -0.271378576755524 -0.242517158389091 3.0250461101532
8 8 -0.269767493009567 -0.327293217182159 2.98207759857178
8 9 0.134475246071815 0.265826433897018 3.17802000045776
8 10 0.346144616603851 0.358105659484863 3.11571264266968
8 11 0.357557892799377 0.596450507640839 3.08533406257629
8 12 0.373728424310684 0.702845573425293 3.10786128044128
8 13 -0.113682687282562 -0.146421581506729 3.09149408340454
8 14 -0.154278144240379 -0.584361732006073 3.02842259407043
8 15 -0.15367791056633 -0.952682912349701 3.04161906242371
8 16 -0.155295476317406 -1.05431795120239 2.95976758003235
8 17 0.0446879155933857 -0.141883686184883 3.09329628944397
8 18 0.106524661183357 -0.579447984695435 3.00639414787292
8 19 0.0969774350523949 -0.948269724845886 3.02260518074036
8 20 0.11089875549078 -1.04452896118164 2.94810009002686
9 1 -0.0370300449430943 -0.0675241053104401 3.11188387870789
9 2 -0.0365155376493931 -0.00920373387634754 3.17549467086792
9 3 -0.050492201000452 0.359905362129211 3.20877647399902
9 4 -0.051263615489006 0.561191916465759 3.21946454048157
9 5 -0.214417472481728 0.224770992994308 3.18726778030396
9 6 -0.256772696971893 -0.00720829144120216 3.14506101608276
9 7 -0.270595490932465 -0.240322217345238 3.02593159675598
9 8 -0.268825590610504 -0.328063011169434 2.98541498184204
9 9 0.134878635406494 0.265296638011932 3.17734694480896
9 10 0.346371024847031 0.354507058858871 3.11693143844604
9 11 0.357521384954453 0.596831619739532 3.08382797241211
9 12 0.373840093612671 0.706443548202515 3.10709619522095
9 13 -0.113435804843903 -0.146413877606392 3.09107255935669
9 14 -0.154318198561668 -0.584635734558105 3.02835607528687
9 15 -0.153688058257103 -0.945815026760101 3.03961825370789
9 16 -0.154065310955048 -1.05218076705933 2.96216249465942
9 17 0.044914823025465 -0.142236083745956 3.09300374984741
9 18 0.107329525053501 -0.580720484256744 3.00661253929138
9 19 0.0969727262854576 -0.947929739952087 3.0234649181366
9 20 0.109177924692631 -1.04521751403809 2.94699573516846
10 1 -0.0370963998138905 -0.0675043538212776 3.11172795295715
10 2 -0.0367314256727695 -0.00914560630917549 3.17534613609314
10 3 -0.0517738275229931 0.360085755586624 3.20869827270508
10 4 -0.0515947975218296 0.558363437652588 3.21909999847412
10 5 -0.214145570993423 0.225145608186722 3.18718147277832
10 6 -0.256231993436813 -0.00686626508831978 3.14647579193115
10 7 -0.270114213228226 -0.237622514367104 3.02895927429199
10 8 -0.269044935703278 -0.327959805727005 2.98588252067566
10 9 0.135944157838821 0.264807671308517 3.17769336700439
10 10 0.346812635660172 0.350449115037918 3.1164927482605
10 11 0.357432216405869 0.596482872962952 3.08056426048279
10 12 0.375974893569946 0.704196512699127 3.10500955581665
10 13 -0.11358580738306 -0.146341666579247 3.09089088439941
10 14 -0.154109448194504 -0.585443317890167 3.02778196334839
10 15 -0.153618484735489 -0.945351481437683 3.04061675071716
10 16 -0.155901253223419 -1.05311226844788 2.96470189094543
10 17 0.0449230261147022 -0.142343193292618 3.0927906036377
10 18 0.107143647968769 -0.580970346927643 3.00681447982788
10 19 0.0972638353705406 -0.94791305065155 3.02216649055481
10 20 0.109681248664856 -1.04531192779541 2.95084285736084
11 1 -0.0371685847640038 -0.0675314590334892 3.1117799282074
11 2 -0.0368113555014133 -0.00930408760905266 3.17546701431274
11 3 -0.0525473020970821 0.359730035066605 3.20949912071228
11 4 -0.0506916679441929 0.558659374713898 3.22128462791443
11 5 -0.214926898479462 0.225647911429405 3.18844938278198
11 6 -0.254476219415665 -0.00974897854030132 3.14863109588623
11 7 -0.270211219787598 -0.235108479857445 3.02909111976624
11 8 -0.267035931348801 -0.329360485076904 2.98014831542969
11 9 0.135655954480171 0.263995289802551 3.17830371856689
11 10 0.347633749246597 0.351861715316772 3.11785221099854
11 11 0.358242690563202 0.596799314022064 3.08388090133667
11 12 0.365130484104156 0.694057285785675 3.09862470626831
11 13 -0.113643400371075 -0.146241188049316 3.09090113639832
11 14 -0.154852241277695 -0.584835231304169 3.02713847160339
11 15 -0.154828026890755 -0.948589086532593 3.04321599006653
11 16 -0.154074907302856 -1.05354464054108 2.96206498146057
11 17 0.0448489114642143 -0.142463818192482 3.09268164634705
11 18 0.107440315186977 -0.580947697162628 3.00559639930725
11 19 0.0968345925211906 -0.949482083320618 3.02069687843323
11 20 0.108524791896343 -1.04454863071442 2.94866585731506
12 1 -0.0371269546449184 -0.0681255161762238 3.11186552047729
12 2 -0.0369077026844025 -0.0098643321543932 3.17557001113892
12 3 -0.0522093772888184 0.359817653894424 3.21001124382019
12 4 -0.0478516146540642 0.560834884643555 3.22480177879334
12 5 -0.213029950857162 0.225415378808975 3.18888998031616
12 6 -0.253809928894043 -0.0100975492969155 3.15131878852844
12 7 -0.270015329122543 -0.233975693583488 3.02970027923584
12 8 -0.267456442117691 -0.328540623188019 2.98240184783936
12 9 0.136939838528633 0.262192219495773 3.17960715293884
12 10 0.348816215991974 0.353386878967285 3.11890268325806
12 11 0.358175486326218 0.596617698669434 3.08361601829529
12 12 0.375535041093826 0.698975622653961 3.10587430000305
12 13 -0.11359379440546 -0.146389365196228 3.0910918712616
12 14 -0.155630141496658 -0.584806025028229 3.02759480476379
12 15 -0.155263453722 -0.948118209838867 3.04346108436584
12 16 -0.154515221714973 -1.05305576324463 2.96149277687073
12 17 0.0445840507745743 -0.143339172005653 3.09279537200928
12 18 0.107738204300404 -0.582992374897003 3.00596475601196
12 19 0.0971459969878197 -0.952450513839722 3.01929116249084
12 20 0.108535394072533 -1.04551708698273 2.94776368141174
13 1 -0.036274429410696 -0.0686513036489487 3.11288404464722
13 2 -0.0359172187745571 -0.0105141438543797 3.17676424980164
13 3 -0.0499267540872097 0.360002815723419 3.21298480033875
13 4 -0.0475988201797009 0.560006201267242 3.2255744934082
13 5 -0.211414456367493 0.225059598684311 3.18953442573547
13 6 -0.252546608448029 -0.0112750204280019 3.15416049957275
13 7 -0.271005034446716 -0.236133262515068 3.03134417533875
13 8 -0.268353283405304 -0.326047539710999 2.99096274375916
13 9 0.138213440775871 0.261463284492493 3.18007636070251
13 10 0.348419219255447 0.352308720350266 3.11976861953735
13 11 0.360471785068512 0.595637798309326 3.08295059204102
13 12 0.377444684505463 0.703746378421783 3.11006879806519
13 13 -0.112778261303902 -0.146893516182899 3.09194278717041
13 14 -0.15446825325489 -0.58664470911026 3.02932143211365
13 15 -0.154689505696297 -0.949612140655518 3.0446252822876
13 16 -0.153903499245644 -1.04965972900391 2.96253371238709
13 17 0.0453974865376949 -0.143725454807281 3.09388947486877
13 18 0.106907807290554 -0.58094984292984 3.00629472732544
13 19 0.0962950438261032 -0.944732964038849 3.02079701423645
13 20 0.108531169593334 -1.0429949760437 2.94794464111328
14 1 -0.0354802422225475 -0.0683980062603951 3.11349534988403
14 2 -0.0351150333881378 -0.0101660499349236 3.17721271514893
14 3 -0.050727903842926 0.359091639518738 3.21073341369629
14 4 -0.0478602536022663 0.5591099858284 3.22465062141418
14 5 -0.212125301361084 0.225721061229706 3.1921272277832
14 6 -0.251433193683624 -0.0112170213833451 3.15407657623291
14 7 -0.269628286361694 -0.23531998693943 3.03301978111267
14 8 -0.267449140548706 -0.326407551765442 2.98638963699341
14 9 0.138413950800896 0.261903434991837 3.18099474906921
14 10 0.347651302814484 0.349088221788406 3.12046551704407
14 11 0.360268920660019 0.596066236495972 3.08352851867676
14 12 0.378551244735718 0.707035303115845 3.11412596702576
14 13 -0.111521445214748 -0.146801501512527 3.09300017356873
14 14 -0.154665812849998 -0.586499333381653 3.02934694290161
14 15 -0.154229015111923 -0.949603021144867 3.04299855232239
14 16 -0.15475495159626 -1.05245065689087 2.9595103263855
14 17 0.0461716875433922 -0.143480718135834 3.09439134597778
14 18 0.106759540736675 -0.583104193210602 3.0075511932373
14 19 0.0979542508721352 -0.949798703193665 3.02099776268005
14 20 0.107905343174934 -1.04462718963623 2.94567775726318
15 1 -0.0343309044837952 -0.0683694556355476 3.11414813995361
15 2 -0.0341007634997368 -0.0100849159061909 3.17799472808838
15 3 -0.0506833456456661 0.359429985284805 3.2121114730835
15 4 -0.0468968041241169 0.559895992279053 3.22418260574341
15 5 -0.211389884352684 0.225319236516953 3.19230556488037
15 6 -0.250788390636444 -0.0138205131515861 3.15073847770691
15 7 -0.266462862491608 -0.229495137929916 3.03439807891846
15 8 -0.263697683811188 -0.325361162424088 2.98761343955994
15 9 0.138480305671692 0.26160740852356 3.1813907623291
15 10 0.347247093915939 0.348482578992844 3.12078261375427
15 11 0.359819531440735 0.596771121025085 3.08298897743225
15 12 0.378005713224411 0.705405354499817 3.11157488822937
15 13 -0.110049188137054 -0.14680552482605 3.09375858306885
15 14 -0.154362916946411 -0.584965229034424 3.02907133102417
15 15 -0.154159888625145 -0.949664950370789 3.04399371147156
15 16 -0.154301688075066 -1.05372750759125 2.96230530738831
15 17 0.0474354811012745 -0.143332540988922 3.09488868713379
15 18 0.106103643774986 -0.581347405910492 3.00907230377197
15 19 0.096928596496582 -0.943546891212463 3.02387499809265
15 20 0.10706989467144 -1.04334843158722 2.94451069831848
16 1 -0.0333966128528118 -0.0685029551386833 3.11406898498535
16 2 -0.0334510467946529 -0.0101869190111756 3.17788553237915
16 3 -0.0506839416921139 0.359314024448395 3.21160840988159
16 4 -0.0450835935771465 0.560631632804871 3.22541546821594
16 5 -0.210722237825394 0.224044799804688 3.19206237792969
16 6 -0.249676108360291 -0.0122281350195408 3.15135669708252
16 7 -0.266450375318527 -0.231488436460495 3.03328704833984
16 8 -0.263898700475693 -0.326964795589447 2.98700642585754
16 9 0.13857290148735 0.261952608823776 3.18180680274963
16 10 0.347726047039032 0.351039737462997 3.11967658996582
16 11 0.359842538833618 0.595689177513123 3.08286714553833
16 12 0.377383530139923 0.704128861427307 3.10940217971802
16 13 -0.108570694923401 -0.147059693932533 3.0938184261322
16 14 -0.154052197933197 -0.585882067680359 3.02961111068726
16 15 -0.154366105794907 -0.947187900543213 3.04380035400391
16 16 -0.154872074723244 -1.05366849899292 2.96125555038452
16 17 0.0483017265796661 -0.143254980444908 3.09466171264648
16 18 0.10742375254631 -0.585221350193024 3.0109269618988
16 19 0.0986065715551376 -0.944407224655151 3.0225293636322
16 20 0.107775211334229 -1.04552507400513 2.94519424438477
17 1 -0.0329276248812675 -0.0683252364397049 3.11414980888367
17 2 -0.0330024883151054 -0.0102347861975431 3.1780366897583
17 3 -0.0514324754476547 0.359091550111771 3.21334958076477
17 4 -0.045348085463047 0.559514462947845 3.22506427764893
17 5 -0.211049675941467 0.224306628108025 3.19264006614685
17 6 -0.250645935535431 -0.0109890000894666 3.15016937255859
17 7 -0.266744375228882 -0.233193978667259 3.03454351425171
17 8 -0.263880401849747 -0.327408939599991 2.98509836196899
17 9 0.138778045773506 0.261819034814835 3.18187737464905
17 10 0.347957938909531 0.349951356649399 3.11995768547058
17 11 0.364080101251602 0.596749305725098 3.08618879318237
17 12 0.375673174858093 0.703895568847656 3.11689424514771
17 13 -0.108136862516403 -0.147012978792191 3.09375143051147
17 14 -0.154252156615257 -0.585835814476013 3.02947592735291
17 15 -0.153693974018097 -0.951150476932526 3.04410243034363
17 16 -0.153171509504318 -1.05217015743256 2.95928168296814
17 17 0.0490526929497719 -0.142934054136276 3.0945839881897
17 18 0.10722990334034 -0.581135988235474 3.00902128219604
17 19 0.0977582708001137 -0.945403933525085 3.02469420433044
17 20 0.110998868942261 -1.04312086105347 2.9498450756073
18 1 -0.0329654291272163 -0.0681339129805565 3.11409449577332
18 2 -0.0329790823161602 -0.00983695313334465 3.17792057991028
18 3 -0.0510967150330544 0.359529197216034 3.21131300926209
18 4 -0.0455666929483414 0.559386074542999 3.22500276565552
18 5 -0.211441248655319 0.22581160068512 3.19355773925781
18 6 -0.25160026550293 -0.00846434570848942 3.14944124221802
18 7 -0.265433698892593 -0.230873584747314 3.03232264518738
18 8 -0.263592183589935 -0.324737846851349 2.98025107383728
18 9 0.138128280639648 0.262405753135681 3.18221664428711
18 10 0.348959445953369 0.350911766290665 3.12177109718323
18 11 0.362122058868408 0.59642106294632 3.08490061759949
18 12 0.370482206344604 0.701720952987671 3.10690546035767
18 13 -0.108281426131725 -0.146725043654442 3.09395742416382
18 14 -0.153691217303276 -0.585859715938568 3.03015828132629
18 15 -0.153678432106972 -0.951388776302338 3.04505848884583
18 16 -0.153491362929344 -1.0514942407608 2.95922589302063
18 17 0.0490044988691807 -0.142729610204697 3.09434843063354
18 18 0.106026619672775 -0.579957187175751 3.00900459289551
18 19 0.098222479224205 -0.945628046989441 3.02504682540894
18 20 0.110014319419861 -1.042844414711 2.94860672950745
19 1 -0.032781757414341 -0.0681242868304253 3.11400556564331
19 2 -0.0333400368690491 -0.0100738350301981 3.17795538902283
19 3 -0.0515413619577885 0.359754860401154 3.21238875389099
19 4 -0.0459482111036778 0.560861587524414 3.22504115104675
19 5 -0.210239484906197 0.225388795137405 3.19224405288696
19 6 -0.249533355236053 -0.0148706156760454 3.14801669120789
19 7 -0.265227943658829 -0.231287196278572 3.03077983856201
19 8 -0.262866258621216 -0.325557023286819 2.97760081291199
19 9 0.138231500983238 0.262296408414841 3.18271827697754
19 10 0.348417401313782 0.350356161594391 3.12376761436462
19 11 0.360606908798218 0.59762716293335 3.08425116539001
19 12 0.376269847154617 0.700998604297638 3.10751605033875
19 13 -0.108210414648056 -0.146796137094498 3.09386730194092
19 14 -0.154146447777748 -0.586308836936951 3.02947688102722
19 15 -0.153455331921577 -0.954310953617096 3.04542136192322
19 16 -0.154689952731133 -1.05732214450836 2.96089029312134
19 17 0.0488989129662514 -0.142670139670372 3.09423494338989
19 18 0.106707766652107 -0.58239084482193 3.0088939666748
19 19 0.0994101986289024 -0.944926261901855 3.02570223808289
19 20 0.10958032310009 -1.04225265979767 2.95029830932617
20 1 -0.0329242199659348 -0.0682714506983757 3.11401224136353
20 2 -0.0332514122128487 -0.0101542929187417 3.17793893814087
20 3 -0.0507008507847786 0.359528839588165 3.21277260780334
20 4 -0.0462273769080639 0.560036480426788 3.22627997398376
20 5 -0.210413902997971 0.225141197443008 3.1923303604126
20 6 -0.250674039125443 -0.0151112815365195 3.15414381027222
20 7 -0.268079847097397 -0.22866827249527 3.03351521492004
20 8 -0.263709962368011 -0.327105283737183 2.97907185554504
20 9 0.138534367084503 0.262053191661835 3.18278646469116
20 10 0.349418073892593 0.351451128721237 3.12369585037231
20 11 0.359100252389908 0.596482813358307 3.0835816860199
20 12 0.376543700695038 0.698752522468567 3.10685563087463
20 13 -0.108199752867222 -0.146827355027199 3.09334540367126
20 14 -0.154352828860283 -0.5864497423172 3.02925157546997
20 15 -0.15329222381115 -0.953770339488983 3.04415559768677
20 16 -0.154536589980125 -1.05606853961945 2.96430683135986
20 17 0.0490062162280083 -0.14265850186348 3.09447050094604
20 18 0.106030523777008 -0.578948557376862 3.00815582275391
20 19 0.0962811708450317 -0.949325799942017 3.027174949646
20 20 0.107872627675533 -1.04398357868195 2.94867277145386
