1 1 -0.0455699637532234 -0.131773039698601 3.14228272438049
1 2 -0.051684707403183 -0.080647885799408 3.2027587890625
1 3 -0.0736500024795532 0.25541079044342 3.23785805702209
1 4 -0.0894410237669945 0.455640852451324 3.24888968467712
1 5 -0.248411789536476 0.129899308085442 3.21530556678772
1 6 -0.271686226129532 -0.120136603713036 3.15285444259644
1 7 -0.261364042758942 -0.310175597667694 3.05392789840698
1 8 -0.255795508623123 -0.367545813322067 3.03993654251099
1 9 0.13399700820446 0.178994238376617 3.24267840385437
1 10 0.325809508562088 0.282548040151596 3.14521765708923
1 11 0.302192151546478 0.488458335399628 3.10756421089172
1 12 0.277029246091843 0.569746077060699 3.11448740959167
1 13 -0.12580269575119 -0.221030354499817 3.11408948898315
1 14 -0.12833246588707 -0.687685668468475 3.11427092552185
1 15 -0.1261096149683 -1.02342462539673 3.05262923240662
1 16 -0.164144903421402 -1.07058310508728 2.99706196784973
1 17 0.0458551794290543 -0.210167765617371 3.12472200393677
1 18 0.0378095209598541 -0.676997303962708 3.09381818771362
1 19 0.017029469832778 -1.00965750217438 3.0434741973877
1 20 0.0532452464103699 -1.05360114574432 2.97315263748169
2 1 -0.046512670814991 -0.13202990591526 3.14396619796753
2 2 -0.0527951121330261 -0.0816300585865974 3.20487213134766
2 3 -0.0758878514170647 0.253321498632431 3.24306797981262
2 4 -0.0872306004166603 0.454203635454178 3.25132369995117
2 5 -0.249383941292763 0.129008382558823 3.21613097190857
2 6 -0.272888869047165 -0.117857053875923 3.15457010269165
2 7 -0.262886047363281 -0.308254361152649 3.05801630020142
2 8 -0.255291998386383 -0.375238358974457 3.03971004486084
2 9 0.132879287004471 0.180698752403259 3.24372291564941
2 10 0.325481981039047 0.281618177890778 3.14775347709656
2 11 0.302134364843369 0.486740112304688 3.10878682136536
2 12 0.284180611371994 0.570705413818359 3.11406946182251
2 13 -0.126242905855179 -0.22121961414814 3.11528897285461
2 14 -0.129425495862961 -0.685559570789337 3.11471629142761
2 15 -0.12656158208847 -1.02298665046692 3.05252528190613
2 16 -0.164272665977478 -1.07061982154846 2.99601054191589
2 17 0.0451703891158104 -0.209900692105293 3.12534809112549
2 18 0.0375875644385815 -0.678397536277771 3.09670972824097
2 19 0.0111002689227462 -1.01096558570862 3.04763650894165
2 20 0.0507488884031773 -1.05591881275177 2.97468900680542
3 1 -0.0466334596276283 -0.132868945598602 3.14556813240051
3 2 -0.0531644001603127 -0.0825624018907547 3.20664405822754
3 3 -0.0761955305933952 0.253012150526047 3.24535322189331
3 4 -0.0883059576153755 0.454328894615173 3.25345849990845
3 5 -0.249275520443916 0.128826931118965 3.21842241287231
3 6 -0.272984057664871 -0.114245131611824 3.15664196014404
3 7 -0.262738078832626 -0.304155647754669 3.0608503818512
3 8 -0.255774855613709 -0.374289274215698 3.03928208351135
3 9 0.132828965783119 0.181667596101761 3.24752187728882
3 10 0.323978364467621 0.284113675355911 3.14897918701172
3 11 0.302569389343262 0.488803684711456 3.1109025478363
3 12 0.287075966596603 0.570404410362244 3.11729073524475
3 13 -0.125953927636147 -0.221950098872185 3.11635398864746
3 14 -0.129134550690651 -0.685891091823578 3.11537885665894
3 15 -0.125024557113647 -1.02331018447876 3.05450510978699
3 16 -0.161529168486595 -1.0697273015976 2.99849128723145
3 17 0.0450039803981781 -0.210695192217827 3.12717413902283
3 18 0.0372159034013748 -0.678767740726471 3.0976939201355
3 19 0.0168911926448345 -1.01231133937836 3.04876351356506
3 20 0.0520621128380299 -1.05740737915039 2.97406697273254
4 1 -0.0466279275715351 -0.133592784404755 3.14692354202271
4 2 -0.0532437823712826 -0.0833357498049736 3.20814061164856
4 3 -0.0772801488637924 0.252064734697342 3.24737954139709
4 4 -0.088427908718586 0.453210651874542 3.25359296798706
4 5 -0.24814285337925 0.129087492823601 3.22207880020142
4 6 -0.273683279752731 -0.1160644069314 3.15728950500488
4 7 -0.26164236664772 -0.306120038032532 3.06317448616028
4 8 -0.25391960144043 -0.372410625219345 3.04244828224182
4 9 0.133519098162651 0.181085199117661 3.25071477890015
4 10 0.325628995895386 0.280474692583084 3.15239477157593
4 11 0.303753525018692 0.487060368061066 3.11440014839172
4 12 0.29076823592186 0.570427179336548 3.12224054336548
4 13 -0.125711768865585 -0.222473740577698 3.11725330352783
4 14 -0.12814661860466 -0.685380756855011 3.11571455001831
4 15 -0.125087395310402 -1.02261316776276 3.05392503738403
4 16 -0.163274839520454 -1.07182025909424 3.00177955627441
4 17 0.0450678430497646 -0.211660146713257 3.12875699996948
4 18 0.0373702943325043 -0.679726243019104 3.09885692596436
4 19 0.0119462683796883 -1.013347864151 3.04706597328186
4 20 0.0537285543978214 -1.05790793895721 2.97289538383484
5 1 -0.0465564951300621 -0.134257018566132 3.14818572998047
5 2 -0.0526889972388744 -0.0841269865632057 3.20966458320618
5 3 -0.0746645629405975 0.251679509878159 3.25033926963806
5 4 -0.0865791663527489 0.45144134759903 3.256103515625
5 5 -0.247987166047096 0.128323629498482 3.22489595413208
5 6 -0.273642390966415 -0.116452649235725 3.16097164154053
5 7 -0.261520475149155 -0.305211067199707 3.06480360031128
5 8 -0.253326654434204 -0.373848468065262 3.04244613647461
5 9 0.133478239178658 0.180087879300117 3.251460313797
5 10 0.325602203607559 0.281448006629944 3.15344476699829
5 11 0.305374413728714 0.485464096069336 3.11553144454956
5 12 0.291140615940094 0.568778395652771 3.12204146385193
5 13 -0.12592838704586 -0.223155423998833 3.11876010894775
5 14 -0.128207355737686 -0.68705278635025 3.11556482315063
5 15 -0.126183867454529 -1.0223149061203 3.05465388298035
5 16 -0.162329778075218 -1.07117438316345 2.99575209617615
5 17 0.0449997670948505 -0.21190533041954 3.12918305397034
5 18 0.0372325219213963 -0.68008553981781 3.09953689575195
5 19 0.00861202739179134 -1.01556384563446 3.04563593864441
5 20 0.0515136495232582 -1.05865550041199 2.97697281837463
6 1 -0.0460997298359871 -0.134859904646873 3.14921045303345
6 2 -0.0521180331707001 -0.0847256258130074 3.21084761619568
6 3 -0.0729150399565697 0.251956641674042 3.25223541259766
6 4 -0.0872459411621094 0.45420241355896 3.25600147247314
6 5 -0.247955456376076 0.127712205052376 3.22558355331421
6 6 -0.272440284490585 -0.118617251515388 3.16115045547485
6 7 -0.260872155427933 -0.307506233453751 3.06582236289978
6 8 -0.252313315868378 -0.373612940311432 3.04468631744385
6 9 0.134462922811508 0.180008128285408 3.25282979011536
6 10 0.325456470251083 0.283085256814957 3.15340757369995
6 11 0.303616583347321 0.494889199733734 3.11686635017395
6 12 0.291347712278366 0.571099162101746 3.12579369544983
6 13 -0.125702857971191 -0.223915904760361 3.11946511268616
6 14 -0.127875149250031 -0.685983300209045 3.11567234992981
6 15 -0.125482708215714 -1.02216744422913 3.05528235435486
6 16 -0.1638453155756 -1.07144212722778 3.00254249572754
6 17 0.0456336736679077 -0.212532103061676 3.13000345230103
6 18 0.0372249446809292 -0.680446624755859 3.09935235977173
6 19 0.014509747736156 -1.01310884952545 3.04779505729675
6 20 0.0544732287526131 -1.05823242664337 2.97227764129639
7 1 -0.0462327748537064 -0.135342717170715 3.14988374710083
7 2 -0.0521574057638645 -0.0852168127894402 3.2117121219635
7 3 -0.0738554298877716 0.251341432332993 3.25343179702759
7 4 -0.0873646587133408 0.452695220708847 3.2554783821106
7 5 -0.248486593365669 0.126969382166862 3.2265625
7 6 -0.273146212100983 -0.11631353199482 3.16185760498047
7 7 -0.260368347167969 -0.304801225662231 3.06658315658569
7 8 -0.252151310443878 -0.375576674938202 3.04419779777527
7 9 0.134616509079933 0.179799109697342 3.25309801101685
7 10 0.324661731719971 0.281376093626022 3.15443086624146
7 11 0.30375862121582 0.495904207229614 3.11871910095215
7 12 0.290322363376617 0.570327520370483 3.12530779838562
7 13 -0.125812619924545 -0.224434345960617 3.11998534202576
7 14 -0.127751991152763 -0.686880588531494 3.11539173126221
7 15 -0.125720143318176 -1.02302420139313 3.05513095855713
7 16 -0.164023190736771 -1.07383072376251 3.00092458724976
7 17 0.0454874970018864 -0.213022351264954 3.13028192520142
7 18 0.0371629185974598 -0.680074870586395 3.09899616241455
7 19 0.0170425493270159 -1.01136767864227 3.04888010025024
7 20 0.0509915687143803 -1.05772697925568 2.97640228271484
8 1 -0.0461791828274727 -0.135571345686913 3.14997124671936
8 2 -0.052254818379879 -0.0852411985397339 3.21180295944214
8 3 -0.0741336345672607 0.251788318157196 3.25268983840942
8 4 -0.0882522463798523 0.455032855272293 3.25604319572449
8 5 -0.248237833380699 0.126421347260475 3.2264461517334
8 6 -0.27283576130867 -0.11632227152586 3.16377472877502
8 7 -0.260129421949387 -0.304238855838776 3.06821775436401
8 8 -0.252191662788391 -0.375526487827301 3.04334831237793
8 9 0.134959667921066 0.179297298192978 3.2537682056427
8 10 0.325054168701172 0.283139914274216 3.15424156188965
8 11 0.304820597171783 0.490443676710129 3.11918640136719
8 12 0.288636237382889 0.571650147438049 3.12706828117371
8 13 -0.125927910208702 -0.224710494279861 3.12007331848145
8 14 -0.126427680253983 -0.685888350009918 3.11525130271912
8 15 -0.126006111502647 -1.02403450012207 3.05579686164856
8 16 -0.164514884352684 -1.07212376594543 3.00880742073059
8 17 0.045744389295578 -0.213192656636238 3.13037848472595
8 18 0.0387584753334522 -0.678995132446289 3.0979528427124
8 19 0.017093051224947 -1.01238524913788 3.04824590682983
8 20 0.0522375851869583 -1.05818176269531 2.97678256034851
9 1 -0.0460855178534985 -0.136237949132919 3.15016484260559
9 2 -0.0522997044026852 -0.0857312455773354 3.21203780174255
9 3 -0.0752591043710709 0.252777963876724 3.25376677513123
9 4 -0.0870771184563637 0.454345285892487 3.25855946540833
9 5 -0.248159170150757 0.126276284456253 3.22688126564026
9 6 -0.27226796746254 -0.121531903743744 3.16229367256165
9 7 -0.258995622396469 -0.308911561965942 3.06592774391174
9 8 -0.250918090343475 -0.375829488039017 3.04270219802856
9 9 0.13520322740078 0.179289042949677 3.25397109985352
9 10 0.326915204524994 0.283238381147385 3.15431785583496
9 11 0.304898351430893 0.488797456026077 3.11899995803833
9 12 0.290551900863647 0.571801364421844 3.12710523605347
9 13 -0.125541403889656 -0.225400507450104 3.1200647354126
9 14 -0.125910073518753 -0.688159227371216 3.1161482334137
9 15 -0.123733930289745 -1.02096045017242 3.05515360832214
9 16 -0.163091465830803 -1.06887054443359 2.9956636428833
9 17 0.0459231995046139 -0.213859021663666 3.13066792488098
9 18 0.0387317426502705 -0.677994310855865 3.09797930717468
9 19 0.0162547677755356 -1.01327264308929 3.04719567298889
9 20 0.0486475452780724 -1.0594310760498 2.97946095466614
10 1 -0.0458914153277874 -0.136473879218102 3.15038514137268
10 2 -0.0522811077535152 -0.0860528349876404 3.21245813369751
10 3 -0.0751563161611557 0.253029406070709 3.25471663475037
10 4 -0.0882313847541809 0.453015297651291 3.2589590549469
10 5 -0.247764125466347 0.126763626933098 3.22616863250732
10 6 -0.272541254758835 -0.119301304221153 3.16172027587891
10 7 -0.259061545133591 -0.307154148817062 3.06650114059448
10 8 -0.25246387720108 -0.373034179210663 3.04281949996948
10 9 0.135054051876068 0.179507151246071 3.25428009033203
10 10 0.327536076307297 0.284941583871841 3.15327525138855
10 11 0.304468810558319 0.489055782556534 3.11918497085571
10 12 0.290522247552872 0.571624040603638 3.1270546913147
10 13 -0.125426292419434 -0.225700527429581 3.12010645866394
10 14 -0.125916659832001 -0.688609004020691 3.11614918708801
10 15 -0.126195341348648 -1.02313780784607 3.05521655082703
10 16 -0.166902273893356 -1.07072925567627 3.00266027450562
10 17 0.0464039966464043 -0.213916689157486 3.13077974319458
10 18 0.0378647185862064 -0.678665220737457 3.09789085388184
10 19 0.0167821384966373 -1.01245784759521 3.04613900184631
10 20 0.0537407658994198 -1.06062304973602 2.9821150302887
11 1 -0.045427817851305 -0.136526554822922 3.15021705627441
11 2 -0.0517485961318016 -0.0859345570206642 3.21219635009766
11 3 -0.074045792222023 0.252670735120773 3.25305819511414
11 4 -0.0883621722459793 0.455297708511353 3.26007080078125
11 5 -0.248121365904808 0.126394599676132 3.22621989250183
11 6 -0.271143913269043 -0.11650738120079 3.15825080871582
11 7 -0.259390950202942 -0.306492030620575 3.06759452819824
11 8 -0.251283198595047 -0.375693887472153 3.04162788391113
11 9 0.135157838463783 0.179688468575478 3.25394582748413
11 10 0.326847642660141 0.284916698932648 3.15285730361938
11 11 0.303745359182358 0.488822221755981 3.11849212646484
11 12 0.292407482862473 0.571833908557892 3.12753415107727
11 13 -0.125266686081886 -0.226004362106323 3.1198844909668
11 14 -0.12605457007885 -0.689622640609741 3.11618232727051
11 15 -0.126522988080978 -1.02344369888306 3.05542278289795
11 16 -0.163503512740135 -1.07196033000946 2.99535369873047
11 17 0.0470391660928726 -0.213907569646835 3.1304178237915
11 18 0.0381906554102898 -0.679362118244171 3.09806394577026
11 19 0.0182277671992779 -1.01171767711639 3.04778695106506
11 20 0.0526393614709377 -1.05755889415741 2.9772424697876
12 1 -0.045248731970787 -0.136845737695694 3.14987945556641
12 2 -0.0518811233341694 -0.0861675292253494 3.21174168586731
12 3 -0.0750194862484932 0.251725673675537 3.25155401229858
12 4 -0.0875888541340828 0.451116323471069 3.25531625747681
12 5 -0.247679233551025 0.126294791698456 3.22439861297607
12 6 -0.271393805742264 -0.120520494878292 3.16087985038757
12 7 -0.25908762216568 -0.308763682842255 3.06628060340881
12 8 -0.249773070216179 -0.377221524715424 3.04326438903809
12 9 0.135727033019066 0.179802805185318 3.25370764732361
12 10 0.325973182916641 0.285098195075989 3.15284252166748
12 11 0.303387433290482 0.488024920225143 3.1172616481781
12 12 0.290734022855759 0.570661962032318 3.12658858299255
12 13 -0.124927088618279 -0.226365521550179 3.11954832077026
12 14 -0.125617027282715 -0.685211360454559 3.11590504646301
12 15 -0.125703573226929 -1.02001261711121 3.05640363693237
12 16 -0.162242859601974 -1.06817519664764 3.00842452049255
12 17 0.0473567172884941 -0.214202538132668 3.1303551197052
12 18 0.0380881167948246 -0.679035782814026 3.09769606590271
12 19 0.0165262259542942 -1.01053845882416 3.04820418357849
12 20 0.0482845343649387 -1.05799663066864 2.97876954078674
13 1 -0.0449043065309525 -0.137216880917549 3.14938473701477
13 2 -0.0514440052211285 -0.0860725119709969 3.21109819412231
13 3 -0.0741442069411278 0.253732264041901 3.24969363212585
13 4 -0.0867596715688705 0.454289495944977 3.25632476806641
13 5 -0.248011499643326 0.126475840806961 3.2243378162384
13 6 -0.275337010622025 -0.103624850511551 3.16390347480774
13 7 -0.259541898965836 -0.294694781303406 3.07132959365845
13 8 -0.250948369503021 -0.373214662075043 3.04269075393677
13 9 0.135256946086884 0.180284857749939 3.25274252891541
13 10 0.325698852539063 0.28488877415657 3.15302729606628
13 11 0.303284376859665 0.487687706947327 3.11730527877808
13 12 0.289532601833344 0.569906115531921 3.1248242855072
13 13 -0.124437794089317 -0.226934477686882 3.11906766891479
13 14 -0.1259885430336 -0.68846869468689 3.11499786376953
13 15 -0.126701548695564 -1.02426087856293 3.0541136264801
13 16 -0.166893541812897 -1.07408487796783 2.99663686752319
13 17 0.0476668663322926 -0.21453595161438 3.13032150268555
13 18 0.0386959984898567 -0.679106712341309 3.09741997718811
13 19 0.0151611268520355 -1.01133787631989 3.04660868644714
13 20 0.0532955303788185 -1.05559980869293 2.97292280197144
14 1 -0.0451919622719288 -0.136504098773003 3.148353099823
14 2 -0.0519080460071564 -0.0854532346129417 3.2100145816803
14 3 -0.0758786797523499 0.253693759441376 3.24848866462708
14 4 -0.0885334610939026 0.45538318157196 3.25470352172852
14 5 -0.247437819838524 0.127331778407097 3.22291207313538
14 6 -0.274021565914154 -0.111324481666088 3.15990400314331
14 7 -0.259406507015228 -0.300168395042419 3.06797957420349
14 8 -0.250882655382156 -0.373294651508331 3.04144787788391
14 9 0.134542897343636 0.181229680776596 3.25205159187317
14 10 0.325601696968079 0.284864515066147 3.15052127838135
14 11 0.303662002086639 0.490714222192764 3.11839509010315
14 12 0.291086167097092 0.570578932762146 3.12675261497498
14 13 -0.125027850270271 -0.226229652762413 3.11850452423096
14 14 -0.125583678483963 -0.689373373985291 3.11461234092712
14 15 -0.127051204442978 -1.02580535411835 3.05505442619324
14 16 -0.163288712501526 -1.07396292686462 2.9946882724762
14 17 0.0478450544178486 -0.213212579488754 3.12867951393127
14 18 0.037667490541935 -0.677813231945038 3.09622168540955
14 19 0.0194589011371136 -1.00912749767303 3.04523229598999
14 20 0.0528427809476852 -1.05474174022675 2.96748518943787
15 1 -0.0455915555357933 -0.136504501104355 3.14704942703247
15 2 -0.0520732067525387 -0.0853091552853584 3.20863580703735
15 3 -0.0755483508110046 0.254056960344315 3.2466254234314
15 4 -0.0899009481072426 0.454000949859619 3.25184917449951
15 5 -0.248207360506058 0.128155753016472 3.22173762321472
15 6 -0.272779256105423 -0.116583831608295 3.1578688621521
15 7 -0.260102778673172 -0.304935812950134 3.06479334831238
15 8 -0.252703785896301 -0.371150285005569 3.04211473464966
15 9 0.133133485913277 0.181135147809982 3.24923968315125
15 10 0.324182003736496 0.285725653171539 3.14871311187744
15 11 0.302554041147232 0.488555938005447 3.11583590507507
15 12 0.2881920337677 0.569666147232056 3.12198829650879
15 13 -0.125478804111481 -0.225939869880676 3.11766195297241
15 14 -0.126034572720528 -0.688257038593292 3.11360192298889
15 15 -0.12708568572998 -1.02408361434937 3.05471992492676
15 16 -0.162741810083389 -1.07255208492279 2.99870562553406
15 17 0.0471278242766857 -0.213199719786644 3.12740921974182
15 18 0.0369438827037811 -0.677402198314667 3.09402918815613
15 19 0.0192828457802534 -1.00845456123352 3.04446649551392
15 20 0.0546344444155693 -1.0554633140564 2.96628952026367
16 1 -0.0464836247265339 -0.136381760239601 3.1456925868988
16 2 -0.0528891570866108 -0.0848299711942673 3.20675325393677
16 3 -0.0760506466031075 0.254850953817368 3.24257230758667
16 4 -0.0918941795825958 0.456888109445572 3.25223183631897
16 5 -0.249632209539413 0.12879678606987 3.21928954124451
16 6 -0.271291434764862 -0.120561212301254 3.15497303009033
16 7 -0.261169046163559 -0.308902621269226 3.06147837638855
16 8 -0.250513672828674 -0.377559661865234 3.03907942771912
16 9 0.132194876670837 0.181853652000427 3.24589228630066
16 10 0.324279218912125 0.286670684814453 3.14770126342773
16 11 0.301857024431229 0.489489495754242 3.11548829078674
16 12 0.295327067375183 0.583783566951752 3.13320970535278
16 13 -0.126823991537094 -0.225916683673859 3.11669564247131
16 14 -0.127652183175087 -0.688068568706512 3.11254262924194
16 15 -0.127021357417107 -1.0237455368042 3.05446147918701
16 16 -0.162822782993317 -1.07239627838135 2.99801445007324
16 17 0.0461332947015762 -0.213548168540001 3.12609076499939
16 18 0.0376598611474037 -0.67499041557312 3.09274315834045
16 19 0.0115766022354364 -1.01214814186096 3.04343271255493
16 20 0.0532050617039204 -1.05653655529022 2.96741008758545
17 1 -0.047133345156908 -0.136668831110001 3.14472770690918
17 2 -0.0533335320651531 -0.085190512239933 3.20615839958191
17 3 -0.0765428841114044 0.254535526037216 3.24319434165955
17 4 -0.0949062556028366 0.455679029226303 3.25163841247559
17 5 -0.251310169696808 0.128305941820145 3.21834850311279
17 6 -0.271799981594086 -0.118944697082043 3.15430283546448
17 7 -0.261490494012833 -0.307320445775986 3.06087589263916
17 8 -0.254156708717346 -0.37147980928421 3.04118204116821
17 9 0.130848348140717 0.181967124342918 3.24462556838989
17 10 0.324222892522812 0.286175340414047 3.14721322059631
17 11 0.300553381443024 0.488816499710083 3.1144745349884
17 12 0.283889919519424 0.571143329143524 3.11981821060181
17 13 -0.127210766077042 -0.226269915699959 3.11633467674255
17 14 -0.12765371799469 -0.687811970710754 3.11241579055786
17 15 -0.12682968378067 -1.02337253093719 3.05351495742798
17 16 -0.159543409943581 -1.0708692073822 2.99849438667297
17 17 0.0451871156692505 -0.213556557893753 3.12456893920898
17 18 0.0374965071678162 -0.674941599369049 3.09229779243469
17 19 0.0194062720984221 -1.00763010978699 3.04288339614868
17 20 0.0520434826612473 -1.05538558959961 2.97018551826477
18 1 -0.0477651059627533 -0.136628702282906 3.14364647865295
18 2 -0.053687047213316 -0.0847967639565468 3.20496654510498
18 3 -0.0759447440505028 0.255705535411835 3.24062418937683
18 4 -0.0955660119652748 0.455493062734604 3.25003027915955
18 5 -0.252267509698868 0.128433138132095 3.21844077110291
18 6 -0.273951858282089 -0.115675017237663 3.15333318710327
18 7 -0.262074440717697 -0.304669350385666 3.06168246269226
18 8 -0.256407499313354 -0.369713366031647 3.04286980628967
18 9 0.12990528345108 0.181806191802025 3.24330925941467
18 10 0.322471112012863 0.285735696554184 3.14590430259705
18 11 0.29927334189415 0.488413244485855 3.11332225799561
18 12 0.281083345413208 0.570267498493195 3.11763525009155
18 13 -0.128037199378014 -0.226241886615753 3.11516189575195
18 14 -0.128257855772972 -0.686693787574768 3.11221408843994
18 15 -0.126821398735046 -1.02310502529144 3.05400586128235
18 16 -0.160093531012535 -1.07058572769165 3.00632643699646
18 17 0.0443500988185406 -0.213752642273903 3.1239230632782
18 18 0.0368316397070885 -0.676108300685883 3.09248638153076
18 19 0.0205619800835848 -1.00795257091522 3.04298806190491
18 20 0.0511641725897789 -1.05513060092926 2.97097373008728
19 1 -0.0482186563313007 -0.136412188410759 3.14272546768188
19 2 -0.0539736226201057 -0.0842984318733215 3.20380783081055
19 3 -0.075793519616127 0.255992263555527 3.23768305778503
19 4 -0.0970518365502357 0.456039905548096 3.24954915046692
19 5 -0.253046303987503 0.129222512245178 3.218177318573
19 6 -0.27484256029129 -0.113741263747215 3.15280318260193
19 7 -0.26302170753479 -0.30243256688118 3.06051540374756
19 8 -0.255011975765228 -0.375452965497971 3.03735637664795
19 9 0.129040539264679 0.182691141963005 3.24196910858154
19 10 0.321456551551819 0.286752253770828 3.14465475082397
19 11 0.295969009399414 0.505815148353577 3.11462259292603
19 12 0.286856025457382 0.601118505001068 3.128502368927
19 13 -0.128435760736465 -0.22616109251976 3.11469912528992
19 14 -0.128931060433388 -0.687855124473572 3.11241579055786
19 15 -0.127383813261986 -1.0235641002655 3.05320763587952
19 16 -0.160601794719696 -1.07385444641113 2.99678421020508
19 17 0.043735533952713 -0.213532462716103 3.12318301200867
19 18 0.0363239869475365 -0.676465213298798 3.09271264076233
19 19 0.0212249271571636 -1.00732791423798 3.0439567565918
19 20 0.0519843734800816 -1.05541741847992 2.9705331325531
20 1 -0.0482445582747459 -0.13623933494091 3.1420726776123
20 2 -0.0540978163480759 -0.0840256214141846 3.20297646522522
20 3 -0.0758304595947266 0.256007850170136 3.23566722869873
20 4 -0.0975843593478203 0.455976188182831 3.24958300590515
20 5 -0.25275444984436 0.129596933722496 3.21689486503601
20 6 -0.273470014333725 -0.11911641061306 3.15165305137634
20 7 -0.263698726892471 -0.307460188865662 3.05836772918701
20 8 -0.256696283817291 -0.370420783758163 3.03911709785461
20 9 0.128575384616852 0.183138236403465 3.24150252342224
20 10 0.321500152349472 0.286423653364182 3.1446738243103
20 11 0.298181772232056 0.493697702884674 3.11155700683594
20 12 0.291437357664108 0.588573455810547 3.13095784187317
20 13 -0.128764122724533 -0.22608257830143 3.11384510993958
20 14 -0.12898325920105 -0.687349557876587 3.11257195472717
20 15 -0.128360286355019 -1.02441847324371 3.05384206771851
20 16 -0.160640239715576 -1.07339465618134 3.00028133392334
20 17 0.0438847057521343 -0.213260874152184 3.12319326400757
20 18 0.0365619398653507 -0.676554203033447 3.09236478805542
20 19 0.0198849383741617 -1.00665438175201 3.04421710968018
20 20 0.0534099340438843 -1.05498433113098 2.96913194656372
