1 1 -0.0298298727720976 -0.062799483537674 3.10888075828552
1 2 -0.0275624804198742 -0.00400962540879846 3.17040610313416
1 3 -0.0280904583632946 0.359509140253067 3.19347190856934
1 4 -0.0258801449090242 0.555156052112579 3.20877766609192
1 5 -0.224367544054985 0.277155876159668 3.20176982879639
1 6 -0.429523050785065 0.398249119520187 3.15748381614685
1 7 -0.479559063911438 0.616928935050964 3.10998606681824
1 8 -0.492789149284363 0.720995187759399 3.10949802398682
1 9 0.129097044467926 0.235957741737366 3.17715072631836
1 10 0.184907451272011 -0.039323091506958 3.15195369720459
1 11 0.207248210906982 -0.230269089341164 3.0285210609436
1 12 0.198270916938782 -0.317253649234772 2.97124266624451
1 13 -0.109478235244751 -0.138774544000626 3.08676099777222
1 14 -0.148627728223801 -0.586477041244507 3.027268409729
1 15 -0.152906313538551 -0.956570863723755 3.04428458213806
1 16 -0.15426030755043 -1.05877697467804 2.9681921005249
1 17 0.0497662238776684 -0.142532005906105 3.09406614303589
1 18 0.103308670222759 -0.57708466053009 2.99971318244934
1 19 0.0985166877508163 -0.944608211517334 3.01399683952332
1 20 0.104268774390221 -1.04504859447479 2.94141745567322
2 1 -0.0292087309062481 -0.0625546649098396 3.10913443565369
2 2 -0.0270190052688122 -0.00388058554381132 3.17054128646851
2 3 -0.0274816416203976 0.359910815954208 3.19379353523254
2 4 -0.0244894344359636 0.555765688419342 3.2093448638916
2 5 -0.223625108599663 0.27656689286232 3.20192217826843
2 6 -0.433087587356567 0.403886318206787 3.15379309654236
2 7 -0.478833228349686 0.616912364959717 3.10700726509094
2 8 -0.48675400018692 0.72150844335556 3.10625863075256
2 9 0.12904953956604 0.235349506139755 3.1781542301178
2 10 0.183880999684334 -0.0176189299672842 3.15979290008545
2 11 0.204107403755188 -0.22541943192482 3.03563189506531
2 12 0.198821052908897 -0.311086177825928 2.97532510757446
2 13 -0.108650274574757 -0.138892665505409 3.08730506896973
2 14 -0.14874792098999 -0.586181819438934 3.02735924720764
2 15 -0.153283253312111 -0.954962849617004 3.04592537879944
2 16 -0.153426587581635 -1.05363440513611 2.96280241012573
2 17 0.0502400435507298 -0.141981646418571 3.09446549415588
2 18 0.101788446307182 -0.574118375778198 2.99937462806702
2 19 0.0980914458632469 -0.942530035972595 3.01200366020203
2 20 0.106378883123398 -1.04534780979156 2.94090795516968
3 1 -0.0285944156348705 -0.0623031258583069 3.11005282402039
3 2 -0.0268576983362436 -0.0037586260586977 3.17145991325378
3 3 -0.025756711140275 0.360487073659897 3.1962742805481
3 4 -0.023421386256814 0.556992590427399 3.21333742141724
3 5 -0.223164767026901 0.275893956422806 3.20168495178223
3 6 -0.433081299066544 0.405125319957733 3.15443444252014
3 7 -0.476803570985794 0.617641150951386 3.10454821586609
3 8 -0.485113471746445 0.721620559692383 3.10236740112305
3 9 0.131739035248756 0.235540688037872 3.18228077888489
3 10 0.180908411741257 -0.0124087147414684 3.16443204879761
3 11 0.203111082315445 -0.224780201911926 3.03779768943787
3 12 0.198757454752922 -0.309013664722443 2.9763867855072
3 13 -0.108231261372566 -0.138869300484657 3.08921122550964
3 14 -0.148368865251541 -0.585686147212982 3.02717161178589
3 15 -0.152712821960449 -0.955410480499268 3.0437798500061
3 16 -0.153507500886917 -1.05314373970032 2.96093320846558
3 17 0.0507121160626411 -0.141859948635101 3.09511160850525
3 18 0.102632030844688 -0.5778848528862 2.99973273277283
3 19 0.097160592675209 -0.946291565895081 3.01286220550537
3 20 0.107302695512772 -1.04459881782532 2.93743205070496
4 1 -0.0289058201014996 -0.0628943592309952 3.11067461967468
4 2 -0.0270080715417862 -0.00420645158737898 3.17231154441834
4 3 -0.0279240272939205 0.362870246171951 3.19886159896851
4 4 -0.0228115487843752 0.557716846466064 3.21418642997742
4 5 -0.222583085298538 0.274810582399368 3.20191431045532
4 6 -0.432892948389053 0.403719693422318 3.15435218811035
4 7 -0.477293998003006 0.616120278835297 3.10552835464478
4 8 -0.485559791326523 0.719563543796539 3.10187959671021
4 9 0.129331693053246 0.235282093286514 3.18057179450989
4 10 0.185733437538147 -0.0277108941227198 3.16447472572327
4 11 0.205207109451294 -0.220941543579102 3.0433714389801
4 12 0.197889119386673 -0.3082495033741 2.98764061927795
4 13 -0.108248502016068 -0.139161601662636 3.08954286575317
4 14 -0.14817476272583 -0.585285842418671 3.02759504318237
4 15 -0.152996867895126 -0.952607989311218 3.04536652565002
4 16 -0.155264258384705 -1.05487549304962 2.96473407745361
4 17 0.0502469576895237 -0.141993254423141 3.09578108787537
4 18 0.101678892970085 -0.575549483299255 3.00000429153442
4 19 0.0979739651083946 -0.945831954479218 3.01219487190247
4 20 0.108029276132584 -1.04394567012787 2.93769669532776
5 1 -0.02862792275846 -0.0634184628725052 3.11106395721436
5 2 -0.0265479385852814 -0.00453811744228005 3.17261958122253
5 3 -0.0264738816767931 0.361273020505905 3.19776844978333
5 4 -0.0231578014791012 0.555457055568695 3.21379494667053
5 5 -0.222249686717987 0.274015188217163 3.20207071304321
5 6 -0.433489114046097 0.407277017831802 3.1547064781189
5 7 -0.47932031750679 0.61885792016983 3.10389089584351
5 8 -0.48502179980278 0.721852242946625 3.09719181060791
5 9 0.128747701644897 0.234976902604103 3.18016171455383
5 10 0.182003617286682 -0.0134634114801884 3.15886926651001
5 11 0.205343753099442 -0.225180238485336 3.04025363922119
5 12 0.197019621729851 -0.311609476804733 2.98416519165039
5 13 -0.107882589101791 -0.139503255486488 3.08976006507874
5 14 -0.148618042469025 -0.585503935813904 3.02853679656982
5 15 -0.153155833482742 -0.953520178794861 3.04441976547241
5 16 -0.156408384442329 -1.05610740184784 2.96447682380676
5 17 0.0502404980361462 -0.142093509435654 3.09651160240173
5 18 0.101627744734287 -0.575018048286438 3.00053358078003
5 19 0.0985008180141449 -0.944946765899658 3.01093649864197
5 20 0.107067450881004 -1.04293727874756 2.93859839439392
6 1 -0.0286105871200562 -0.0624470263719559 3.11120653152466
6 2 -0.0265069361776114 -0.00358240399509668 3.17274975776672
6 3 -0.025803754106164 0.362485647201538 3.19728899002075
6 4 -0.0222216602414846 0.557430326938629 3.2135112285614
6 5 -0.222487181425095 0.275012105703354 3.20276355743408
6 6 -0.434270590543747 0.405685782432556 3.1543550491333
6 7 -0.479857683181763 0.617278575897217 3.10495090484619
6 8 -0.487160861492157 0.719589233398438 3.09620189666748
6 9 0.130311757326126 0.235594868659973 3.18132209777832
6 10 0.184179589152336 -0.0357986837625504 3.15865516662598
6 11 0.204898729920387 -0.226696655154228 3.03874754905701
6 12 0.197895154356956 -0.312567532062531 2.98240494728088
6 13 -0.108231998980045 -0.138708025217056 3.08972525596619
6 14 -0.147616907954216 -0.584911406040192 3.02809238433838
6 15 -0.153438463807106 -0.955012202262878 3.04696035385132
6 16 -0.154164716601372 -1.05401396751404 2.95277261734009
6 17 0.0501584373414516 -0.141480088233948 3.0965142250061
6 18 0.101719364523888 -0.574709534645081 3.00013065338135
6 19 0.0982200801372528 -0.947171986103058 3.01160168647766
6 20 0.109045207500458 -1.04365277290344 2.94002771377563
7 1 -0.0285343080759048 -0.0623064152896404 3.11082339286804
7 2 -0.0264413505792618 -0.00353628303855658 3.17234897613525
7 3 -0.0254393424838781 0.361267656087875 3.19670867919922
7 4 -0.0225239731371403 0.555200040340424 3.21089577674866
7 5 -0.222606718540192 0.27543917298317 3.20265626907349
7 6 -0.432285070419312 0.40580028295517 3.15614938735962
7 7 -0.476883232593536 0.618052244186401 3.10706520080566
7 8 -0.487925708293915 0.720108449459076 3.10841107368469
7 9 0.13018324971199 0.235069647431374 3.18139433860779
7 10 0.184701561927795 -0.0393287762999535 3.15643239021301
7 11 0.206942960619926 -0.229962646961212 3.03556966781616
7 12 0.198143973946571 -0.314577609300613 2.97810578346252
7 13 -0.108191467821598 -0.138455778360367 3.08887887001038
7 14 -0.147190302610397 -0.584968507289886 3.02778506278992
7 15 -0.153680950403214 -0.954567909240723 3.04700565338135
7 16 -0.152701854705811 -1.05142486095428 2.95884346961975
7 17 0.050211988389492 -0.141345903277397 3.09596705436707
7 18 0.102169409394264 -0.576481521129608 3.00046062469482
7 19 0.0987415760755539 -0.942548632621765 3.01351618766785
7 20 0.107948653399944 -1.04251706600189 2.93896532058716
8 1 -0.0283180642873049 -0.0622459948062897 3.11056113243103
8 2 -0.0264880023896694 -0.00361426547169685 3.17222452163696
8 3 -0.0248852577060461 0.361170589923859 3.19787979125977
8 4 -0.0208438765257597 0.555380463600159 3.21177363395691
8 5 -0.221575140953064 0.276049315929413 3.20212268829346
8 6 -0.427818715572357 0.402719169855118 3.1543390750885
8 7 -0.479292839765549 0.691061973571777 3.08969187736511
8 8 -0.48877888917923 0.763518452644348 3.1094012260437
8 9 0.130657389760017 0.235561594367027 3.18320345878601
8 10 0.184116646647453 -0.0340525656938553 3.15695238113403
8 11 0.204459115862846 -0.228651568293571 3.04308819770813
8 12 0.195630267262459 -0.318387091159821 2.99455881118774
8 13 -0.107817262411118 -0.138040587306023 3.08776164054871
8 14 -0.147209420800209 -0.585102319717407 3.0280396938324
8 15 -0.153714701533318 -0.95294177532196 3.04386615753174
8 16 -0.153028458356857 -1.05098116397858 2.95999026298523
8 17 0.0502398684620857 -0.141528084874153 3.09631943702698
8 18 0.10232699662447 -0.577258169651031 3.00267481803894
8 19 0.0978086665272713 -0.949595808982849 3.01441621780396
8 20 0.10658373683691 -1.04683983325958 2.94375014305115
9 1 -0.0272738132625818 -0.0619706884026527 3.11113357543945
9 2 -0.0264463443309069 -0.00358507223427296 3.17286801338196
9 3 -0.0245857425034046 0.360382080078125 3.19921588897705
9 4 -0.0175391212105751 0.558869898319244 3.21324896812439
9 5 -0.220237404108047 0.276509493589401 3.2012722492218
9 6 -0.428374022245407 0.414083629846573 3.14410948753357
9 7 -0.478147685527802 0.689147710800171 3.08586812019348
9 8 -0.483468592166901 0.763827085494995 3.0904541015625
9 9 0.133158206939697 0.233190357685089 3.18818402290344
9 10 0.184999406337738 -0.0197732541710138 3.1690194606781
9 11 0.202072024345398 -0.222786575555801 3.05055522918701
9 12 0.194794997572899 -0.311947375535965 3.00263714790344
9 13 -0.106617391109467 -0.13739301264286 3.08719635009766
9 14 -0.147403493523598 -0.584652781486511 3.02765130996704
9 15 -0.153627336025238 -0.951953291893005 3.04318046569824
9 16 -0.155940562486649 -1.05414342880249 2.96305179595947
9 17 0.0514436960220337 -0.141644984483719 3.09794807434082
9 18 0.102251403033733 -0.577719569206238 3.00409841537476
9 19 0.0982466042041779 -0.949388146400452 3.02033448219299
9 20 0.108150333166122 -1.05035305023193 2.9389431476593
10 1 -0.0265042129904032 -0.0623777806758881 3.11157369613647
10 2 -0.0261030364781618 -0.00367072224617004 3.1733546257019
10 3 -0.0241806246340275 0.361358731985092 3.19935703277588
10 4 -0.0158667080104351 0.558492422103882 3.21363711357117
10 5 -0.218563288450241 0.275854289531708 3.19949388504028
10 6 -0.427294254302979 0.410821586847305 3.14306950569153
10 7 -0.475736796855927 0.686477422714233 3.07658791542053
10 8 -0.478354334831238 0.760662138462067 3.08380556106567
10 9 0.133838281035423 0.233058035373688 3.18898606300354
10 10 0.185809388756752 -0.0258958749473095 3.16743159294128
10 11 0.204485774040222 -0.225282996892929 3.05210280418396
10 12 0.195638328790665 -0.311453968286514 3.00035524368286
10 13 -0.10574035346508 -0.137802571058273 3.08729720115662
10 14 -0.147702634334564 -0.586084842681885 3.02767467498779
10 15 -0.153038635849953 -0.955002248287201 3.04078960418701
10 16 -0.154906868934631 -1.05699300765991 2.95648860931396
10 17 0.0523046180605888 -0.142153203487396 3.0990355014801
10 18 0.1030243486166 -0.57721471786499 3.00455069541931
10 19 0.0977503284811974 -0.955900728702545 3.01818943023682
10 20 0.106203198432922 -1.05193161964417 2.94434380531311
11 1 -0.0260510481894016 -0.0623745322227478 3.112224817276
11 2 -0.0258576218038797 -0.00367656350135803 3.17413711547852
11 3 -0.0223661717027426 0.362488120794296 3.2009105682373
11 4 -0.0136090666055679 0.557431161403656 3.21206068992615
11 5 -0.217354208230972 0.27670019865036 3.19874334335327
11 6 -0.426646560430527 0.413804560899735 3.14112830162048
11 7 -0.473647624254227 0.686707854270935 3.07142162322998
11 8 -0.480049222707748 0.76059478521347 3.07259392738342
11 9 0.13384835422039 0.233968794345856 3.19077491760254
11 10 0.184675574302673 -0.0181027520447969 3.16668391227722
11 11 0.204631000757217 -0.227159768342972 3.05397033691406
11 12 0.196362763643265 -0.314185321331024 3.00468897819519
11 13 -0.10528476536274 -0.13748699426651 3.08781409263611
11 14 -0.147538751363754 -0.584826171398163 3.0275764465332
11 15 -0.153169065713882 -0.954116702079773 3.04261803627014
11 16 -0.155114963650703 -1.05403745174408 2.9568657875061
11 17 0.0522637367248535 -0.142065450549126 3.10000252723694
11 18 0.102485910058022 -0.576333582401276 3.00489020347595
11 19 0.0986243486404419 -0.952104270458221 3.01957440376282
11 20 0.105849221348763 -1.05141282081604 2.94852805137634
12 1 -0.0255334414541721 -0.0624275356531143 3.11268043518066
12 2 -0.0253315661102533 -0.00374770630151033 3.17465496063232
12 3 -0.0219021197408438 0.361999094486237 3.20135140419006
12 4 -0.0134308384731412 0.557720959186554 3.21097731590271
12 5 -0.217054039239883 0.277069330215454 3.19860482215881
12 6 -0.425136238336563 0.411617040634155 3.13760662078857
12 7 -0.47248500585556 0.686247944831848 3.06959176063538
12 8 -0.47864156961441 0.760082304477692 3.06810355186462
12 9 0.133937820792198 0.233609855175018 3.19025421142578
12 10 0.184777677059174 -0.0219310354441404 3.1654691696167
12 11 0.205140128731728 -0.225769221782684 3.05422186851501
12 12 0.197441652417183 -0.307274162769318 2.99634408950806
12 13 -0.104841761291027 -0.137502104043961 3.08814096450806
12 14 -0.147127732634544 -0.585507869720459 3.02800536155701
12 15 -0.153068318963051 -0.951367795467377 3.04267549514771
12 16 -0.154162600636482 -1.0529260635376 2.96264910697937
12 17 0.0528053343296051 -0.142212018370628 3.10050940513611
12 18 0.102601677179337 -0.576091587543488 3.00515651702881
12 19 0.0987220630049706 -0.953055322170258 3.01912474632263
12 20 0.106046266853809 -1.05038487911224 2.94487118721008
13 1 -0.025383073836565 -0.0625710859894753 3.11279773712158
13 2 -0.0251069068908691 -0.00388132501393557 3.17473888397217
13 3 -0.0221958123147488 0.361858308315277 3.20102596282959
13 4 -0.0142875052988529 0.557113587856293 3.21027302742004
13 5 -0.216846078634262 0.277085870504379 3.19808793067932
13 6 -0.424955725669861 0.411203920841217 3.13725233078003
13 7 -0.47446209192276 0.686280190944672 3.06931900978088
13 8 -0.479007750749588 0.759975731372833 3.06724643707275
13 9 0.134006142616272 0.233740046620369 3.18954563140869
13 10 0.183776825666428 -0.0273871496319771 3.16995024681091
13 11 0.204570680856705 -0.224213540554047 3.0511417388916
13 12 0.19773057103157 -0.309345960617065 2.99925136566162
13 13 -0.104790017008781 -0.137611657381058 3.08803534507751
13 14 -0.147109881043434 -0.584999203681946 3.02745985984802
13 15 -0.152589559555054 -0.950922548770905 3.04122018814087
13 16 -0.155497580766678 -1.05459713935852 2.96547293663025
13 17 0.052886001765728 -0.142545968294144 3.10053682327271
13 18 0.102513454854488 -0.577520668506622 3.0052387714386
13 19 0.0981771573424339 -0.954719305038452 3.02034878730774
13 20 0.104545123875141 -1.05148160457611 2.94651746749878
14 1 -0.0251992531120777 -0.0625577121973038 3.11271524429321
14 2 -0.0248456206172705 -0.00383483339101076 3.17467403411865
14 3 -0.0216437019407749 0.361456602811813 3.20052480697632
14 4 -0.013821080327034 0.556951880455017 3.21062731742859
14 5 -0.217224150896072 0.276623606681824 3.19762563705444
14 6 -0.425580859184265 0.414181053638458 3.13803625106812
14 7 -0.474621713161469 0.684055984020233 3.06778860092163
14 8 -0.479133456945419 0.757512509822845 3.06795024871826
14 9 0.133378997445107 0.233708038926125 3.1890013217926
14 10 0.186392247676849 -0.0313987918198109 3.16735434532166
14 11 0.205520242452621 -0.2245963960886 3.04992341995239
14 12 0.198176294565201 -0.30591669678688 2.99502444267273
14 13 -0.104637913405895 -0.137505277991295 3.0875825881958
14 14 -0.147152498364449 -0.583065032958984 3.02770376205444
14 15 -0.152791529893875 -0.954273641109467 3.04265785217285
14 16 -0.153369635343552 -1.0557450056076 2.9597954750061
14 17 0.053017619997263 -0.142462491989136 3.10068607330322
14 18 0.103176727890968 -0.577798783779144 3.00583267211914
14 19 0.0979789644479752 -0.954968333244324 3.02185678482056
14 20 0.104598127305508 -1.05244398117065 2.9470808506012
15 1 -0.0255728252232075 -0.0628325566649437 3.11242294311523
15 2 -0.0253133047372103 -0.004018341191113 3.17445969581604
15 3 -0.022283773869276 0.362556338310242 3.20118618011475
15 4 -0.0140525018796325 0.555930733680725 3.21041798591614
15 5 -0.217258155345917 0.276561498641968 3.19730663299561
15 6 -0.428765505552292 0.407481044530869 3.13785171508789
15 7 -0.476359397172928 0.682582855224609 3.06558442115784
15 8 -0.483812361955643 0.755402743816376 3.06187033653259
15 9 0.133045539259911 0.232787698507309 3.18913531303406
15 10 0.184822469949722 -0.0320225022733212 3.16510200500488
15 11 0.203801527619362 -0.224861860275269 3.04882335662842
15 12 0.19815593957901 -0.312486350536346 3.00274300575256
15 13 -0.104863584041595 -0.137472480535507 3.08689951896667
15 14 -0.147340267896652 -0.584572076797485 3.0282301902771
15 15 -0.153715133666992 -0.9527547955513 3.04288578033447
15 16 -0.152767837047577 -1.05390918254852 2.95844912528992
15 17 0.0525307804346085 -0.142974361777306 3.10042524337769
15 18 0.102938957512379 -0.577365219593048 3.00553941726685
15 19 0.0971772894263268 -0.954775929450989 3.01927781105042
15 20 0.103665575385094 -1.05217742919922 2.94651126861572
16 1 -0.0254533924162388 -0.0626691430807114 3.11268830299377
16 2 -0.0255689397454262 -0.00400614552199841 3.17474102973938
16 3 -0.0238243564963341 0.362128704786301 3.20230317115784
16 4 -0.0151705415919423 0.556984126567841 3.21135115623474
16 5 -0.218044757843018 0.276617377996445 3.19721460342407
16 6 -0.429999053478241 0.406699568033218 3.13782286643982
16 7 -0.475212335586548 0.616252303123474 3.0782790184021
16 8 -0.484051644802094 0.714150249958038 3.06348156929016
16 9 0.133649677038193 0.233696699142456 3.19091296195984
16 10 0.18487848341465 -0.028603695333004 3.16846513748169
16 11 0.205434411764145 -0.222515285015106 3.05447721481323
16 12 0.199186205863953 -0.306286364793777 3.00133156776428
16 13 -0.104780063033104 -0.137462466955185 3.08693957328796
16 14 -0.147292152047157 -0.584491312503815 3.02836656570435
16 15 -0.15379324555397 -0.953074395656586 3.04225635528564
16 16 -0.149393379688263 -1.05465292930603 2.95861268043518
16 17 0.0532673858106136 -0.143051385879517 3.10131525993347
16 18 0.102923177182674 -0.577542006969452 3.00609040260315
16 19 0.0973408818244934 -0.955789089202881 3.02239179611206
16 20 0.105752676725388 -1.05124926567078 2.94946503639221
17 1 -0.025535237044096 -0.0627199560403824 3.11244869232178
17 2 -0.0257469862699509 -0.00383995100855827 3.17431688308716
17 3 -0.023415818810463 0.360821694135666 3.19842505455017
17 4 -0.0134493596851826 0.556565880775452 3.21341443061829
17 5 -0.218062534928322 0.276398956775665 3.19719672203064
17 6 -0.432377517223358 0.407903641462326 3.13715887069702
17 7 -0.475815713405609 0.61758017539978 3.07656073570251
17 8 -0.486124515533447 0.715900540351868 3.06365895271301
17 9 0.134924590587616 0.234056204557419 3.19187068939209
17 10 0.183101177215576 -0.0279691684991121 3.16436815261841
17 11 0.20607815682888 -0.224942192435265 3.0496072769165
17 12 0.197938799858093 -0.31214451789856 3.00197196006775
17 13 -0.104856722056866 -0.137499183416367 3.08673548698425
17 14 -0.147274926304817 -0.58530330657959 3.02911448478699
17 15 -0.153790906071663 -0.954603552818298 3.04481077194214
17 16 -0.151975303888321 -1.05363869667053 2.95990753173828
17 17 0.0531815439462662 -0.143259525299072 3.1013195514679
17 18 0.102481923997402 -0.57777351140976 3.00596976280212
17 19 0.0983819663524628 -0.959448993206024 3.01970744132996
17 20 0.10441117733717 -1.05305731296539 2.9501736164093
18 1 -0.0258522816002369 -0.0626428052783012 3.11278510093689
18 2 -0.0260794907808304 -0.00381429493427277 3.1746883392334
18 3 -0.0247972123324871 0.361598134040833 3.20016813278198
18 4 -0.0148934638127685 0.55776709318161 3.21707034111023
18 5 -0.218405827879906 0.276427030563354 3.19781351089478
18 6 -0.432483196258545 0.409788846969604 3.13919568061829
18 7 -0.47734335064888 0.618984341621399 3.07733249664307
18 8 -0.487575680017471 0.717282354831696 3.06239414215088
18 9 0.13382525742054 0.235044613480568 3.19188666343689
18 10 0.183562159538269 -0.0320364832878113 3.16560578346252
18 11 0.204905450344086 -0.229033723473549 3.05782318115234
18 12 0.199999928474426 -0.31641361117363 3.00954222679138
18 13 -0.10509154945612 -0.137469321489334 3.08704733848572
18 14 -0.14771343767643 -0.585120677947998 3.02961325645447
18 15 -0.153009593486786 -0.956092476844788 3.04326415061951
18 16 -0.15446338057518 -1.05642414093018 2.96084475517273
18 17 0.0527842119336128 -0.14321705698967 3.10151076316834
18 18 0.102191090583801 -0.576913833618164 3.00590133666992
18 19 0.0979861915111542 -0.955229640007019 3.01731038093567
18 20 0.106481179594994 -1.05141758918762 2.95027160644531
19 1 -0.0260894540697336 -0.0625139772891998 3.11347842216492
19 2 -0.0264941118657589 -0.00385622307658196 3.17559742927551
19 3 -0.0255357902497053 0.362659096717834 3.20334792137146
19 4 -0.0131865367293358 0.556409299373627 3.21882700920105
19 5 -0.218520909547806 0.276465386152267 3.19836735725403
19 6 -0.429863452911377 0.404728442430496 3.1404287815094
19 7 -0.475520461797714 0.613732576370239 3.07878470420837
19 8 -0.486301273107529 0.712500810623169 3.06413555145264
19 9 0.133517235517502 0.233917281031609 3.19241046905518
19 10 0.184745699167252 -0.0193810537457466 3.16710162162781
19 11 0.205984890460968 -0.226948991417885 3.05570220947266
19 12 0.199486434459686 -0.3145891726017 3.00878810882568
19 13 -0.105300076305866 -0.137473165988922 3.08779215812683
19 14 -0.147826462984085 -0.584939420223236 3.02996563911438
19 15 -0.153645664453506 -0.954302728176117 3.04466319084167
19 16 -0.153571918606758 -1.05498361587524 2.96090769767761
19 17 0.0525569841265678 -0.143009260296822 3.10185694694519
19 18 0.103894524276257 -0.577911794185638 3.00725197792053
19 19 0.0977627038955688 -0.954697787761688 3.0176248550415
19 20 0.105361841619015 -1.05133056640625 2.94892287254334
20 1 -0.0256872307509184 -0.0631233006715775 3.11437892913818
20 2 -0.0264876447618008 -0.00433583837002516 3.17655038833618
20 3 -0.0239460486918688 0.362901568412781 3.20463085174561
20 4 -0.011671157553792 0.556722283363342 3.2179479598999
20 5 -0.217370122671127 0.276257544755936 3.19931030273438
20 6 -0.427659273147583 0.400821477174759 3.14694333076477
20 7 -0.474348962306976 0.608528912067413 3.08128714561462
20 8 -0.484778523445129 0.70844703912735 3.06554484367371
20 9 0.133707642555237 0.233301281929016 3.19669389724731
20 10 0.185641139745712 -0.026931531727314 3.16949009895325
20 11 0.205993175506592 -0.230404824018478 3.05285120010376
20 12 0.198223352432251 -0.313029736280441 3.00925731658936
20 13 -0.10475592315197 -0.137871220707893 3.08857989311218
20 14 -0.14767561852932 -0.5849689245224 3.03005743026733
20 15 -0.153518781065941 -0.951666414737701 3.04268503189087
20 16 -0.15522426366806 -1.05557405948639 2.96401309967041
20 17 0.0527346953749657 -0.143311709165573 3.10284972190857
20 18 0.103909581899643 -0.578277170658112 3.00761246681213
20 19 0.0968300551176071 -0.956261157989502 3.01980447769165
20 20 0.104921005666256 -1.05010187625885 2.94671010971069
