1 1 -0.00790929049253464 -0.0258247181773186 3.05362820625305
1 2 -0.0102185038849711 0.0299305804073811 3.11956763267517
1 3 -0.00828818697482347 0.397521376609802 3.16256427764893
1 4 0.0140968980267644 0.641230463981628 3.1602520942688
1 5 -0.206099256873131 0.339057117700577 3.15598201751709
1 6 -0.440107524394989 0.486439645290375 3.16784811019897
1 7 -0.439240038394928 0.748409986495972 3.13026714324951
1 8 -0.423796266317368 0.847108364105225 3.14396262168884
1 9 0.170872628688812 0.264781475067139 3.15108036994934
1 10 0.23365493118763 -0.00164264789782465 3.13518524169922
1 11 0.226663857698441 -0.234764486551285 3.02345657348633
1 12 0.214113980531693 -0.340687692165375 2.98133254051209
1 13 -0.0926337167620659 -0.104017935693264 3.0197765827179
1 14 -0.0933156758546829 -0.655270755290985 3.02486515045166
1 15 -0.0609063021838665 -1.0136866569519 2.98601222038269
1 16 -0.0910404771566391 -1.06883800029755 2.94168496131897
1 17 0.0766667351126671 -0.113689191639423 3.0396625995636
1 18 0.073381133377552 -0.653999984264374 2.9999692440033
1 19 0.0449660941958427 -0.99916011095047 2.9880645275116
1 20 0.0703998357057571 -1.05678296089172 2.91484379768372
2 1 -0.00775142153725028 -0.0258362777531147 3.05375480651855
2 2 -0.0101986862719059 0.0300278794020414 3.11970210075378
2 3 -0.00744572095572948 0.398233115673065 3.1626832485199
2 4 0.0159634724259377 0.642271280288696 3.16157627105713
2 5 -0.205422267317772 0.339558988809586 3.15630078315735
2 6 -0.439166158437729 0.486039161682129 3.16925358772278
2 7 -0.437939018011093 0.747034072875977 3.13172745704651
2 8 -0.425071567296982 0.850992441177368 3.14778566360474
2 9 0.170821711421013 0.265457361936569 3.15339398384094
2 10 0.232427820563316 -0.003780507016927 3.1347439289093
2 11 0.22701857984066 -0.234226852655411 3.02326369285584
2 12 0.214976742863655 -0.341604709625244 2.98081851005554
2 13 -0.0924530923366547 -0.104442626237869 3.02010846138
2 14 -0.0947320163249969 -0.66052258014679 3.02524614334106
2 15 -0.0641686394810677 -1.01596403121948 2.98345422744751
2 16 -0.0867384672164917 -1.063596367836 2.92810153961182
2 17 0.0765643641352654 -0.113213554024696 3.03929162025452
2 18 0.0699463039636612 -0.655231356620789 2.99910712242126
2 19 0.0449608825147152 -0.994277536869049 2.98813891410828
2 20 0.0517955720424652 -1.05159175395966 2.92554211616516
3 1 -0.00828248728066683 -0.0250092279165983 3.05322480201721
3 2 -0.0106636313721538 0.0307626463472843 3.11918473243713
3 3 -0.00709673576056957 0.398648202419281 3.16231060028076
3 4 0.0170940011739731 0.643936812877655 3.16563034057617
3 5 -0.204709336161613 0.339540004730225 3.15604901313782
3 6 -0.438187211751938 0.485520988702774 3.17225027084351
3 7 -0.437428772449493 0.746676862239838 3.13410925865173
3 8 -0.417543172836304 0.847898542881012 3.14420080184937
3 9 0.171055942773819 0.267379611730576 3.15448665618896
3 10 0.232681006193161 -0.000421649252530187 3.13395547866821
3 11 0.227649182081223 -0.234622001647949 3.0239040851593
3 12 0.215226173400879 -0.338255316019058 2.98133111000061
3 13 -0.0927545577287674 -0.102382764220238 3.01934623718262
3 14 -0.0928913205862045 -0.655337452888489 3.026362657547
3 15 -0.0679482221603394 -1.01303839683533 2.98751497268677
3 16 -0.0950546115636826 -1.06668424606323 2.93750381469727
3 17 0.0762486457824707 -0.112060114741325 3.03907537460327
3 18 0.0718573704361916 -0.648250281810761 3.00044798851013
3 19 0.0478653199970722 -0.994308829307556 2.98968315124512
3 20 0.0652243345975876 -1.04952156543732 2.93523836135864
4 1 -0.00785995367914438 -0.0230470951646566 3.05381035804749
4 2 -0.010153392329812 0.032638318836689 3.11960172653198
4 3 -0.00661137280985713 0.399840831756592 3.16158390045166
4 4 0.0179201774299145 0.6451655626297 3.16657447814941
4 5 -0.204557657241821 0.340194463729858 3.15651392936707
4 6 -0.43772953748703 0.485209316015244 3.17210865020752
4 7 -0.436868935823441 0.746284544467926 3.13691806793213
4 8 -0.416511654853821 0.847913146018982 3.14770483970642
4 9 0.16783107817173 0.268646329641342 3.15195202827454
4 10 0.23436164855957 -0.00123754609376192 3.13565373420715
4 11 0.229144468903542 -0.233157798647881 3.02218341827393
4 12 0.215692013502121 -0.337984561920166 2.97881007194519
4 13 -0.0927093327045441 -0.101231120526791 3.02018070220947
4 14 -0.0925328284502029 -0.651842474937439 3.02623653411865
4 15 -0.0672455728054047 -1.01123154163361 2.9854793548584
4 16 -0.0949143692851067 -1.07089722156525 2.94024205207825
4 17 0.0764203742146492 -0.110557742416859 3.03952312469482
4 18 0.0739718675613403 -0.645943760871887 3.00019288063049
4 19 0.0427204445004463 -0.994395077228546 2.99041056632996
4 20 0.0732280015945435 -1.05071973800659 2.92879128456116
5 1 -0.0077505181543529 -0.0231933910399675 3.05387163162231
5 2 -0.00987125374376774 0.0326469205319881 3.11971163749695
5 3 -0.00653512496501207 0.400287091732025 3.16198539733887
5 4 0.0186068005859852 0.646105945110321 3.16930222511292
5 5 -0.203506141901016 0.340667307376862 3.15672779083252
5 6 -0.436371803283691 0.484710991382599 3.17211890220642
5 7 -0.436444848775864 0.747730135917664 3.13877892494202
5 8 -0.41379052400589 0.851217210292816 3.15195035934448
5 9 0.167514368891716 0.266575962305069 3.15241026878357
5 10 0.235955879092216 0.00213366094976664 3.1354820728302
5 11 0.229834169149399 -0.232611477375031 3.023024559021
5 12 0.217946976423264 -0.335458070039749 2.98415946960449
5 13 -0.0923063158988953 -0.100797183811665 3.02051305770874
5 14 -0.0926722958683968 -0.650816380977631 3.02716660499573
5 15 -0.0683948993682861 -1.01118147373199 2.98762965202332
5 16 -0.0946199148893356 -1.07433533668518 2.9437518119812
5 17 0.0761343240737915 -0.110412910580635 3.03962731361389
5 18 0.0725870877504349 -0.645523846149445 3.00153994560242
5 19 0.0409123077988625 -0.996837496757507 2.98895287513733
5 20 0.0684036538004875 -1.04837131500244 2.93247365951538
6 1 -0.00818996224552393 -0.0232905671000481 3.05510759353638
6 2 -0.0101472921669483 0.0327428206801414 3.12070107460022
6 3 -0.00633865874260664 0.399830847978592 3.16221475601196
6 4 0.0181356854736805 0.645941376686096 3.16954898834229
6 5 -0.203533619642258 0.34311255812645 3.15914630889893
6 6 -0.436485916376114 0.484476119279861 3.17155599594116
6 7 -0.435786217451096 0.747043013572693 3.13839435577393
6 8 -0.416672825813293 0.850071132183075 3.14894652366638
6 9 0.168043226003647 0.267861843109131 3.15410113334656
6 10 0.234929695725441 -4.02414007112384E-05 3.13571810722351
6 11 0.229737311601639 -0.234104633331299 3.02314639091492
6 12 0.218450948596001 -0.33791920542717 2.984454870224
6 13 -0.0923723801970482 -0.100824132561684 3.02273178100586
6 14 -0.0920891165733337 -0.651523351669312 3.02884554862976
6 15 -0.0692737251520157 -1.00800609588623 2.98810911178589
6 16 -0.0920906513929367 -1.07270193099976 2.94226717948914
6 17 0.0754283294081688 -0.110334873199463 3.04055118560791
6 18 0.0737715512514114 -0.645581126213074 3.00248050689697
6 19 0.0488743111491203 -0.992786824703217 2.98899817466736
6 20 0.0712973847985268 -1.0488395690918 2.92622780799866
7 1 -0.00785135570913553 -0.0233235396444798 3.05580019950867
7 2 -0.010152324102819 0.0327427461743355 3.12128448486328
7 3 -0.00570289697498083 0.400350540876389 3.16297769546509
7 4 0.0190966166555882 0.645944535732269 3.16547632217407
7 5 -0.201775044202805 0.341797232627869 3.15842175483704
7 6 -0.435178101062775 0.483429610729218 3.17242383956909
7 7 -0.435699075460434 0.74796849489212 3.13848423957825
7 8 -0.417184352874756 0.848966300487518 3.14754891395569
7 9 0.17035698890686 0.26838093996048 3.15617513656616
7 10 0.235689744353294 0.000206079203053378 3.1379919052124
7 11 0.23019614815712 -0.234702974557877 3.0242440700531
7 12 0.219005167484283 -0.336942464113235 2.98662757873535
7 13 -0.0920865386724472 -0.100599750876427 3.02460360527039
7 14 -0.0929364114999771 -0.652215242385864 3.02932405471802
7 15 -0.070227213203907 -1.00964868068695 2.98774075508118
7 16 -0.0912203341722488 -1.07650399208069 2.94178795814514
7 17 0.0760208070278168 -0.11055900156498 3.04118776321411
7 18 0.0731944069266319 -0.647754967212677 3.00372529029846
7 19 0.0455702878534794 -0.996291875839233 2.98735618591309
7 20 0.0732859298586845 -1.0507664680481 2.92589545249939
8 1 -0.0069812391884625 -0.0226752795279026 3.05748438835144
8 2 -0.00968986190855503 0.0330727361142635 3.1229076385498
8 3 -0.00449687149375677 0.39971050620079 3.16483521461487
8 4 0.0192607045173645 0.645140409469604 3.16444087028503
8 5 -0.200597435235977 0.342335790395737 3.16035628318787
8 6 -0.435095846652985 0.483966469764709 3.17240333557129
8 7 -0.436077862977982 0.747804939746857 3.13898539543152
8 8 -0.417773753404617 0.848692119121552 3.14764094352722
8 9 0.174933642148972 0.268409758806229 3.16103506088257
8 10 0.236499160528183 -0.000268578034592792 3.14056992530823
8 11 0.230719998478889 -0.234663158655167 3.02603077888489
8 12 0.220593810081482 -0.33605283498764 2.98743271827698
8 13 -0.091626800596714 -0.100224055349827 3.02510809898376
8 14 -0.092620961368084 -0.648977756500244 3.03035664558411
8 15 -0.0653923004865646 -1.00853216648102 2.98801159858704
8 16 -0.0959717482328415 -1.07210659980774 2.94099545478821
8 17 0.0771248862147331 -0.11068819463253 3.04349899291992
8 18 0.0742130950093269 -0.644190549850464 3.0034327507019
8 19 0.0436869524419308 -0.996285438537598 2.98764944076538
8 20 0.0712742060422897 -1.05184078216553 2.92800521850586
9 1 -0.00652605760842562 -0.023213092237711 3.05865049362183
9 2 -0.00945993699133396 0.0325747765600681 3.12424468994141
9 3 -0.00373333157040179 0.399841070175171 3.16710996627808
9 4 0.0195201151072979 0.645177125930786 3.16515636444092
9 5 -0.19932796061039 0.34092053771019 3.16178846359253
9 6 -0.43466591835022 0.483061194419861 3.17433714866638
9 7 -0.436836361885071 0.749926745891571 3.14369440078735
9 8 -0.418203830718994 0.848988652229309 3.15127372741699
9 9 0.177361324429512 0.26795494556427 3.16531753540039
9 10 0.237158387899399 -0.00138239597436041 3.14365816116333
9 11 0.230731949210167 -0.234956905245781 3.02703857421875
9 12 0.221409738063812 -0.336378186941147 2.9898407459259
9 13 -0.0910959169268608 -0.100532703101635 3.02658796310425
9 14 -0.0924564301967621 -0.651348829269409 3.03129768371582
9 15 -0.0686492472887039 -1.00717377662659 2.98830056190491
9 16 -0.0949345827102661 -1.07226085662842 2.93901920318604
9 17 0.0773207172751427 -0.111123733222485 3.0442111492157
9 18 0.0749665275216103 -0.644553244113922 3.00322151184082
9 19 0.0427957102656364 -0.993033409118652 2.99067831039429
9 20 0.0662493407726288 -1.05036747455597 2.93136024475098
10 1 -0.00572608318179846 -0.0232453756034374 3.06052160263062
10 2 -0.00874315109103918 0.0324449390172958 3.12598514556885
10 3 -0.00383277283981442 0.398969441652298 3.16820001602173
10 4 0.01985839381814 0.645442485809326 3.17220163345337
10 5 -0.198856860399246 0.340426832437515 3.16335916519165
10 6 -0.433722227811813 0.483216881752014 3.17644214630127
10 7 -0.436654478311539 0.750228762626648 3.14752745628357
10 8 -0.419326037168503 0.848271727561951 3.15376424789429
10 9 0.177253007888794 0.262868881225586 3.16500163078308
10 10 0.237764313817024 -0.00113202282227576 3.14551854133606
10 11 0.231246083974838 -0.234954670071602 3.02897667884827
10 12 0.221602559089661 -0.33577087521553 2.9924533367157
10 13 -0.0908120200037956 -0.100609317421913 3.02691555023193
10 14 -0.0922128558158875 -0.652894735336304 3.03165173530579
10 15 -0.0656407251954079 -1.00929641723633 2.98742961883545
10 16 -0.101370170712471 -1.07496345043182 2.94382429122925
10 17 0.0790284126996994 -0.112430647015572 3.04744338989258
10 18 0.0760018825531006 -0.644112229347229 3.00499606132507
10 19 0.0429315119981766 -0.994465589523315 2.99045991897583
10 20 0.0689370930194855 -1.05168163776398 2.93096017837524
11 1 -0.00494990358129144 -0.0227201357483864 3.0622022151947
11 2 -0.00856084283441305 0.033040601760149 3.12763595581055
11 3 -0.00439212983474135 0.399397939443588 3.16949343681335
11 4 0.0198331959545612 0.645344614982605 3.16998863220215
11 5 -0.198622718453407 0.3403500020504 3.16446781158447
11 6 -0.433037996292114 0.481497973203659 3.17777061462402
11 7 -0.43731677532196 0.74954879283905 3.14748525619507
11 8 -0.422163456678391 0.846973180770874 3.15316939353943
11 9 0.181351155042648 0.26286906003952 3.16968369483948
11 10 0.238175243139267 -0.0150724845007062 3.14304494857788
11 11 0.232433587312698 -0.23422247171402 3.03191113471985
11 12 0.221976965665817 -0.335815519094467 2.99554371833801
11 13 -0.0902071371674538 -0.100650578737259 3.02796792984009
11 14 -0.0913777276873589 -0.652943134307861 3.03252220153809
11 15 -0.0689689517021179 -1.00550401210785 2.99021244049072
11 16 -0.0946657881140709 -1.07246327400208 2.94055986404419
11 17 0.0801913887262344 -0.112364456057549 3.04897952079773
11 18 0.076793946325779 -0.643987119197845 3.00686621665955
11 19 0.0439470335841179 -0.994889616966248 2.99104833602905
11 20 0.0669162273406982 -1.05359148979187 2.93075108528137
12 1 -0.00491228885948658 -0.0243296679109335 3.06278872489929
12 2 -0.0076061855070293 0.0318505316972733 3.12845873832703
12 3 -0.00418425118550658 0.399173438549042 3.17023205757141
12 4 0.0190405398607254 0.644896984100342 3.1694028377533
12 5 -0.198289394378662 0.339583843946457 3.16494393348694
12 6 -0.432468354701996 0.481976479291916 3.17874908447266
12 7 -0.438136339187622 0.748815655708313 3.14656639099121
12 8 -0.422979921102524 0.84720903635025 3.15337467193604
12 9 0.174648240208626 0.26174134016037 3.16405129432678
12 10 0.239300042390823 -0.00740079907700419 3.14487028121948
12 11 0.233417853713036 -0.233552604913712 3.03323316574097
12 12 0.222304537892342 -0.335160166025162 2.99460029602051
12 13 -0.0898049548268318 -0.101413287222385 3.02863192558289
12 14 -0.0908686220645905 -0.653154909610748 3.0332453250885
12 15 -0.0667436644434929 -1.00814235210419 2.98726677894592
12 16 -0.0950981602072716 -1.07570779323578 2.93889880180359
12 17 0.0796727016568184 -0.113376043736935 3.04970145225525
12 18 0.0772321149706841 -0.644316434860229 3.0076949596405
12 19 0.0402689948678017 -0.996326863765717 2.99471282958984
12 20 0.0696212872862816 -1.05094754695892 2.93255543708801
13 1 -0.00459629623219371 -0.0240625757724047 3.06333827972412
13 2 -0.00742038525640965 0.0319362469017506 3.1290009021759
13 3 -0.00356129230931401 0.398803502321243 3.17117786407471
13 4 0.019346809014678 0.645160794258118 3.17370915412903
13 5 -0.198107361793518 0.33936882019043 3.16524434089661
13 6 -0.4298215508461 0.478362143039703 3.17761492729187
13 7 -0.437585979700089 0.750146627426147 3.14754390716553
13 8 -0.420993775129318 0.846592009067535 3.15167045593262
13 9 0.17957566678524 0.263099491596222 3.16597104072571
13 10 0.239390343427658 -0.00820897985249758 3.14742517471313
13 11 0.23449769616127 -0.23485554754734 3.03337359428406
13 12 0.222476452589035 -0.335566520690918 2.99356150627136
13 13 -0.0898013934493065 -0.101641729474068 3.02930331230164
13 14 -0.0908748805522919 -0.652295231819153 3.03327894210815
13 15 -0.069418728351593 -1.00907301902771 2.98662757873535
13 16 -0.0975010097026825 -1.07227671146393 2.93164539337158
13 17 0.0801909863948822 -0.113259389996529 3.04980683326721
13 18 0.0775458365678787 -0.643600761890411 3.00786113739014
13 19 0.0431745760142803 -0.997375786304474 2.99108982086182
13 20 0.0711900368332863 -1.05418086051941 2.92948889732361
14 1 -0.00405033165588975 -0.0239600650966167 3.06394362449646
14 2 -0.00660556647926569 0.0318397097289562 3.12950491905212
14 3 -0.0034346398897469 0.398399502038956 3.1716525554657
14 4 0.0221876911818981 0.644471764564514 3.17407894134521
14 5 -0.197335675358772 0.340167313814163 3.16639709472656
14 6 -0.428808003664017 0.480179786682129 3.17704892158508
14 7 -0.436121314764023 0.745806455612183 3.14525890350342
14 8 -0.418419718742371 0.845571160316467 3.15111756324768
14 9 0.181261047720909 0.26420271396637 3.16424417495728
14 10 0.243206396698952 -0.0273178219795227 3.14410305023193
14 11 0.235977247357368 -0.241581097245216 3.03146028518677
14 12 0.224583059549332 -0.343261957168579 2.9964120388031
14 13 -0.0891229286789894 -0.101104475557804 3.03092932701111
14 14 -0.0886001586914063 -0.650503993034363 3.03367257118225
14 15 -0.0654991641640663 -1.00992250442505 2.98936581611633
14 16 -0.101002603769302 -1.07723617553711 2.94338297843933
14 17 0.0809149295091629 -0.113209128379822 3.04978656768799
14 18 0.0786836966872215 -0.644082427024841 3.00825762748718
14 19 0.0486794672906399 -0.994173467159271 2.99424529075623
14 20 0.0717308819293976 -1.05035316944122 2.92929530143738
15 1 -0.00338701624423265 -0.0246121697127819 3.06421732902527
15 2 -0.00602994579821825 0.0313438139855862 3.12980461120605
15 3 -0.00238558230921626 0.398085206747055 3.17187976837158
15 4 0.0292764641344547 0.643897473812103 3.17871451377869
15 5 -0.195867195725441 0.340266913175583 3.16610550880432
15 6 -0.427256733179092 0.478950649499893 3.17439293861389
15 7 -0.434569716453552 0.742954134941101 3.1442391872406
15 8 -0.417149126529694 0.839298784732819 3.15058898925781
15 9 0.182848408818245 0.263204485177994 3.16463136672974
15 10 0.242666035890579 -0.0216659102588892 3.14716196060181
15 11 0.238107085227966 -0.239808410406113 3.0325710773468
15 12 0.225012958049774 -0.345866799354553 2.99243593215942
15 13 -0.0884107053279877 -0.102018237113953 3.03176212310791
15 14 -0.0877881124615669 -0.648697733879089 3.03332591056824
15 15 -0.065769650042057 -1.0088757276535 2.99012422561646
15 16 -0.101348154246807 -1.07277488708496 2.93887209892273
15 17 0.0814179927110672 -0.11349381506443 3.0493688583374
15 18 0.0797727331519127 -0.644139468669891 3.00826072692871
15 19 0.0453883968293667 -0.995895504951477 2.99189567565918
15 20 0.0720158591866493 -1.05094802379608 2.92681169509888
16 1 -0.00253718602471054 -0.0243803542107344 3.06388068199158
16 2 -0.00491331797093153 0.031655240803957 3.12959742546082
16 3 -0.000128979096189141 0.399361938238144 3.17218732833862
16 4 0.0282807871699333 0.645324468612671 3.17798495292664
16 5 -0.193552881479263 0.340177744626999 3.16492700576782
16 6 -0.425897598266602 0.479217648506165 3.17201995849609
16 7 -0.432408541440964 0.746333479881287 3.14246320724487
16 8 -0.416725367307663 0.841347515583038 3.15212035179138
16 9 0.180092483758926 0.263953328132629 3.16245150566101
16 10 0.243997871875763 -0.0206549819558859 3.14865493774414
16 11 0.239763528108597 -0.241379678249359 3.03411364555359
16 12 0.22772678732872 -0.345470696687698 2.99353647232056
16 13 -0.0874368697404861 -0.101390525698662 3.03136134147644
16 14 -0.0879451930522919 -0.646292209625244 3.03294205665588
16 15 -0.0667825639247894 -1.00884222984314 2.98975610733032
16 16 -0.101499632000923 -1.0742164850235 2.93910527229309
16 17 0.0816534757614136 -0.112808540463448 3.04881191253662
16 18 0.0801401734352112 -0.643251180648804 3.00854921340942
16 19 0.0451522059738636 -0.992944657802582 2.99002432823181
16 20 0.0713388025760651 -1.04972434043884 2.92572116851807
17 1 -0.00175009039230645 -0.0241812784224749 3.06369709968567
17 2 -0.00340331578627229 0.0318630523979664 3.12948656082153
17 3 0.00179477559868246 0.399659156799316 3.17181086540222
17 4 0.0288967918604612 0.645995795726776 3.17900443077087
17 5 -0.192848205566406 0.339926928281784 3.16408181190491
17 6 -0.425415337085724 0.47908940911293 3.17092156410217
17 7 -0.432756513357162 0.746502637863159 3.14064383506775
17 8 -0.418014377355576 0.842794120311737 3.14975428581238
17 9 0.17769430577755 0.263781040906906 3.15749669075012
17 10 0.242813676595688 -0.0163114480674267 3.14616727828979
17 11 0.239463225007057 -0.24123203754425 3.03360748291016
17 12 0.226820528507233 -0.348103791475296 2.99070048332214
17 13 -0.0866655260324478 -0.100591585040092 3.03168272972107
17 14 -0.0874134451150894 -0.647842884063721 3.03288388252258
17 15 -0.0624365843832493 -1.0037829875946 2.99177503585815
17 16 -0.0983297005295753 -1.06767332553864 2.93993854522705
17 17 0.0821804478764534 -0.112625025212765 3.04827785491943
17 18 0.0798530653119087 -0.643272399902344 3.0095899105072
17 19 0.0500027313828468 -0.991731226444244 2.99336814880371
17 20 0.067779004573822 -1.05209136009216 2.92601633071899
18 1 -0.00121044425759465 -0.0241882484406233 3.06405591964722
18 2 -0.00365346390753984 0.0320034101605415 3.12969779968262
18 3 0.00207341508939862 0.399397611618042 3.17117142677307
18 4 0.0296629834920168 0.645599007606506 3.17806196212769
18 5 -0.192686975002289 0.339635223150253 3.16379070281982
18 6 -0.426492631435394 0.47900652885437 3.16980934143066
18 7 -0.432987689971924 0.746829628944397 3.1421582698822
18 8 -0.417008578777313 0.838881075382233 3.15188980102539
18 9 0.182509630918503 0.265292555093765 3.163498878479
18 10 0.244964808225632 -0.0120754102244973 3.14973139762878
18 11 0.239314511418343 -0.238346695899963 3.03487133979797
18 12 0.227207586169243 -0.344737946987152 2.99316430091858
18 13 -0.0862229913473129 -0.101156838238239 3.03240370750427
18 14 -0.0873011723160744 -0.64776486158371 3.0329966545105
18 15 -0.06698277592659 -1.00778806209564 2.99011778831482
18 16 -0.0954313725233078 -1.06922960281372 2.93283867835999
18 17 0.0830081552267075 -0.112598538398743 3.04884910583496
18 18 0.0811388865113258 -0.643672108650208 3.00956392288208
18 19 0.0491599291563034 -0.992159724235535 2.99260759353638
18 20 0.0644094496965408 -1.0512752532959 2.92827963829041
19 1 -0.00148957024794072 -0.025001173838973 3.06413149833679
19 2 -0.0035277483984828 0.0312105789780617 3.12980127334595
19 3 0.00179713219404221 0.398574471473694 3.17144417762756
19 4 0.0307413227856159 0.64423143863678 3.17642593383789
19 5 -0.192796394228935 0.339688539505005 3.16409611701965
19 6 -0.42405042052269 0.477531492710114 3.16945743560791
19 7 -0.43313604593277 0.748741745948792 3.14415287971497
19 8 -0.421413421630859 0.842041432857513 3.15190672874451
19 9 0.180172979831696 0.263270646333694 3.16057133674622
19 10 0.243851229548454 -0.0251299627125263 3.14429903030396
19 11 0.239250600337982 -0.240851506590843 3.03330755233765
19 12 0.225197717547417 -0.341885358095169 2.99077391624451
19 13 -0.0864079669117928 -0.101705193519592 3.03232789039612
19 14 -0.0870976522564888 -0.647666871547699 3.03309607505798
19 15 -0.0671375617384911 -1.00781619548798 2.99070239067078
19 16 -0.097266361117363 -1.07036757469177 2.93540287017822
19 17 0.0824965164065361 -0.113282889127731 3.04880905151367
19 18 0.0802824795246124 -0.643765985965729 3.00912356376648
19 19 0.0482293590903282 -0.996503114700317 2.98971748352051
19 20 0.0667812153697014 -1.05409121513367 2.92477226257324
20 1 -0.0012126041110605 -0.0251375697553158 3.06442141532898
20 2 -0.00329796550795436 0.03097790107131 3.13002967834473
20 3 0.000824014714453369 0.397945404052734 3.17153716087341
20 4 0.0355342030525208 0.643918335437775 3.18474292755127
20 5 -0.19315180182457 0.339972585439682 3.16431570053101
20 6 -0.424781411886215 0.478427201509476 3.16968750953674
20 7 -0.432363599538803 0.748766124248505 3.14411449432373
20 8 -0.420554846525192 0.841651916503906 3.15123248100281
20 9 0.179366856813431 0.261396020650864 3.15960693359375
20 10 0.24289682507515 -0.0244402326643467 3.14289927482605
20 11 0.239539563655853 -0.242043480277061 3.03199291229248
20 12 0.231168895959854 -0.34951251745224 2.98754358291626
20 13 -0.0862882733345032 -0.10203293710947 3.03215789794922
20 14 -0.0872635319828987 -0.646742463111877 3.03374600410461
20 15 -0.0622740164399147 -1.00653791427612 2.99068236351013
20 16 -0.0976316928863525 -1.06880354881287 2.93933320045471
20 17 0.0828449130058289 -0.113775886595249 3.04936289787292
20 18 0.0809971615672112 -0.643414318561554 3.00947570800781
20 19 0.0428666397929192 -0.995540261268616 2.98968100547791
20 20 0.0716229900717735 -1.05125617980957 2.92756462097168
