1 1 -0.00203043920919299 -0.0273849070072174 3.07227969169617
1 2 -0.00467250123620033 0.0286257788538933 3.13778400421143
1 3 -0.00524458568543196 0.398051053285599 3.17829513549805
1 4 0.0206917934119701 0.642712712287903 3.18931746482849
1 5 -0.196490049362183 0.345697164535522 3.18644714355469
1 6 -0.407687366008759 0.500482320785522 3.19298124313354
1 7 -0.399363249540329 0.765741109848022 3.16405177116394
1 8 -0.382957071065903 0.881083786487579 3.16924738883972
1 9 0.179472699761391 0.263111293315887 3.17933654785156
1 10 0.241127267479897 -0.025951936841011 3.1492235660553
1 11 0.237847924232483 -0.24414898455143 3.03197622299194
1 12 0.228719815611839 -0.344394385814667 2.99575924873352
1 13 -0.0860561355948448 -0.105302594602108 3.04076552391052
1 14 -0.0888987332582474 -0.653743207454681 3.03426170349121
1 15 -0.0635305941104889 -1.00678074359894 2.99256134033203
1 16 -0.0877416729927063 -1.06009483337402 2.94689607620239
1 17 0.0828893184661865 -0.116107329726219 3.05766701698303
1 18 0.0808684751391411 -0.646125316619873 3.00612163543701
1 19 0.0460029914975166 -0.994842171669006 2.99274396896362
1 20 0.0667483508586884 -1.04752266407013 2.93321871757507
2 1 -0.00190502987243235 -0.0266131926327944 3.0728657245636
2 2 -0.00384516804479063 0.0294879153370857 3.13843536376953
2 3 -0.00442095194011927 0.397904574871063 3.17873954772949
2 4 0.0229305103421211 0.643153190612793 3.19640517234802
2 5 -0.196481391787529 0.345175564289093 3.18602132797241
2 6 -0.40710836648941 0.502088904380798 3.19609951972961
2 7 -0.411462515592575 0.741953134536743 3.1626181602478
2 8 -0.390476197004318 0.867224514484406 3.1715145111084
2 9 0.17702254652977 0.262393146753311 3.17433524131775
2 10 0.241187661886215 -0.0184376537799835 3.14947867393494
2 11 0.237573623657227 -0.242648616433144 3.03320455551147
2 12 0.226971387863159 -0.344444513320923 2.98918151855469
2 13 -0.0866808891296387 -0.104664273560047 3.04146528244019
2 14 -0.0879578813910484 -0.652204036712646 3.03547430038452
2 15 -0.0646649897098541 -1.00689911842346 2.99379181861877
2 16 -0.0918852463364601 -1.06552982330322 2.95250129699707
2 17 0.0830133482813835 -0.115345060825348 3.05806946754456
2 18 0.0808152928948402 -0.644268810749054 3.00652718544006
2 19 0.0494955405592918 -0.993811130523682 2.99016284942627
2 20 0.0639988407492638 -1.04779994487762 2.9326753616333
3 1 -0.00285135954618454 -0.026330666616559 3.07341527938843
3 2 -0.00440979842096567 0.0298828035593033 3.13905692100525
3 3 -0.00503092352300882 0.39849179983139 3.17992901802063
3 4 0.0218099467456341 0.643462717533112 3.19516396522522
3 5 -0.197320640087128 0.344920843839645 3.1873574256897
3 6 -0.40721595287323 0.502583086490631 3.19659161567688
3 7 -0.39910876750946 0.761507391929626 3.17002248764038
3 8 -0.37988206744194 0.885975778102875 3.17824745178223
3 9 0.174746811389923 0.26301234960556 3.17318725585938
3 10 0.240217864513397 -0.0179169792681932 3.1483166217804
3 11 0.236554756760597 -0.242870792746544 3.03174614906311
3 12 0.227568447589874 -0.33887580037117 2.99386620521545
3 13 -0.0873655453324318 -0.103942185640335 3.04255318641663
3 14 -0.0885947048664093 -0.651721000671387 3.03529810905457
3 15 -0.0652938932180405 -1.00667130947113 2.99365997314453
3 16 -0.0922960340976715 -1.06360602378845 2.94698452949524
3 17 0.0820546597242355 -0.114504091441631 3.05760836601257
3 18 0.0810162425041199 -0.643322110176086 3.00669097900391
3 19 0.0470013953745365 -0.997477531433105 2.98822236061096
3 20 0.0663512796163559 -1.04929506778717 2.93263649940491
4 1 -0.00305883260443807 -0.0262630935758352 3.0742073059082
4 2 -0.00441782735288143 0.0298953205347061 3.13990044593811
4 3 -0.00469942903146148 0.398095786571503 3.18108367919922
4 4 0.0209263116121292 0.643148303031921 3.1956684589386
4 5 -0.197897866368294 0.345442622900009 3.18848133087158
4 6 -0.407711654901505 0.502075254917145 3.19867348670959
4 7 -0.400720953941345 0.761354982852936 3.16943430900574
4 8 -0.385245442390442 0.879036128520966 3.17409348487854
4 9 0.174574643373489 0.262934952974319 3.1731595993042
4 10 0.241347193717957 -0.0219741072505713 3.14939999580383
4 11 0.235515609383583 -0.239463448524475 3.03307771682739
4 12 0.22925540804863 -0.334646642208099 2.99759078025818
4 13 -0.0876427739858627 -0.103798009455204 3.04310536384583
4 14 -0.0885257422924042 -0.65367180109024 3.03613758087158
4 15 -0.067740261554718 -1.00777053833008 2.99333810806274
4 16 -0.0926654934883118 -1.06638407707214 2.94472742080688
4 17 0.0817098915576935 -0.114273451268673 3.05850839614868
4 18 0.0810990780591965 -0.643750786781311 3.00640678405762
4 19 0.045757457613945 -0.995699524879456 2.98968172073364
4 20 0.0636357292532921 -1.05034530162811 2.93387818336487
5 1 -0.00318607781082392 -0.0260222777724266 3.07473158836365
5 2 -0.00458108726888895 0.0299679134041071 3.14038968086243
5 3 -0.00481673376634717 0.397975623607636 3.18225622177124
5 4 0.0204392150044441 0.642743289470673 3.19529962539673
5 5 -0.197912305593491 0.34508353471756 3.18810892105103
5 6 -0.407749384641647 0.500687479972839 3.19566822052002
5 7 -0.402125418186188 0.764354646205902 3.16722321510315
5 8 -0.383878588676453 0.882454991340637 3.17621660232544
5 9 0.174740880727768 0.262978702783585 3.17328262329102
5 10 0.240302562713623 -0.0205496773123741 3.14683198928833
5 11 0.235219210386276 -0.238433986902237 3.0342161655426
5 12 0.225841462612152 -0.331648170948029 2.99426364898682
5 13 -0.087567463517189 -0.103754915297031 3.04374146461487
5 14 -0.0882677435874939 -0.654158532619476 3.036536693573
5 15 -0.0640083104372025 -1.00878643989563 2.99124526977539
5 16 -0.0919939279556274 -1.07053768634796 2.94625663757324
5 17 0.0816917568445206 -0.114045388996601 3.0591151714325
5 18 0.0803082212805748 -0.644400179386139 3.0074462890625
5 19 0.0460081584751606 -0.997497081756592 2.98744916915894
5 20 0.0721630826592445 -1.05069005489349 2.92658615112305
6 1 -0.00373390107415617 -0.026401199400425 3.07505655288696
6 2 -0.00527964346110821 0.0298154838383198 3.14084720611572
6 3 -0.00480419024825096 0.398573756217957 3.18335056304932
6 4 0.0196902770549059 0.643322050571442 3.1965479850769
6 5 -0.198228821158409 0.343358635902405 3.187420129776
6 6 -0.408242613077164 0.501108646392822 3.19541025161743
6 7 -0.401873648166656 0.763351440429688 3.16918206214905
6 8 -0.386387556791306 0.88213586807251 3.17961883544922
6 9 0.176174834370613 0.261562436819077 3.17458534240723
6 10 0.238703802227974 -0.0203853622078896 3.14950370788574
6 11 0.234416916966438 -0.236796438694 3.03455877304077
6 12 0.224156215786934 -0.330155819654465 2.99601769447327
6 13 -0.0882871374487877 -0.104086235165596 3.04371404647827
6 14 -0.0894582122564316 -0.653950929641724 3.03682208061218
6 15 -0.0661490112543106 -1.00404107570648 2.99258232116699
6 16 -0.0933080017566681 -1.06722867488861 2.94713306427002
6 17 0.0811135098338127 -0.114544004201889 3.05906796455383
6 18 0.0788084417581558 -0.644289553165436 3.0082836151123
6 19 0.0453093945980072 -0.995841979980469 2.99026083946228
6 20 0.0644347816705704 -1.05093896389008 2.93199872970581
7 1 -0.0044360039755702 -0.0269182827323675 3.07543611526489
7 2 -0.00543180899694562 0.0295016057789326 3.14111256599426
7 3 -0.00459624547511339 0.398347496986389 3.18302011489868
7 4 0.0176479741930962 0.643330276012421 3.1967978477478
7 5 -0.19832418859005 0.343383073806763 3.18864631652832
7 6 -0.409840703010559 0.502315580844879 3.19901514053345
7 7 -0.402997314929962 0.766121327877045 3.17145729064941
7 8 -0.385872483253479 0.885564684867859 3.18959903717041
7 9 0.170932829380035 0.26193705201149 3.17298817634583
7 10 0.238640129566193 -0.0206073708832264 3.1497848033905
7 11 0.23397833108902 -0.236504450440407 3.03464198112488
7 12 0.223311588168144 -0.331925809383392 2.99826979637146
7 13 -0.0887191519141197 -0.104138374328613 3.04470586776733
7 14 -0.0911148339509964 -0.654722511768341 3.03823900222778
7 15 -0.0664238408207893 -1.00360488891602 2.99386811256409
7 16 -0.0911380648612976 -1.06741571426392 2.9459331035614
7 17 0.0798013955354691 -0.114116407930851 3.05947995185852
7 18 0.0778826549649239 -0.644097685813904 3.00838184356689
7 19 0.0437744371592999 -0.992586433887482 2.99261331558228
7 20 0.0579409077763557 -1.04961311817169 2.93321919441223
8 1 -0.00545469485223293 -0.0258596129715443 3.07656526565552
8 2 -0.0063971490599215 0.0301820691674948 3.14224576950073
8 3 -0.00508253136649728 0.39814168214798 3.18427705764771
8 4 0.0164586585015059 0.643587827682495 3.19986176490784
8 5 -0.19978666305542 0.343242555856705 3.18986034393311
8 6 -0.409525841474533 0.501601755619049 3.20033884048462
8 7 -0.40113627910614 0.771844148635864 3.17230772972107
8 8 -0.385722517967224 0.88596647977829 3.1891028881073
8 9 0.169821187853813 0.262313008308411 3.17442560195923
8 10 0.239146053791046 -0.00883880164474249 3.15261054039001
8 11 0.232799276709557 -0.235597252845764 3.03508281707764
8 12 0.222349762916565 -0.331146448850632 2.99963021278381
8 13 -0.0898913741111755 -0.103293441236019 3.04548764228821
8 14 -0.0904456153512001 -0.653210163116455 3.03917479515076
8 15 -0.0664575099945068 -1.00548803806305 2.99474668502808
8 16 -0.0977853760123253 -1.0675710439682 2.94681715965271
8 17 0.0784532502293587 -0.113655462861061 3.06050109863281
8 18 0.0783039182424545 -0.643971979618073 3.00938558578491
8 19 0.0456430613994598 -0.992609024047852 2.99277400970459
8 20 0.0616492703557014 -1.05016160011292 2.93307065963745
9 1 -0.00610774382948875 -0.0272898189723492 3.07716727256775
9 2 -0.00658312672749162 0.0291414521634579 3.14290070533752
9 3 -0.00636198557913303 0.398503720760345 3.1855685710907
9 4 0.0163115710020065 0.644250571727753 3.20381307601929
9 5 -0.19990262389183 0.341041326522827 3.18999457359314
9 6 -0.409884572029114 0.501042008399963 3.20120215415955
9 7 -0.406610518693924 0.763255894184113 3.17425084114075
9 8 -0.387077748775482 0.88311892747879 3.19207215309143
9 9 0.16603396832943 0.263304144144058 3.17164587974548
9 10 0.238585934042931 -0.00634022569283843 3.1530454158783
9 11 0.23221991956234 -0.235043212771416 3.03646421432495
9 12 0.221288084983826 -0.331615328788757 3.00105428695679
9 13 -0.089610755443573 -0.10441255569458 3.04677295684814
9 14 -0.0903066918253899 -0.655409812927246 3.04000306129456
9 15 -0.0661602765321732 -1.00973987579346 2.99225568771362
9 16 -0.0986970067024231 -1.06911444664001 2.94043874740601
9 17 0.0771782919764519 -0.114068575203419 3.06159806251526
9 18 0.0772362500429153 -0.644093096256256 3.01039385795593
9 19 0.0424324311316013 -0.994197905063629 2.99309992790222
9 20 0.0610105693340302 -1.05099248886108 2.93228697776794
10 1 -0.00579904858022928 -0.0274011939764023 3.07844734191895
10 2 -0.00719561520963907 0.028949273750186 3.14410638809204
10 3 -0.0066536171361804 0.398246049880981 3.18667316436768
10 4 0.0166587643325329 0.644209444522858 3.20545053482056
10 5 -0.200284332036972 0.341508388519287 3.19129538536072
10 6 -0.409619152545929 0.502572238445282 3.20590448379517
10 7 -0.403273314237595 0.770176887512207 3.1783173084259
10 8 -0.385274022817612 0.886943161487579 3.19118404388428
10 9 0.172246187925339 0.263140469789505 3.17841720581055
10 10 0.238419622182846 -0.00694354856386781 3.151202917099
10 11 0.230606481432915 -0.236173406243324 3.03714752197266
10 12 0.222882941365242 -0.332416504621506 3.00387573242188
10 13 -0.0894108861684799 -0.104922525584698 3.0479838848114
10 14 -0.0912602469325066 -0.655979514122009 3.04060554504395
10 15 -0.0665611028671265 -1.00425589084625 2.99552059173584
10 16 -0.0919353812932968 -1.0693211555481 2.94530773162842
10 17 0.0780614539980888 -0.114166967570782 3.06244993209839
10 18 0.0769246369600296 -0.646782636642456 3.00965404510498
10 19 0.0417820885777473 -0.996867299079895 2.99121713638306
10 20 0.0661276057362556 -1.05209982395172 2.929936170578
11 1 -0.00550779886543751 -0.0280538965016603 3.07966113090515
11 2 -0.00688006868585944 0.0285181738436222 3.14555764198303
11 3 -0.00603623641654849 0.398844689130783 3.18848705291748
11 4 0.0167710483074188 0.644814610481262 3.20566558837891
11 5 -0.199208334088326 0.340691179037094 3.19195556640625
11 6 -0.411323308944702 0.501339912414551 3.20737314224243
11 7 -0.40307953953743 0.764694631099701 3.17684769630432
11 8 -0.386568665504456 0.881704390048981 3.1848406791687
11 9 0.168483585119247 0.262715309858322 3.17801690101624
11 10 0.23490697145462 -0.0203044749796391 3.14729380607605
11 11 0.230359435081482 -0.237644627690315 3.03727579116821
11 12 0.221093416213989 -0.33378279209137 3.00372266769409
11 13 -0.0890706181526184 -0.104987904429436 3.04894399642944
11 14 -0.0917112529277802 -0.655387580394745 3.04033732414246
11 15 -0.0626099556684494 -1.00485229492188 2.99394845962524
11 16 -0.0950558334589005 -1.06908512115479 2.94545984268188
11 17 0.0778976753354073 -0.114359438419342 3.0643150806427
11 18 0.0773181915283203 -0.645911574363709 3.00892806053162
11 19 0.0454049035906792 -0.993059575557709 2.99135875701904
11 20 0.0674850717186928 -1.05124282836914 2.93088626861572
12 1 -0.00531700206920505 -0.0285101309418678 3.08046793937683
12 2 -0.00667387200519443 0.027983371168375 3.14628076553345
12 3 -0.00636287732049823 0.398564666509628 3.18998003005981
12 4 0.0153802335262299 0.644800126552582 3.20767068862915
12 5 -0.199100151658058 0.339977085590363 3.19263648986816
12 6 -0.410207092761993 0.49935245513916 3.2116801738739
12 7 -0.404321610927582 0.765804827213287 3.17878770828247
12 8 -0.389616101980209 0.875945329666138 3.19661688804626
12 9 0.165415197610855 0.264606356620789 3.17889475822449
12 10 0.23809427022934 -0.00634378055110574 3.15290999412537
12 11 0.230533003807068 -0.237052589654922 3.03861212730408
12 12 0.220995977520943 -0.333137989044189 3.00503015518188
12 13 -0.0884529128670692 -0.105162017047405 3.04927062988281
12 14 -0.0922371596097946 -0.65510755777359 3.04016661643982
12 15 -0.0653178617358208 -1.00823092460632 2.99092984199524
12 16 -0.0959302634000778 -1.07545495033264 2.94426655769348
12 17 0.0782397091388702 -0.114561423659325 3.06558036804199
12 18 0.0776189416646957 -0.644695401191711 3.00977659225464
12 19 0.0416626445949078 -0.998159646987915 2.98892140388489
12 20 0.065180592238903 -1.05627644062042 2.92806911468506
13 1 -0.00568097084760666 -0.0289335157722235 3.08187341690063
13 2 -0.00666279206052423 0.0276144668459892 3.14760255813599
13 3 -0.0064589218236506 0.39791277050972 3.19058203697205
13 4 0.0142717529088259 0.644217133522034 3.20761966705322
13 5 -0.200263544917107 0.339282691478729 3.19440269470215
13 6 -0.412794232368469 0.498639613389969 3.21269822120667
13 7 -0.405109435319901 0.765942692756653 3.17909860610962
13 8 -0.388093739748001 0.877010643482208 3.19871187210083
13 9 0.1645627617836 0.264143943786621 3.17875838279724
13 10 0.237408697605133 -0.0207796841859818 3.14851403236389
13 11 0.230494126677513 -0.237422123551369 3.03887367248535
13 12 0.220687821507454 -0.334286868572235 3.00563263893127
13 13 -0.0887194722890854 -0.106028102338314 3.05193662643433
13 14 -0.0922643393278122 -0.655914962291718 3.04120659828186
13 15 -0.0667954385280609 -1.00264465808868 2.99417948722839
13 16 -0.0855296775698662 -1.07024216651917 2.94121050834656
13 17 0.0777980238199234 -0.114480473101139 3.06624889373779
13 18 0.0757773593068123 -0.645680665969849 3.00967001914978
13 19 0.0442394241690636 -0.996058344841003 2.99200224876404
13 20 0.0663943365216255 -1.05431640148163 2.93002438545227
14 1 -0.00553851667791605 -0.0291481502354145 3.08322834968567
14 2 -0.00620664609596133 0.0274679157882929 3.14908623695374
14 3 -0.0057319262996316 0.398401826620102 3.1925802230835
14 4 0.0141085283830762 0.644793748855591 3.20955801010132
14 5 -0.201167672872543 0.340224057435989 3.19697332382202
14 6 -0.412202656269073 0.497514247894287 3.21268606185913
14 7 -0.406063854694366 0.76109790802002 3.17927861213684
14 8 -0.386319249868393 0.862815022468567 3.19282269477844
14 9 0.16463403403759 0.264136284589767 3.17919111251831
14 10 0.238908365368843 -0.00999765563756227 3.15437197685242
14 11 0.230360314249992 -0.236573919653893 3.0404908657074
14 12 0.22074893116951 -0.333208292722702 3.00598621368408
14 13 -0.0886396020650864 -0.106516420841217 3.05281662940979
14 14 -0.0924105942249298 -0.653693974018097 3.0418004989624
14 15 -0.0634037852287292 -1.00101518630981 2.99384951591492
14 16 -0.092781737446785 -1.06689727306366 2.94279336929321
14 17 0.0778398737311363 -0.114623725414276 3.0677490234375
14 18 0.078157551586628 -0.644558429718018 3.00940227508545
14 19 0.0440856739878654 -0.993159651756287 2.99287486076355
14 20 0.0666117817163467 -1.05499756336212 2.93389272689819
15 1 -0.00595294032245874 -0.030141606926918 3.08390259742737
15 2 -0.00637802481651306 0.0266358852386475 3.15001440048218
15 3 -0.00647747237235308 0.398779928684235 3.19476914405823
15 4 0.0144625911489129 0.645014703273773 3.21091151237488
15 5 -0.200307741761208 0.33988419175148 3.19934344291687
15 6 -0.412367224693298 0.498098134994507 3.21482801437378
15 7 -0.401564836502075 0.764545917510986 3.18310141563416
15 8 -0.388301610946655 0.865676283836365 3.19816637039185
15 9 0.163023993372917 0.264151990413666 3.17979335784912
15 10 0.237879514694214 -0.00780215347185731 3.15518474578857
15 11 0.23040272295475 -0.236097186803818 3.04140782356262
15 12 0.219998136162758 -0.333652764558792 3.00652360916138
15 13 -0.0888174027204514 -0.106400914490223 3.05399537086487
15 14 -0.0923886895179749 -0.653888523578644 3.04137468338013
15 15 -0.0626733750104904 -1.00324845314026 2.99490261077881
15 16 -0.0992901176214218 -1.06760013103485 2.94584822654724
15 17 0.0771417990326881 -0.114793345332146 3.06817245483398
15 18 0.0782728865742683 -0.644126713275909 3.0096480846405
15 19 0.0426759533584118 -0.993729531764984 2.99333381652832
15 20 0.0647838115692139 -1.05391252040863 2.93187236785889
16 1 -0.00554124033078551 -0.0303837954998016 3.08458352088928
16 2 -0.0066831992007792 0.0266012158244848 3.15068459510803
16 3 -0.00562157947570086 0.399608731269836 3.19539284706116
16 4 0.0154723441228271 0.646433055400848 3.21728539466858
16 5 -0.200169116258621 0.340236246585846 3.19924640655518
16 6 -0.412294656038284 0.49851194024086 3.21562027931213
16 7 -0.401694893836975 0.762889206409454 3.18367910385132
16 8 -0.388487935066223 0.868577539920807 3.20056509971619
16 9 0.166427463293076 0.258326262235641 3.18290400505066
16 10 0.237824723124504 -0.00427093217149377 3.15350651741028
16 11 0.23027104139328 -0.237305179238319 3.04138493537903
16 12 0.220304265618324 -0.333795338869095 3.00490045547485
16 13 -0.0886674895882607 -0.106646537780762 3.05393505096436
16 14 -0.0927786976099014 -0.653325319290161 3.04131388664246
16 15 -0.0642835646867752 -1.00410711765289 2.99482893943787
16 16 -0.0955271050333977 -1.07000768184662 2.94340682029724
16 17 0.0775822103023529 -0.115422941744328 3.06923389434814
16 18 0.0773878842592239 -0.64480596780777 3.00915694236755
16 19 0.04471156001091 -0.992883563041687 2.99372601509094
16 20 0.0679652392864227 -1.05289745330811 2.93191266059875
17 1 -0.00522274058312178 -0.030532231554389 3.08481121063232
17 2 -0.00622036494314671 0.0263716652989388 3.15087747573853
17 3 -0.00526892021298409 0.398999094963074 3.19526600837708
17 4 0.0169965084642172 0.645749449729919 3.21693897247314
17 5 -0.198607340455055 0.338717430830002 3.19790554046631
17 6 -0.411733001470566 0.499494642019272 3.21274256706238
17 7 -0.403015047311783 0.762289464473724 3.18316078186035
17 8 -0.389218062162399 0.868735074996948 3.19950723648071
17 9 0.166303843259811 0.261823803186417 3.18195509910584
17 10 0.238711699843407 -0.00446858070790768 3.15773344039917
17 11 0.230797946453094 -0.236199587583542 3.04236745834351
17 12 0.220669120550156 -0.335771024227142 3.00831174850464
17 13 -0.0881588906049728 -0.106635503470898 3.05442547798157
17 14 -0.0929712578654289 -0.652922391891479 3.04080677032471
17 15 -0.0633416026830673 -1.00620019435883 2.99225831031799
17 16 -0.0927557870745659 -1.07511758804321 2.94308710098267
17 17 0.0777472928166389 -0.11553480476141 3.06916427612305
17 18 0.0775995627045631 -0.64557933807373 3.00922131538391
17 19 0.0430479049682617 -0.996460199356079 2.99292397499084
17 20 0.0737416222691536 -1.05494225025177 2.93234038352966
18 1 -0.00507657881826162 -0.0297517292201519 3.08510971069336
18 2 -0.00643149111419916 0.0269791875034571 3.15115857124329
18 3 -0.0049213613383472 0.398880928754807 3.19497919082642
18 4 0.0189065113663673 0.645154118537903 3.21231603622437
18 5 -0.19889435172081 0.339402407407761 3.19729614257813
18 6 -0.4098781645298 0.495459526777267 3.21227788925171
18 7 -0.403528362512589 0.763562440872192 3.1815230846405
18 8 -0.388390064239502 0.874960958957672 3.2020103931427
18 9 0.16912117600441 0.261371403932571 3.18413090705872
18 10 0.237639680504799 -0.00668474100530148 3.15580368041992
18 11 0.231101989746094 -0.2370615452528 3.04175639152527
18 12 0.220820263028145 -0.336197376251221 3.00723838806152
18 13 -0.0883476063609123 -0.106246948242188 3.05419063568115
18 14 -0.09267258644104 -0.653119683265686 3.04170608520508
18 15 -0.0619632750749588 -1.00901556015015 2.99230408668518
18 16 -0.100744552910328 -1.07470536231995 2.94455790519714
18 17 0.0782405883073807 -0.115302212536335 3.06948828697205
18 18 0.0770343616604805 -0.648166418075562 3.01089978218079
18 19 0.0448231026530266 -0.999271750450134 2.9900484085083
18 20 0.071564294397831 -1.05376148223877 2.9236056804657
19 1 -0.00457426579669118 -0.0289035923779011 3.08524990081787
19 2 -0.00617784447968006 0.0275098942220211 3.15119194984436
19 3 -0.00416457699611783 0.397991269826889 3.19433641433716
19 4 0.0184695459902287 0.644292294979095 3.20988297462463
19 5 -0.198726698756218 0.339976221323013 3.19735336303711
19 6 -0.410765171051025 0.497897088527679 3.21177053451538
19 7 -0.403647691011429 0.759316384792328 3.18013215065002
19 8 -0.386660695075989 0.872374415397644 3.19867467880249
19 9 0.171768888831139 0.261447757482529 3.18609833717346
19 10 0.238622575998306 -0.0060519683174789 3.15441513061523
19 11 0.230440497398376 -0.237642213702202 3.04166507720947
19 12 0.220918789505959 -0.334462344646454 3.00707316398621
19 13 -0.0878500789403915 -0.106069922447205 3.05338168144226
19 14 -0.0916889831423759 -0.65528666973114 3.04173231124878
19 15 -0.0622800178825855 -1.0078319311142 2.99064230918884
19 16 -0.0910262018442154 -1.07480573654175 2.93715620040894
19 17 0.0790285617113113 -0.115276426076889 3.07004451751709
19 18 0.0759916380047798 -0.646274209022522 3.00971984863281
19 19 0.0419138632714748 -0.997280716896057 2.99332427978516
19 20 0.068313330411911 -1.05890512466431 2.93267703056335
20 1 -0.00433857226744294 -0.028454227373004 3.08513402938843
20 2 -0.00591690558940172 0.0281358510255814 3.15081596374512
20 3 -0.00376280979253352 0.397869080305099 3.19314980506897
20 4 0.0198774971067905 0.643958687782288 3.20692610740662
20 5 -0.198453843593597 0.339982628822327 3.19703364372253
20 6 -0.411249160766602 0.50026524066925 3.21021199226379
20 7 -0.400053292512894 0.762437462806702 3.1786937713623
20 8 -0.38674920797348 0.86733615398407 3.19246554374695
20 9 0.174341827630997 0.259313434362412 3.18197727203369
20 10 0.238556116819382 -0.00544365867972374 3.15549421310425
20 11 0.230494156479836 -0.236653730273247 3.03966236114502
20 12 0.221003890037537 -0.334553569555283 3.00332164764404
20 13 -0.0891163572669029 -0.105362080037594 3.05249094963074
20 14 -0.0917995646595955 -0.65664529800415 3.0417959690094
20 15 -0.0679509565234184 -1.00533485412598 2.99331092834473
20 16 -0.0898616313934326 -1.07445442676544 2.93877649307251
20 17 0.0789209380745888 -0.115390576422215 3.06956315040588
20 18 0.0770380944013596 -0.644490242004395 3.00952386856079
20 19 0.0471806526184082 -0.994726657867432 2.99455714225769
20 20 0.0702758133411407 -1.05564606189728 2.93141412734985
