1 1 -0.0359369926154613 -0.10914558172226 3.04798364639282
1 2 -0.0271148160099983 -0.0586837604641914 3.10702538490295
1 3 -0.0121628548949957 0.274391174316406 3.14054727554321
1 4 -0.010847894474864 0.4699447453022 3.12259578704834
1 5 -0.213192343711853 0.2170789539814 3.17119359970093
1 6 -0.398174732923508 0.305276095867157 3.15518069267273
1 7 -0.348743855953217 0.499434411525726 3.1017735004425
1 8 -0.360706627368927 0.55593341588974 3.07157778739929
1 9 0.165890112519264 0.156230866909027 3.11181330680847
1 10 0.196690946817398 -0.0912759453058243 3.07679557800293
1 11 0.174148768186569 -0.322616428136826 2.95648312568665
1 12 0.176223888993263 -0.409182846546173 2.91225147247314
1 13 -0.126222729682922 -0.190684169530869 3.03495526313782
1 14 -0.109283179044724 -0.676421821117401 3.01851892471313
1 15 -0.107612088322639 -1.01293206214905 2.97106885910034
1 16 -0.12570683658123 -1.06239426136017 2.90896773338318
1 17 0.0450393110513687 -0.195257276296616 3.01476788520813
1 18 0.0540523529052734 -0.67138659954071 2.99112033843994
1 19 0.0581720769405365 -1.00398182868958 2.95437431335449
1 20 0.074179083108902 -1.04813635349274 2.8849630355835
2 1 -0.0347052775323391 -0.108017027378082 3.0479052066803
2 2 -0.0262021403759718 -0.0571325123310089 3.10686254501343
2 3 -0.0120927421376109 0.274722099304199 3.13794088363647
2 4 -0.010137083940208 0.470935940742493 3.12097883224487
2 5 -0.212647035717964 0.218171209096909 3.17021203041077
2 6 -0.39875602722168 0.308449447154999 3.15041065216064
2 7 -0.353904515504837 0.500554323196411 3.08994722366333
2 8 -0.361228138208389 0.569237470626831 3.06761860847473
2 9 0.168895721435547 0.156341418623924 3.11390447616577
2 10 0.198977246880531 -0.0897911116480827 3.08097910881042
2 11 0.175017908215523 -0.325376063585281 2.95587587356567
2 12 0.175296008586884 -0.386719197034836 2.91706204414368
2 13 -0.125182196497917 -0.189881265163422 3.03450155258179
2 14 -0.108479298651218 -0.676664173603058 3.01810097694397
2 15 -0.105963826179504 -1.01395165920258 2.97339105606079
2 16 -0.128158047795296 -1.06351506710052 2.90431475639343
2 17 0.0463126786053181 -0.19485679268837 3.01517391204834
2 18 0.0553616769611835 -0.667799651622772 2.990473985672
2 19 0.05755964666605 -1.0004974603653 2.96079444885254
2 20 0.0739449337124825 -1.04505956172943 2.89030027389526
3 1 -0.0340709649026394 -0.108056403696537 3.04763674736023
3 2 -0.0261224135756493 -0.0568622797727585 3.10642075538635
3 3 -0.0155509356409311 0.273600816726685 3.1348032951355
3 4 -0.0102129923179746 0.467397451400757 3.1196551322937
3 5 -0.212536424398422 0.218179911375046 3.16846179962158
3 6 -0.401645302772522 0.306271344423294 3.14319324493408
3 7 -0.358717501163483 0.49786388874054 3.08351302146912
3 8 -0.364007890224457 0.567677795886993 3.07095742225647
3 9 0.168604135513306 0.157496511936188 3.1144163608551
3 10 0.199266970157623 -0.0960503220558167 3.07816600799561
3 11 0.180441707372665 -0.320542305707932 2.9658944606781
3 12 0.185275197029114 -0.380082607269287 2.92727828025818
3 13 -0.123864062130451 -0.189793363213539 3.0336320400238
3 14 -0.106975801289082 -0.677559375762939 3.01857614517212
3 15 -0.10330519080162 -1.0121738910675 2.97446346282959
3 16 -0.132730811834335 -1.06386566162109 2.92053246498108
3 17 0.0476753786206245 -0.19512714445591 3.01590967178345
3 18 0.0555291958153248 -0.669415414333344 2.99151921272278
3 19 0.0578916072845459 -1.00611293315887 2.95161628723145
3 20 0.0748206824064255 -1.04656207561493 2.88298988342285
4 1 -0.0340283699333668 -0.108110934495926 3.04759836196899
4 2 -0.0264952667057514 -0.0567993745207787 3.10619616508484
4 3 -0.0185469202697277 0.272459834814072 3.13322782516479
4 4 -0.0119248330593109 0.464983880519867 3.11819505691528
4 5 -0.214056715369225 0.217124000191689 3.1671576499939
4 6 -0.403877556324005 0.301740974187851 3.14150667190552
4 7 -0.354380577802658 0.498160362243652 3.07970023155212
4 8 -0.367346882820129 0.566655516624451 3.07011866569519
4 9 0.167570948600769 0.158053159713745 3.1144711971283
4 10 0.199709266424179 -0.0947984158992767 3.08148312568665
4 11 0.179652616381645 -0.33186399936676 2.96183919906616
4 12 0.20698407292366 -0.389910817146301 2.93294143676758
4 13 -0.123547874391079 -0.189935088157654 3.03367781639099
4 14 -0.106328666210175 -0.67407214641571 3.01833915710449
4 15 -0.102315776050091 -1.01100182533264 2.97415947914124
4 16 -0.123387232422829 -1.06005167961121 2.91922116279602
4 17 0.0482270792126656 -0.195473805069923 3.01655197143555
4 18 0.0560660883784294 -0.672295749187469 2.99201631546021
4 19 0.0575529038906097 -1.00117599964142 2.95719599723816
4 20 0.0751151964068413 -1.04721903800964 2.88429307937622
5 1 -0.0337580293416977 -0.10800314694643 3.04798293113709
5 2 -0.0267420783638954 -0.0567213892936707 3.10642743110657
5 3 -0.0186197124421597 0.271928310394287 3.13316059112549
5 4 -0.0110931368544698 0.466033786535263 3.12040424346924
5 5 -0.215875312685966 0.217109143733978 3.16720747947693
5 6 -0.405274003744125 0.29870018362999 3.13786935806274
5 7 -0.355642527341843 0.498691558837891 3.07896256446838
5 8 -0.368001580238342 0.565993368625641 3.06635022163391
5 9 0.167482510209084 0.15652322769165 3.11688780784607
5 10 0.201464474201202 -0.0901817828416824 3.08953523635864
5 11 0.178618967533112 -0.330770313739777 2.9625449180603
5 12 0.184213191270828 -0.407223045825958 2.92572140693665
5 13 -0.12333020567894 -0.189994156360626 3.03352832794189
5 14 -0.105661362409592 -0.674185335636139 3.01865458488464
5 15 -0.103913679718971 -1.01072323322296 2.97628808021545
5 16 -0.125383004546165 -1.0595121383667 2.91276979446411
5 17 0.0491331443190575 -0.195671051740646 3.01848363876343
5 18 0.0586390271782875 -0.671269714832306 2.99204540252686
5 19 0.0603451132774353 -1.00294733047485 2.95776867866516
5 20 0.0730902552604675 -1.04518496990204 2.88802266120911
6 1 -0.0328675918281078 -0.108379416167736 3.04915165901184
6 2 -0.0265621747821569 -0.0575632937252522 3.10763740539551
6 3 -0.0174411833286285 0.270781666040421 3.13674902915955
6 4 -0.0118832038715482 0.468420058488846 3.1211953163147
6 5 -0.216314703226089 0.216232806444168 3.16654491424561
6 6 -0.405546993017197 0.296998620033264 3.13776135444641
6 7 -0.358858644962311 0.4921715259552 3.07456707954407
6 8 -0.367136597633362 0.560123682022095 3.06671190261841
6 9 0.166822597384453 0.157501503825188 3.12109684944153
6 10 0.202840328216553 -0.0894720628857613 3.08909010887146
6 11 0.177455872297287 -0.333070933818817 2.96106696128845
6 12 0.176370561122894 -0.389956563711166 2.92220091819763
6 13 -0.122423462569714 -0.190218016505241 3.03363466262817
6 14 -0.10555899143219 -0.673631072044373 3.01989316940308
6 15 -0.101336672902107 -1.01150870323181 2.9780912399292
6 16 -0.12560211122036 -1.05779445171356 2.91308403015137
6 17 0.0499841496348381 -0.195829898118973 3.02042984962463
6 18 0.0577424690127373 -0.670910239219666 2.99501967430115
6 19 0.0587030425667763 -1.00685143470764 2.95569825172424
6 20 0.0727897137403488 -1.04981291294098 2.88948822021484
7 1 -0.0315936729311943 -0.107966810464859 3.05023336410522
7 2 -0.0259694252163172 -0.0574346520006657 3.10866379737854
7 3 -0.017587261274457 0.27027815580368 3.13820838928223
7 4 -0.0122683579102159 0.468134582042694 3.12080836296082
7 5 -0.216290652751923 0.215926602482796 3.16651177406311
7 6 -0.405473947525024 0.29597195982933 3.13681149482727
7 7 -0.359937816858292 0.489753723144531 3.07058191299438
7 8 -0.366661012172699 0.557618618011475 3.06170630455017
7 9 0.168148577213287 0.15811824798584 3.1241569519043
7 10 0.206644594669342 -0.0878042802214623 3.09430050849915
7 11 0.180092498660088 -0.330853074789047 2.96738982200623
7 12 0.18242309987545 -0.400375962257385 2.92151117324829
7 13 -0.121082492172718 -0.189914137125015 3.03367137908936
7 14 -0.104380801320076 -0.67784583568573 3.02110242843628
7 15 -0.102497227489948 -1.01220285892487 2.97498917579651
7 16 -0.134253546595573 -1.06530714035034 2.93004775047302
7 17 0.052057072520256 -0.195674002170563 3.02266573905945
7 18 0.0573046468198299 -0.673581957817078 2.99652481079102
7 19 0.0555432066321373 -1.00631308555603 2.95446300506592
7 20 0.076714038848877 -1.04990673065186 2.88338088989258
8 1 -0.0305937863886356 -0.10804333537817 3.05028390884399
8 2 -0.0254844967275858 -0.0574016980826855 3.10876822471619
8 3 -0.0170976687222719 0.270659595727921 3.13805532455444
8 4 -0.0131851406767964 0.46936422586441 3.11944174766541
8 5 -0.215500369668007 0.215420067310333 3.16522765159607
8 6 -0.404970407485962 0.294340074062347 3.13242244720459
8 7 -0.362729728221893 0.485201746225357 3.06736040115356
8 8 -0.365734398365021 0.558080911636353 3.05758118629456
8 9 0.167514100670815 0.158927738666534 3.1263952255249
8 10 0.207727551460266 -0.0862632468342781 3.09492969512939
8 11 0.181158244609833 -0.329183578491211 2.96917390823364
8 12 0.18636853992939 -0.404893279075623 2.92214155197144
8 13 -0.119360879063606 -0.189781486988068 3.0329258441925
8 14 -0.103082053363323 -0.678631663322449 3.02116656303406
8 15 -0.101158201694489 -1.01273369789124 2.97750854492188
8 16 -0.131105720996857 -1.06712162494659 2.91892576217651
8 17 0.0527486279606819 -0.195631578564644 3.02305626869202
8 18 0.0589146576821804 -0.67385721206665 2.99700403213501
8 19 0.0592984855175018 -0.998605966567993 2.95847392082214
8 20 0.0798770636320114 -1.04709756374359 2.88388252258301
9 1 -0.0297217946499586 -0.107732996344566 3.05004239082336
9 2 -0.0250682886689901 -0.057200975716114 3.10852384567261
9 3 -0.0171303953975439 0.27022185921669 3.13733744621277
9 4 -0.0146220037713647 0.467588007450104 3.11917662620544
9 5 -0.215465202927589 0.21515029668808 3.16441512107849
9 6 -0.404974907636642 0.292802780866623 3.12957739830017
9 7 -0.363167017698288 0.483891814947128 3.06572246551514
9 8 -0.365533113479614 0.553698003292084 3.05569577217102
9 9 0.169487625360489 0.158299654722214 3.1283643245697
9 10 0.208146452903748 -0.0848092958331108 3.09720516204834
9 11 0.183027550578117 -0.32623627781868 2.96943926811218
9 12 0.188768595457077 -0.408253967761993 2.92901730537415
9 13 -0.117845304310322 -0.188927188515663 3.03109359741211
9 14 -0.102881483733654 -0.678534150123596 3.02063345909119
9 15 -0.104687795042992 -1.01325631141663 2.97596669197083
9 16 -0.12309567630291 -1.06244254112244 2.91204810142517
9 17 0.0543799698352814 -0.195312350988388 3.02429604530334
9 18 0.0613522082567215 -0.674394726753235 2.99654221534729
9 19 0.0546008981764317 -1.00634598731995 2.9571418762207
9 20 0.0776541754603386 -1.04907321929932 2.87981748580933
10 1 -0.0290814060717821 -0.107524998486042 3.05002450942993
10 2 -0.0248718857765198 -0.057128868997097 3.10850381851196
10 3 -0.0188416596502066 0.269495487213135 3.13751482963562
10 4 -0.0157730635255575 0.467587381601334 3.11846399307251
10 5 -0.216018736362457 0.21465115249157 3.16368651390076
10 6 -0.404789865016937 0.292488187551498 3.12742614746094
10 7 -0.362830430269241 0.483843386173248 3.0641303062439
10 8 -0.365252196788788 0.555329382419586 3.05431771278381
10 9 0.167454153299332 0.160404860973358 3.1291811466217
10 10 0.21066027879715 -0.0824851244688034 3.09745025634766
10 11 0.184871345758438 -0.323122084140778 2.96944642066956
10 12 0.182852789759636 -0.412518262863159 2.92057323455811
10 13 -0.117163233458996 -0.189026102423668 3.03040313720703
10 14 -0.10184695571661 -0.679221868515015 3.01963925361633
10 15 -0.103651359677315 -1.01258361339569 2.97381711006165
10 16 -0.124371379613876 -1.06081867218018 2.90860390663147
10 17 0.0548488423228264 -0.195015847682953 3.0248396396637
10 18 0.0585943646728992 -0.676313877105713 2.99782466888428
10 19 0.0561064183712006 -1.00593113899231 2.95379328727722
10 20 0.0791978016495705 -1.04974508285522 2.87722611427307
11 1 -0.028796624392271 -0.107298381626606 3.04991579055786
11 2 -0.0248880386352539 -0.0570218488574028 3.10837721824646
11 3 -0.0187627542763948 0.268861800432205 3.13734650611877
11 4 -0.0179471224546433 0.46865701675415 3.11880612373352
11 5 -0.217126995325089 0.214330241084099 3.16346383094788
11 6 -0.406009882688522 0.292994648218155 3.12420225143433
11 7 -0.3633753657341 0.486393749713898 3.06157684326172
11 8 -0.370008379220963 0.554298937320709 3.04898118972778
11 9 0.168465703725815 0.160287290811539 3.130446434021
11 10 0.211683735251427 -0.0837583914399147 3.09960889816284
11 11 0.185644701123238 -0.323210775852203 2.97029566764832
11 12 0.192777499556541 -0.379684954881668 2.93515777587891
11 13 -0.1170858964324 -0.1891730427742 3.03023982048035
11 14 -0.101293422281742 -0.679996311664581 3.02007722854614
11 15 -0.103469148278236 -1.01341819763184 2.97336363792419
11 16 -0.128377571702003 -1.06358361244202 2.90868949890137
11 17 0.0554944276809692 -0.194742664694786 3.02466726303101
11 18 0.0592895336449146 -0.673402190208435 2.99693870544434
11 19 0.0567809119820595 -1.00027334690094 2.96517038345337
11 20 0.0765658020973206 -1.04454481601715 2.89290738105774
12 1 -0.0288144052028656 -0.106672793626785 3.05012702941895
12 2 -0.0249014757573605 -0.056552454829216 3.1085090637207
12 3 -0.0184434466063976 0.269033133983612 3.13737511634827
12 4 -0.0209916420280933 0.468225181102753 3.11934113502502
12 5 -0.218447178602219 0.213961407542229 3.16336107254028
12 6 -0.407493770122528 0.29213011264801 3.12313771247864
12 7 -0.364347696304321 0.487142443656921 3.06084632873535
12 8 -0.370362490415573 0.554078578948975 3.05058598518372
12 9 0.167100116610527 0.161449432373047 3.13066458702087
12 10 0.20859706401825 -0.0825394615530968 3.10052299499512
12 11 0.185024380683899 -0.321947157382965 2.97155594825745
12 12 0.187360689043999 -0.403864860534668 2.92739701271057
12 13 -0.117288254201412 -0.189065530896187 3.03048396110535
12 14 -0.101344980299473 -0.677302956581116 3.01976823806763
12 15 -0.103570476174355 -1.01264905929565 2.97357320785522
12 16 -0.128145217895508 -1.06145572662354 2.90507793426514
12 17 0.055396281182766 -0.19398133456707 3.02477407455444
12 18 0.0593021214008331 -0.67125678062439 2.99584794044495
12 19 0.0565765202045441 -1.00207579135895 2.95986866950989
12 20 0.0764794945716858 -1.04515290260315 2.88922548294067
13 1 -0.0291501879692078 -0.106646649539471 3.05056762695313
13 2 -0.0253222808241844 -0.0568039268255234 3.10916209220886
13 3 -0.0198934376239777 0.269281059503555 3.14073944091797
13 4 -0.0212928932160139 0.466736942529678 3.11859130859375
13 5 -0.21942874789238 0.214265629649162 3.16386914253235
13 6 -0.407695889472961 0.292739987373352 3.12404704093933
13 7 -0.361301362514496 0.49132564663887 3.06159973144531
13 8 -0.370541870594025 0.555233418941498 3.04972052574158
13 9 0.165853947401047 0.161837011575699 3.13069224357605
13 10 0.207411989569664 -0.0852182507514954 3.09974765777588
13 11 0.184517502784729 -0.325214087963104 2.97255229949951
13 12 0.186435043811798 -0.381300806999207 2.93849277496338
13 13 -0.117568306624889 -0.188945576548576 3.03080606460571
13 14 -0.102654546499252 -0.677848041057587 3.02090525627136
13 15 -0.105418041348457 -1.0127387046814 2.97353529930115
13 16 -0.130801171064377 -1.06590139865875 2.90192151069641
13 17 0.0551259964704514 -0.193907976150513 3.0248236656189
13 18 0.0595603212714195 -0.669818043708801 2.99598574638367
13 19 0.056489247828722 -1.00141620635986 2.96189761161804
13 20 0.0749336257576942 -1.04495275020599 2.89051651954651
14 1 -0.0299855787307024 -0.106446877121925 3.05137157440186
14 2 -0.0261280108243227 -0.0566189661622047 3.10993814468384
14 3 -0.0200606845319271 0.268870264291763 3.14105558395386
14 4 -0.0214859172701836 0.466723591089249 3.11910557746887
14 5 -0.220013558864594 0.21424189209938 3.16399765014648
14 6 -0.407774150371552 0.293175280094147 3.12349247932434
14 7 -0.357046216726303 0.502493441104889 3.06144189834595
14 8 -0.3015296459198 0.553320646286011 3.06403470039368
14 9 0.166002005338669 0.162279471755028 3.13160252571106
14 10 0.206629827618599 -0.0872269198298454 3.10050320625305
14 11 0.183655947446823 -0.326005667448044 2.97127866744995
14 12 0.18961501121521 -0.382331073284149 2.93832612037659
14 13 -0.118840083479881 -0.188884407281876 3.03176760673523
14 14 -0.102805495262146 -0.678361058235168 3.02072596549988
14 15 -0.10376513749361 -1.01186692714691 2.97518157958984
14 16 -0.124014161527157 -1.06459999084473 2.90681219100952
14 17 0.0541862398386002 -0.19395586848259 3.02541875839233
14 18 0.0583422146737576 -0.669224202632904 2.9971079826355
14 19 0.0648265331983566 -1.00269794464111 2.95932030677795
14 20 0.0719447210431099 -1.04501724243164 2.89262294769287
15 1 -0.0305467434227467 -0.106778614223003 3.05176424980164
15 2 -0.026578975841403 -0.0566687621176243 3.11029481887817
15 3 -0.0191678274422884 0.268992781639099 3.13988876342773
15 4 -0.0215851068496704 0.46669402718544 3.11920166015625
15 5 -0.220416143536568 0.214407533407211 3.16397047042847
15 6 -0.407343477010727 0.29219588637352 3.12573003768921
15 7 -0.362655103206635 0.489126294851303 3.06048035621643
15 8 -0.369280427694321 0.55533504486084 3.04683566093445
15 9 0.165508806705475 0.161050334572792 3.1321268081665
15 10 0.20700491964817 -0.0855537205934525 3.10075092315674
15 11 0.180899754166603 -0.325966268777847 2.97500777244568
15 12 0.189454972743988 -0.39982795715332 2.93222117424011
15 13 -0.119473427534103 -0.188895657658577 3.03212237358093
15 14 -0.103036783635616 -0.676164507865906 3.02039122581482
15 15 -0.104808636009693 -1.01240301132202 2.97434091567993
15 16 -0.123079612851143 -1.06239581108093 2.90932846069336
15 17 0.0533261634409428 -0.194361880421638 3.02604079246521
15 18 0.05909638479352 -0.670291066169739 2.99718451499939
15 19 0.0569919049739838 -1.00508904457092 2.96393823623657
15 20 0.0767962634563446 -1.04947137832642 2.88932466506958
16 1 -0.0305390115827322 -0.106863155961037 3.05185866355896
16 2 -0.0265943221747875 -0.056794673204422 3.11035251617432
16 3 -0.0196456965059042 0.268424391746521 3.13962316513062
16 4 -0.0203274823725224 0.467032879590988 3.12061715126038
16 5 -0.220649510622025 0.214001625776291 3.16409802436829
16 6 -0.406012743711472 0.290042489767075 3.12656497955322
16 7 -0.357181698083878 0.492359071969986 3.06213784217834
16 8 -0.367293566465378 0.555826544761658 3.05073761940002
16 9 0.165288001298904 0.161640599370003 3.13219547271729
16 10 0.205963283777237 -0.0924894586205482 3.09699034690857
16 11 0.179646894335747 -0.332725584506989 2.97094035148621
16 12 0.178241074085236 -0.394555985927582 2.92876601219177
16 13 -0.119426861405373 -0.189155042171478 3.03225636482239
16 14 -0.102625019848347 -0.679856777191162 3.02167630195618
16 15 -0.104028344154358 -1.01386797428131 2.9738233089447
16 16 -0.126907423138618 -1.06452298164368 2.90671563148499
16 17 0.0535384081304073 -0.1943628937006 3.02619457244873
16 18 0.0594903603196144 -0.670998215675354 2.99769020080566
16 19 0.0597236007452011 -1.00323450565338 2.96149253845215
16 20 0.0737068057060242 -1.04851794242859 2.88929772377014
17 1 -0.030586427077651 -0.107136733829975 3.05186009407043
17 2 -0.0266286451369524 -0.0570438578724861 3.11037683486938
17 3 -0.0188713278621435 0.268690705299377 3.13983583450317
17 4 -0.0198815930634737 0.468178808689117 3.12120532989502
17 5 -0.220861449837685 0.213647946715355 3.16379904747009
17 6 -0.407738506793976 0.291683793067932 3.12248229980469
17 7 -0.359527558088303 0.48781019449234 3.05964660644531
17 8 -0.367457419633865 0.557122647762299 3.04871106147766
17 9 0.164946272969246 0.161579623818398 3.1322078704834
17 10 0.206740334630013 -0.0870420336723328 3.10067892074585
17 11 0.182164818048477 -0.326472133398056 2.97294235229492
17 12 0.181364670395851 -0.382575690746307 2.94029474258423
17 13 -0.11958958953619 -0.189662292599678 3.03269267082214
17 14 -0.102438740432262 -0.679837703704834 3.02197265625
17 15 -0.102328307926655 -1.01159083843231 2.97847771644592
17 16 -0.122138857841492 -1.0597916841507 2.91196632385254
17 17 0.0532962381839752 -0.19433106482029 3.02598690986633
17 18 0.0595093220472336 -0.675588846206665 2.99861907958984
17 19 0.0572422556579113 -1.00803506374359 2.95659065246582
17 20 0.0745143964886665 -1.05144119262695 2.88461184501648
18 1 -0.0305176842957735 -0.107351213693619 3.05225038528442
18 2 -0.0265041310340166 -0.0574711635708809 3.11085915565491
18 3 -0.0187671426683664 0.268627882003784 3.14221024513245
18 4 -0.0204972997307777 0.468354344367981 3.12046670913696
18 5 -0.220955550670624 0.213220328092575 3.16370940208435
18 6 -0.406697988510132 0.29322138428688 3.12218642234802
18 7 -0.36335363984108 0.481988430023193 3.0605263710022
18 8 -0.366533756256104 0.555900156497955 3.04908871650696
18 9 0.165197432041168 0.161522209644318 3.1318564414978
18 10 0.204990714788437 -0.0890527591109276 3.09942030906677
18 11 0.181158229708672 -0.328597962856293 2.97226715087891
18 12 0.184641718864441 -0.41267728805542 2.92574453353882
18 13 -0.119572475552559 -0.189751729369164 3.03264236450195
18 14 -0.103082105517387 -0.678771376609802 3.02204608917236
18 15 -0.102006897330284 -1.01052010059357 2.97645282745361
18 16 -0.125895917415619 -1.05830073356628 2.91335463523865
18 17 0.0533969029784203 -0.19471238553524 3.02637767791748
18 18 0.0589289963245392 -0.670799195766449 2.99983763694763
18 19 0.0588981732726097 -1.00236392021179 2.96288084983826
18 20 0.0748805850744247 -1.04893016815186 2.8874249458313
19 1 -0.0302710570394993 -0.107825443148613 3.05258512496948
19 2 -0.0262402351945639 -0.0578072890639305 3.11124134063721
19 3 -0.0175459776073694 0.268987327814102 3.14253735542297
19 4 -0.0201770979911089 0.467652559280396 3.12120985984802
19 5 -0.220459252595901 0.213094890117645 3.16374015808105
19 6 -0.404955804347992 0.290895581245422 3.12430763244629
19 7 -0.354769051074982 0.488865524530411 3.06030440330505
19 8 -0.365500867366791 0.555453777313232 3.04919743537903
19 9 0.165718913078308 0.161616444587708 3.13247537612915
19 10 0.205995798110962 -0.0877412781119347 3.1011483669281
19 11 0.181522592902184 -0.326412290334702 2.97274780273438
19 12 0.184988677501678 -0.401398092508316 2.92746472358704
19 13 -0.119373582303524 -0.190065696835518 3.03298234939575
19 14 -0.101729691028595 -0.681533753871918 3.02209734916687
19 15 -0.102239295840263 -1.01385283470154 2.97549510002136
19 16 -0.130114853382111 -1.0648273229599 2.90444946289063
19 17 0.0534849539399147 -0.195186629891396 3.02660059928894
19 18 0.0601627975702286 -0.675088047981262 2.99938273429871
19 19 0.0667327716946602 -1.00721681118011 2.9533109664917
19 20 0.0759337767958641 -1.04962420463562 2.88157629966736
20 1 -0.0295666605234146 -0.108209654688835 3.05276679992676
20 2 -0.0255640968680382 -0.0580920018255711 3.11142945289612
20 3 -0.0162276271730661 0.268918365240097 3.14228105545044
20 4 -0.0176260322332382 0.465969771146774 3.12129306793213
20 5 -0.218893870711327 0.213257893919945 3.16435480117798
20 6 -0.404214978218079 0.291001975536346 3.12604475021362
20 7 -0.361101448535919 0.481209188699722 3.06093549728394
20 8 -0.364528119564056 0.557151556015015 3.052321434021
20 9 0.167284041643143 0.160296872258186 3.13345718383789
20 10 0.207646995782852 -0.0916199460625649 3.10504364967346
20 11 0.183231383562088 -0.327742248773575 2.97193622589111
20 12 0.186092257499695 -0.400270938873291 2.92946553230286
20 13 -0.118575550615788 -0.18995513021946 3.03274488449097
20 14 -0.101500451564789 -0.680999636650085 3.02213430404663
20 15 -0.101362511515617 -1.0141921043396 2.97486710548401
20 16 -0.123371712863445 -1.06150305271149 2.90626931190491
20 17 0.054217517375946 -0.195600569248199 3.02738666534424
20 18 0.0591369569301605 -0.674801051616669 2.99983191490173
20 19 0.0616838410496712 -1.00709712505341 2.9547426700592
20 20 0.0774758905172348 -1.04730141162872 2.88237500190735
