1 1 -0.00565772643312812 -0.0254389066249132 3.07227230072021
1 2 -0.00674501992762089 0.0305271707475185 3.13852667808533
1 3 -0.00448038848116994 0.397082477807999 3.1786642074585
1 4 0.0153395999222994 0.625975966453552 3.19087362289429
1 5 -0.200349852442741 0.337770372629166 3.18079686164856
1 6 -0.413612335920334 0.492036491632462 3.18707251548767
1 7 -0.389234930276871 0.766853928565979 3.16604137420654
1 8 -0.377490758895874 0.880130052566528 3.18084025382996
1 9 0.171803712844849 0.26572123169899 3.17058658599854
1 10 0.240496590733528 -0.0132881738245487 3.14593577384949
1 11 0.236705765128136 -0.240702241659164 3.02780890464783
1 12 0.228313431143761 -0.341749608516693 2.99255132675171
1 13 -0.0883982181549072 -0.102580465376377 3.04321622848511
1 14 -0.0904221683740616 -0.65822696685791 3.03436899185181
1 15 -0.0583513155579567 -1.01433873176575 2.9887375831604
1 16 -0.0924730747938156 -1.06598687171936 2.93318367004395
1 17 0.0771759748458862 -0.110737651586533 3.05529928207397
1 18 0.0770535320043564 -0.656471371650696 3.00536155700684
1 19 0.047920897603035 -0.999316930770874 2.98558259010315
1 20 0.0698443800210953 -1.05613207817078 2.91913890838623
2 1 -0.00531365908682346 -0.0248502250760794 3.07205009460449
2 2 -0.00704115722328424 0.0308399423956871 3.13795828819275
2 3 -0.00386169017292559 0.397354632616043 3.17772746086121
2 4 0.016783095896244 0.628528237342834 3.18822407722473
2 5 -0.198698967695236 0.33832111954689 3.17708039283752
2 6 -0.413780510425568 0.492471516132355 3.17999911308289
2 7 -0.389119505882263 0.75961697101593 3.15864396095276
2 8 -0.371367603540421 0.875251650810242 3.17475605010986
2 9 0.173434793949127 0.263182610273361 3.17043590545654
2 10 0.240838468074799 -0.0110718607902527 3.15424466133118
2 11 0.238316506147385 -0.238216415047646 3.03164291381836
2 12 0.228415295481682 -0.340704768896103 2.99609303474426
2 13 -0.0884410440921783 -0.102343305945396 3.04128813743591
2 14 -0.0912158638238907 -0.657413184642792 3.03365349769592
2 15 -0.0611779429018497 -1.01625037193298 2.98931884765625
2 16 -0.0830228626728058 -1.06546854972839 2.93173456192017
2 17 0.0775898993015289 -0.111354105174541 3.05562424659729
2 18 0.078362725675106 -0.656258702278137 3.0069043636322
2 19 0.0471304766833782 -1.00200366973877 2.98971056938171
2 20 0.0673096999526024 -1.05810189247131 2.91684436798096
3 1 -0.00464251916855574 -0.0256905164569616 3.07103180885315
3 2 -0.0064131673425436 0.0302371643483639 3.13703465461731
3 3 -0.00325137143954635 0.397511422634125 3.17722654342651
3 4 0.0157855227589607 0.629996836185455 3.18443775177002
3 5 -0.199039697647095 0.338514864444733 3.17484354972839
3 6 -0.415358930826187 0.495494514703751 3.17569899559021
3 7 -0.387685418128967 0.762251377105713 3.15528464317322
3 8 -0.374190151691437 0.877746343612671 3.1706690788269
3 9 0.171527341008186 0.26454085111618 3.16813683509827
3 10 0.240277245640755 -0.0155877433717251 3.14625787734985
3 11 0.237994283437729 -0.238861888647079 3.0314621925354
3 12 0.227456077933311 -0.338059484958649 2.99580311775208
3 13 -0.0877875685691834 -0.103376537561417 3.03969740867615
3 14 -0.0906717777252197 -0.655016422271729 3.03323531150818
3 15 -0.057091198861599 -1.01194882392883 2.98990249633789
3 16 -0.0894236266613007 -1.0597904920578 2.9443039894104
3 17 0.0782032981514931 -0.111576363444328 3.05519771575928
3 18 0.0768471956253052 -0.656805098056793 3.00608325004578
3 19 0.0482112541794777 -1.00431084632874 2.98684811592102
3 20 0.0690432488918304 -1.0597140789032 2.91632390022278
4 1 -0.00472604250535369 -0.0268296394497156 3.06997060775757
4 2 -0.00685857236385345 0.0295821353793144 3.13606476783752
4 3 -0.00464862352237105 0.39706763625145 3.17652130126953
4 4 0.0135423392057419 0.63086324930191 3.18291711807251
4 5 -0.199062019586563 0.337884604930878 3.17185735702515
4 6 -0.420469105243683 0.500711143016815 3.17473530769348
4 7 -0.390465021133423 0.763882458209991 3.15193796157837
4 8 -0.373896181583405 0.867914080619812 3.1582248210907
4 9 0.16997829079628 0.266789793968201 3.1667914390564
4 10 0.239003732800484 -0.0229391753673553 3.14218187332153
4 11 0.237170740962029 -0.241779774427414 3.02952480316162
4 12 0.228439956903458 -0.33509635925293 2.99819803237915
4 13 -0.0875578820705414 -0.103756211698055 3.03802633285522
4 14 -0.091583289206028 -0.655023097991943 3.03295612335205
4 15 -0.056172639131546 -1.01383936405182 2.98875713348389
4 16 -0.0877435505390167 -1.06378924846649 2.93997430801392
4 17 0.0779718607664108 -0.112038135528564 3.05486583709717
4 18 0.0768040865659714 -0.655733406543732 3.00550985336304
4 19 0.0492503792047501 -1.00345742702484 2.98987770080566
4 20 0.0720037445425987 -1.06072163581848 2.9176938533783
5 1 -0.0059002423658967 -0.0266143288463354 3.06958150863647
5 2 -0.00845074467360973 0.0295226015150547 3.13561677932739
5 3 -0.00739733641967177 0.397644728422165 3.1766505241394
5 4 0.0142026823014021 0.632061123847961 3.18255376815796
5 5 -0.199934348464012 0.338184297084808 3.17075443267822
5 6 -0.42217680811882 0.501344919204712 3.17435073852539
5 7 -0.394970953464508 0.758321762084961 3.15162324905396
5 8 -0.37525537610054 0.868662118911743 3.15912055969238
5 9 0.170083597302437 0.265445411205292 3.16824746131897
5 10 0.240679606795311 -0.0194982569664717 3.14472699165344
5 11 0.236107558012009 -0.240972861647606 3.02998208999634
5 12 0.228982359170914 -0.3362075984478 2.99829721450806
5 13 -0.0887046530842781 -0.104257293045521 3.03720092773438
5 14 -0.0911326259374619 -0.655268907546997 3.03330039978027
5 15 -0.0577519647777081 -1.01366519927979 2.98948764801025
5 16 -0.094124048948288 -1.06166851520538 2.94727492332459
5 17 0.076966404914856 -0.112495973706245 3.05490589141846
5 18 0.0756638869643211 -0.65510755777359 3.00646209716797
5 19 0.0442947186529636 -1.00418031215668 2.98928833007813
5 20 0.0725040286779404 -1.05628347396851 2.92261505126953
6 1 -0.00672684237360954 -0.0273775532841682 3.06928467750549
6 2 -0.00891512352973223 0.0288560092449188 3.13543605804443
6 3 -0.00802075024694204 0.397792220115662 3.17726945877075
6 4 0.0101235518231988 0.632911622524261 3.18032503128052
6 5 -0.201387092471123 0.338232487440109 3.17120909690857
6 6 -0.424198389053345 0.502492904663086 3.1753625869751
6 7 -0.39934778213501 0.754528701305389 3.15153861045837
6 8 -0.379836589097977 0.859721601009369 3.15800309181213
6 9 0.166126698255539 0.263417840003967 3.16505575180054
6 10 0.239417016506195 -0.0268110446631908 3.14244842529297
6 11 0.236617341637611 -0.245798215270042 3.02929711341858
6 12 0.229060024023056 -0.332723170518875 2.99748849868774
6 13 -0.0897799879312515 -0.104612328112125 3.03639841079712
6 14 -0.091627448797226 -0.655358970165253 3.03305912017822
6 15 -0.0617825388908386 -1.00681138038635 2.99399662017822
6 16 -0.090161144733429 -1.06015980243683 2.95223712921143
6 17 0.0762711018323898 -0.113500006496906 3.055260181427
6 18 0.0773769691586494 -0.656782031059265 3.0049524307251
6 19 0.04958476126194 -1.00430524349213 2.98768019676209
6 20 0.0745322853326797 -1.05871260166168 2.91406559944153
7 1 -0.0074415011331439 -0.027014747262001 3.06999254226685
7 2 -0.00992707535624504 0.0291010402143002 3.13606786727905
7 3 -0.00935615133494139 0.398563385009766 3.17865467071533
7 4 0.0109330667182803 0.634917259216309 3.18671774864197
7 5 -0.202501505613327 0.338237583637238 3.17106485366821
7 6 -0.424769878387451 0.501295149326324 3.17572069168091
7 7 -0.399984180927277 0.756880462169647 3.15109038352966
7 8 -0.379696667194366 0.864593684673309 3.15978717803955
7 9 0.166016429662704 0.266289561986923 3.16697788238525
7 10 0.241367444396019 -0.0142520358785987 3.14783668518066
7 11 0.237084358930588 -0.238210439682007 3.03395199775696
7 12 0.229712128639221 -0.33112421631813 2.9972071647644
7 13 -0.0904787853360176 -0.104396730661392 3.03767204284668
7 14 -0.0918047800660133 -0.656731486320496 3.03324031829834
7 15 -0.0598584674298763 -1.01243948936462 2.98943543434143
7 16 -0.0931931883096695 -1.06173646450043 2.93343901634216
7 17 0.0757987648248672 -0.112893842160702 3.055335521698
7 18 0.0763940140604973 -0.65888249874115 3.00740933418274
7 19 0.050713337957859 -1.00217640399933 2.99003219604492
7 20 0.0707261115312576 -1.05860269069672 2.91808414459229
8 1 -0.00734721077606082 -0.0272529870271683 3.07055830955505
8 2 -0.0101100485771894 0.0290957912802696 3.13661885261536
8 3 -0.00989880040287972 0.399240612983704 3.17944073677063
8 4 0.0101724900305271 0.636469542980194 3.18942642211914
8 5 -0.203668043017387 0.33861580491066 3.17131328582764
8 6 -0.4273422062397 0.499561220407486 3.17471361160278
8 7 -0.406392931938171 0.747204124927521 3.14812064170837
8 8 -0.384964823722839 0.854679524898529 3.16392803192139
8 9 0.165534526109695 0.268129467964172 3.16854357719421
8 10 0.240336894989014 -0.00927381962537766 3.15026903152466
8 11 0.235993221402168 -0.239636361598969 3.03210163116455
8 12 0.228228196501732 -0.332532614469528 2.99805617332459
8 13 -0.0902880132198334 -0.104662701487541 3.03775024414063
8 14 -0.0915257483720779 -0.656821846961975 3.03396534919739
8 15 -0.0602521561086178 -1.01328206062317 2.98902225494385
8 16 -0.0867649912834167 -1.06288731098175 2.94152641296387
8 17 0.0763834416866302 -0.112846367061138 3.05655264854431
8 18 0.0757795870304108 -0.651650547981262 3.00730681419373
8 19 0.0502791926264763 -0.996943056583405 2.99462056159973
8 20 0.0622645616531372 -1.0475857257843 2.93375110626221
9 1 -0.00745532289147377 -0.0277760233730078 3.07060790061951
9 2 -0.00976621638983488 0.028582725673914 3.13669586181641
9 3 -0.0116487611085176 0.398831188678741 3.18027424812317
9 4 0.00909538567066193 0.636364340782166 3.18972206115723
9 5 -0.204605951905251 0.338256984949112 3.17131090164185
9 6 -0.428867340087891 0.496814638376236 3.17277956008911
9 7 -0.405046701431274 0.756441414356232 3.14716005325317
9 8 -0.389424264431 0.870444536209106 3.16230869293213
9 9 0.161666318774223 0.267436116933823 3.16397571563721
9 10 0.239246919751167 -0.0219034943729639 3.14565443992615
9 11 0.23615837097168 -0.240174636244774 3.03010082244873
9 12 0.228160306811333 -0.331408113241196 2.99886918067932
9 13 -0.0899882838129997 -0.105086892843246 3.03783988952637
9 14 -0.0916965082287788 -0.655978798866272 3.03453159332275
9 15 -0.0597536675632 -1.01112198829651 2.99066996574402
9 16 -0.0901734530925751 -1.06144237518311 2.94066381454468
9 17 0.0765143558382988 -0.112726613879204 3.0559241771698
9 18 0.0773854777216911 -0.652577877044678 3.00794577598572
9 19 0.0468594580888748 -1.0031304359436 2.99081611633301
9 20 0.0703313052654266 -1.0617561340332 2.91473436355591
10 1 -0.00793640594929457 -0.02778210490942 3.06991386413574
10 2 -0.0102133024483919 0.0285913031548262 3.13612341880798
10 3 -0.0116995899006724 0.398847818374634 3.17959976196289
10 4 0.00959059689193964 0.636640071868896 3.18742537498474
10 5 -0.204970493912697 0.338244706392288 3.17040300369263
10 6 -0.429247885942459 0.496097028255463 3.17101049423218
10 7 -0.407852470874786 0.754581689834595 3.14474511146545
10 8 -0.385110199451447 0.869966089725494 3.16195034980774
10 9 0.163668885827065 0.26812732219696 3.16351342201233
10 10 0.24065175652504 -0.00810530409216881 3.14814686775208
10 11 0.236921206116676 -0.236736938357353 3.03119397163391
10 12 0.22941592335701 -0.330260872840881 2.99757933616638
10 13 -0.0905602425336838 -0.105236433446407 3.03701543807983
10 14 -0.0907762050628662 -0.655992567539215 3.03455424308777
10 15 -0.0619633384048939 -1.01099395751953 2.99131202697754
10 16 -0.0908997058868408 -1.05969822406769 2.94441819190979
10 17 0.076318047940731 -0.112963937222958 3.05534839630127
10 18 0.0791759714484215 -0.655299246311188 3.00707745552063
10 19 0.0513425767421722 -1.00078558921814 2.99278450012207
10 20 0.0681494623422623 -1.05787658691406 2.91504788398743
11 1 -0.00713677238672972 -0.0266211852431297 3.06939625740051
11 2 -0.0102421520277858 0.029917923733592 3.13545179367065
11 3 -0.0108753563836217 0.400412857532501 3.17712068557739
11 4 0.0104817328974605 0.638173937797546 3.18177604675293
11 5 -0.204827889800072 0.337810456752777 3.16918563842773
11 6 -0.42909973859787 0.49746710062027 3.16979598999023
11 7 -0.40575122833252 0.761165261268616 3.14118504524231
11 8 -0.387807667255402 0.87504780292511 3.15638422966003
11 9 0.169111505150795 0.266939342021942 3.16771364212036
11 10 0.24006275832653 -0.013177958317101 3.14257264137268
11 11 0.237249553203583 -0.236619174480438 3.02916574478149
11 12 0.230956435203552 -0.333260655403137 2.99277329444885
11 13 -0.089889369904995 -0.104632332921028 3.03608059883118
11 14 -0.0897355452179909 -0.655751526355743 3.03452229499817
11 15 -0.0595187544822693 -1.01209628582001 2.99060940742493
11 16 -0.0852484107017517 -1.06161487102509 2.93699312210083
11 17 0.0774912089109421 -0.112712390720844 3.05534815788269
11 18 0.0783159509301186 -0.657174944877625 3.00610280036926
11 19 0.0512135401368141 -1.00553417205811 2.98650527000427
11 20 0.0660474374890327 -1.06118619441986 2.91543817520142
12 1 -0.00596281979233027 -0.0263502337038517 3.06827211380005
12 2 -0.00929318740963936 0.0304783917963505 3.13422298431396
12 3 -0.00951275508850813 0.401844769716263 3.17510318756104
12 4 0.00921933073550463 0.640434503555298 3.1806378364563
12 5 -0.203528448939323 0.337121963500977 3.16643691062927
12 6 -0.428569138050079 0.498079627752304 3.16869974136353
12 7 -0.405030250549316 0.761362135410309 3.1388304233551
12 8 -0.38913282752037 0.876944899559021 3.15732336044312
12 9 0.17109726369381 0.268896222114563 3.16726756095886
12 10 0.242120131850243 -0.0054858261719346 3.14577627182007
12 11 0.237208247184753 -0.236686035990715 3.02922797203064
12 12 0.230799853801727 -0.332608580589294 2.99374198913574
12 13 -0.0890605747699738 -0.10471173375845 3.03509593009949
12 14 -0.0903118923306465 -0.654786765575409 3.03375911712646
12 15 -0.0584888979792595 -1.01144826412201 2.99077844619751
12 16 -0.0895400494337082 -1.06229484081268 2.93495631217957
12 17 0.0791037082672119 -0.112369567155838 3.05445146560669
12 18 0.0776464939117432 -0.658907651901245 3.00715208053589
12 19 0.0483103282749653 -1.00420236587524 2.9866087436676
12 20 0.0707215219736099 -1.06137788295746 2.90930461883545
13 1 -0.00654737232252955 -0.0263306070119143 3.06660628318787
13 2 -0.00927606131881475 0.0303253568708897 3.13279128074646
13 3 -0.00961918104439974 0.401601493358612 3.17463684082031
13 4 0.00947710033506155 0.639952301979065 3.17643356323242
13 5 -0.203424423933029 0.337065607309341 3.16545462608337
13 6 -0.428999274969101 0.498987346887589 3.16770529747009
13 7 -0.405142486095428 0.758745670318604 3.13970565795898
13 8 -0.389780044555664 0.863916277885437 3.15588331222534
13 9 0.169161707162857 0.267172664403915 3.16205382347107
13 10 0.2405935972929 -0.00774428527802229 3.14343237876892
13 11 0.236833229660988 -0.235464751720428 3.02825665473938
13 12 0.230920493602753 -0.329904139041901 2.99276351928711
13 13 -0.089902475476265 -0.104309387505054 3.03333902359009
13 14 -0.0904717519879341 -0.655285120010376 3.03409624099731
13 15 -0.0609689466655254 -1.01297354698181 2.9892373085022
13 16 -0.0873561501502991 -1.060662150383 2.94007706642151
13 17 0.0781330838799477 -0.112335480749607 3.0522940158844
13 18 0.0774684920907021 -0.655011296272278 3.00688600540161
13 19 0.0486111864447594 -1.00406193733215 2.98866724967957
13 20 0.0718614980578423 -1.05447661876678 2.91792321205139
14 1 -0.0058508450165391 -0.0246174242347479 3.06630158424377
14 2 -0.00900677032768726 0.0319009572267532 3.13231086730957
14 3 -0.00921879336237907 0.401931792497635 3.17271447181702
14 4 0.0103119667619467 0.640505909919739 3.17365884780884
14 5 -0.203336626291275 0.336702674627304 3.16485047340393
14 6 -0.428407818078995 0.499412178993225 3.1679151058197
14 7 -0.40591436624527 0.761241912841797 3.13895201683044
14 8 -0.391141504049301 0.873260319232941 3.15583205223084
14 9 0.172474354505539 0.266305208206177 3.16378784179688
14 10 0.239716544747353 -0.00451714871451259 3.1431610584259
14 11 0.236723199486732 -0.23468504846096 3.02765512466431
14 12 0.229118600487709 -0.329251766204834 2.99180388450623
14 13 -0.0895854383707047 -0.103116557002068 3.03292775154114
14 14 -0.0901970937848091 -0.654503166675568 3.03341031074524
14 15 -0.0642196983098984 -1.01315748691559 2.99004697799683
14 16 -0.0934982448816299 -1.0607578754425 2.94111466407776
14 17 0.0791360661387444 -0.111925274133682 3.0520966053009
14 18 0.0763572007417679 -0.650458097457886 3.00439524650574
14 19 0.049516823142767 -0.99668425321579 2.98774981498718
14 20 0.0696357488632202 -1.05014073848724 2.92590427398682
15 1 -0.00732289627194405 -0.026150394231081 3.06540369987488
15 2 -0.00942006055265665 0.0306432880461216 3.13159108161926
15 3 -0.0104766553267837 0.40184873342514 3.17313957214355
15 4 0.0093451039865613 0.640917718410492 3.17496943473816
15 5 -0.204231709241867 0.337304264307022 3.16471838951111
15 6 -0.428923100233078 0.498603940010071 3.16738200187683
15 7 -0.406625539064407 0.762353122234344 3.13877201080322
15 8 -0.391692161560059 0.874610304832459 3.15307855606079
15 9 0.164963454008102 0.265610843896866 3.15624976158142
15 10 0.240471825003624 -0.00631433492526412 3.14461159706116
15 11 0.235754430294037 -0.235230818390846 3.02698683738709
15 12 0.228533446788788 -0.329120248556137 2.99095296859741
15 13 -0.0905266925692558 -0.104217059910297 3.03263831138611
15 14 -0.0915312469005585 -0.654664516448975 3.03253960609436
15 15 -0.060674861073494 -1.01456785202026 2.98827409744263
15 16 -0.0946881920099258 -1.06289851665497 2.94386696815491
15 17 0.0770609080791473 -0.112574122846127 3.05090975761414
15 18 0.0738166347146034 -0.650171101093292 3.00487518310547
15 19 0.0485222414135933 -0.994567036628723 2.98995494842529
15 20 0.0644086748361588 -1.05305862426758 2.92540812492371
16 1 -0.00817890837788582 -0.025569025427103 3.06518626213074
16 2 -0.0104641783982515 0.0312159284949303 3.13125681877136
16 3 -0.0108319167047739 0.401831090450287 3.17181587219238
16 4 0.00766219012439251 0.642075598239899 3.17809629440308
16 5 -0.206333354115486 0.338141351938248 3.16549468040466
16 6 -0.430719256401062 0.497302293777466 3.16858386993408
16 7 -0.408396929502487 0.76165783405304 3.13791942596436
16 8 -0.390923202037811 0.873505353927612 3.14617872238159
16 9 0.163956865668297 0.270111441612244 3.1602463722229
16 10 0.241097763180733 -0.00477168662473559 3.14543461799622
16 11 0.2345000654459 -0.235996812582016 3.02613878250122
16 12 0.227015420794487 -0.330531030893326 2.99368524551392
16 13 -0.0916636884212494 -0.103804871439934 3.03275156021118
16 14 -0.0917029306292534 -0.654790818691254 3.03260540962219
16 15 -0.0657906010746956 -1.0102950334549 2.99216270446777
16 16 -0.091269426047802 -1.06132435798645 2.94582438468933
16 17 0.0759441703557968 -0.111713960766792 3.05048251152039
16 18 0.0725698471069336 -0.649253368377686 3.00432157516479
16 19 0.0491426922380924 -0.994844555854797 2.9898407459259
16 20 0.0547708868980408 -1.05042779445648 2.9217574596405
17 1 -0.0102232899516821 -0.0266063194721937 3.06558632850647
17 2 -0.0123395221307874 0.0302828438580036 3.131596326828
17 3 -0.0145040992647409 0.401182860136032 3.1726291179657
17 4 0.0077594630420208 0.641248226165771 3.17800641059875
17 5 -0.207353010773659 0.338453352451324 3.1661205291748
17 6 -0.43181785941124 0.497233331203461 3.16886806488037
17 7 -0.410154610872269 0.76113361120224 3.13840961456299
17 8 -0.395508110523224 0.865052878856659 3.14666676521301
17 9 0.161676317453384 0.268437474966049 3.1584300994873
17 10 0.239803597331047 -0.0143611170351505 3.14331459999084
17 11 0.234311461448669 -0.23762458562851 3.02754330635071
17 12 0.22705414891243 -0.332851827144623 2.99869990348816
17 13 -0.0931585356593132 -0.104792535305023 3.0339093208313
17 14 -0.0912488549947739 -0.657580733299255 3.03204703330994
17 15 -0.0617354959249496 -1.01247835159302 2.98984384536743
17 16 -0.0779652446508408 -1.06171798706055 2.93065667152405
17 17 0.0734152644872665 -0.112164005637169 3.05038571357727
17 18 0.0740691423416138 -0.660679221153259 3.00503659248352
17 19 0.0484667047858238 -1.00316905975342 2.98543095588684
17 20 0.0694903656840324 -1.06024241447449 2.91170716285706
18 1 -0.0105718038976192 -0.0265052430331707 3.06622266769409
18 2 -0.0126550616696477 0.0303058139979839 3.13210487365723
18 3 -0.0148373898118734 0.400203973054886 3.1723849773407
18 4 0.00394777394831181 0.64048171043396 3.17547059059143
18 5 -0.208442881703377 0.338820189237595 3.16720390319824
18 6 -0.432669341564178 0.496674984693527 3.16918683052063
18 7 -0.411527544260025 0.763059914112091 3.1395411491394
18 8 -0.396100997924805 0.866605341434479 3.15351438522339
18 9 0.16181255877018 0.269405424594879 3.15963649749756
18 10 0.238217040896416 -0.00831785798072815 3.14545059204102
18 11 0.234413981437683 -0.236476957798004 3.02865719795227
18 12 0.225286737084389 -0.329483509063721 2.99784064292908
18 13 -0.0934709832072258 -0.104882672429085 3.03457379341125
18 14 -0.0927790105342865 -0.656290769577026 3.03213477134705
18 15 -0.0601586699485779 -1.01262927055359 2.98874926567078
18 16 -0.0895992442965508 -1.05964374542236 2.93874287605286
18 17 0.0732532516121864 -0.111954793334007 3.05188751220703
18 18 0.0731251686811447 -0.65342128276825 3.00410985946655
18 19 0.0478124096989632 -0.996402859687805 2.98972606658936
18 20 0.0659109055995941 -1.05303728580475 2.92471814155579
19 1 -0.0107228551059961 -0.0268155746161938 3.06685829162598
19 2 -0.0126625709235668 0.0299416240304708 3.13272476196289
19 3 -0.0151055082678795 0.399968534708023 3.17340064048767
19 4 0.00427586585283279 0.640354871749878 3.17607736587524
19 5 -0.208985328674316 0.339039593935013 3.16828274726868
19 6 -0.433281451463699 0.495757550001144 3.16897630691528
19 7 -0.412725657224655 0.759993314743042 3.14150166511536
19 8 -0.399304896593094 0.863922595977783 3.15135598182678
19 9 0.160638198256493 0.268979668617249 3.15868091583252
19 10 0.237480819225311 -0.0115472413599491 3.14298844337463
19 11 0.234201103448868 -0.237680360674858 3.02916359901428
19 12 0.223785176873207 -0.330689489841461 2.9969048500061
19 13 -0.0933097675442696 -0.105117596685886 3.03536748886108
19 14 -0.0929276794195175 -0.656031787395477 3.03244662284851
19 15 -0.0614878833293915 -1.01258265972137 2.98741102218628
19 16 -0.0934511125087738 -1.06280195713043 2.94127154350281
19 17 0.0730618312954903 -0.112042799592018 3.05204558372498
19 18 0.072587639093399 -0.656784236431122 3.00332188606262
19 19 0.0478906892240047 -1.00191426277161 2.98647928237915
19 20 0.0632022768259048 -1.05889868736267 2.91908645629883
20 1 -0.0107707949355245 -0.02706029266119 3.06684327125549
20 2 -0.0128288464620709 0.0298091694712639 3.13271164894104
20 3 -0.015299485065043 0.400101691484451 3.17326593399048
20 4 0.00369711127132177 0.640952825546265 3.17714381217957
20 5 -0.208999767899513 0.339056134223938 3.16800689697266
20 6 -0.434081673622131 0.496709018945694 3.16980290412903
20 7 -0.413913607597351 0.759747564792633 3.14112782478333
20 8 -0.397269934415817 0.865885615348816 3.1522958278656
20 9 0.160788536071777 0.268194794654846 3.15850758552551
20 10 0.238640248775482 -0.0165993124246597 3.14230442047119
20 11 0.234409302473068 -0.238851383328438 3.03007245063782
20 12 0.2233577221632 -0.331465095281601 2.99737048149109
20 13 -0.0933289751410484 -0.10527092218399 3.0352623462677
20 14 -0.0929344072937965 -0.658127009868622 3.03202867507935
20 15 -0.0650640279054642 -1.01006639003754 2.9905686378479
20 16 -0.0783335044980049 -1.05979251861572 2.92850041389465
20 17 0.0732478722929955 -0.11227909475565 3.05211400985718
20 18 0.0741311982274055 -0.658164441585541 3.00319290161133
20 19 0.0481308214366436 -1.00030732154846 2.98869585990906
20 20 0.0691512823104858 -1.05751991271973 2.91006255149841
