1 1 -0.0350112840533257 -0.0616579540073872 3.11707067489624
1 2 -0.0319419577717781 -0.003248680382967 3.18023300170898
1 3 -0.0326404199004173 0.364962369203568 3.20919704437256
1 4 -0.0362543612718582 0.560470640659332 3.22563576698303
1 5 -0.22665499150753 0.279744863510132 3.21481537818909
1 6 -0.427419245243073 0.438031256198883 3.18075680732727
1 7 -0.492882549762726 0.711547136306763 3.14267587661743
1 8 -0.512284159660339 0.788544058799744 3.14710593223572
1 9 0.122550137341022 0.234864771366119 3.18517184257507
1 10 0.184150978922844 -0.0305621903389692 3.14781284332275
1 11 0.205822691321373 -0.223164275288582 3.02047181129456
1 12 0.196273118257523 -0.30755603313446 2.95441389083862
1 13 -0.11369563639164 -0.13718219101429 3.09840035438538
1 14 -0.147390708327293 -0.585851728916168 3.02987790107727
1 15 -0.152677431702614 -0.955551207065582 3.04613327980042
1 16 -0.154470190405846 -1.05370497703552 2.95967769622803
1 17 0.0428248830139637 -0.139707431197166 3.09675741195679
1 18 0.101390428841114 -0.573308765888214 3.00082850456238
1 19 0.0990430638194084 -0.946983337402344 3.00979375839233
1 20 0.107596054673195 -1.04372274875641 2.94018006324768
2 1 -0.0343986377120018 -0.0601818338036537 3.11610794067383
2 2 -0.0313534438610077 -0.00196062494069338 3.17876410484314
2 3 -0.032617025077343 0.363177508115768 3.20451641082764
2 4 -0.0348662436008453 0.560960650444031 3.2223949432373
2 5 -0.226060599088669 0.281268417835236 3.21299839019775
2 6 -0.427805602550507 0.436213135719299 3.1801974773407
2 7 -0.493114531040192 0.701130568981171 3.13957333564758
2 8 -0.507657110691071 0.777947962284088 3.13717126846313
2 9 0.124346718192101 0.236483350396156 3.18253946304321
2 10 0.183587893843651 -0.0293306075036526 3.14771008491516
2 11 0.207307800650597 -0.22272777557373 3.02227330207825
2 12 0.196153223514557 -0.308984488248825 2.96198773384094
2 13 -0.11322346329689 -0.135788097977638 3.09792709350586
2 14 -0.147647589445114 -0.58651340007782 3.02973198890686
2 15 -0.153125151991844 -0.956209659576416 3.04382610321045
2 16 -0.155199155211449 -1.05552887916565 2.96349906921387
2 17 0.0440383814275265 -0.138166770339012 3.09582853317261
2 18 0.101528413593769 -0.574892997741699 3.00040912628174
2 19 0.0977580919861794 -0.944294273853302 3.01137447357178
2 20 0.112869381904602 -1.04530727863312 2.92828822135925
3 1 -0.03481350466609 -0.0591659285128117 3.11519002914429
3 2 -0.0316481739282608 -0.000758639536798 3.17744636535645
3 3 -0.031918928027153 0.363564044237137 3.20150232315063
3 4 -0.0332892648875713 0.560388565063477 3.21885442733765
3 5 -0.226253971457481 0.282293319702148 3.21151256561279
3 6 -0.427403926849365 0.437886744737625 3.17439317703247
3 7 -0.493514835834503 0.688486814498901 3.12609100341797
3 8 -0.505607604980469 0.765856623649597 3.12764859199524
3 9 0.124793127179146 0.23654967546463 3.18114233016968
3 10 0.180051356554031 -0.0256521292030811 3.14921236038208
3 11 0.204758256673813 -0.222919046878815 3.02469277381897
3 12 0.194828659296036 -0.314120590686798 2.97186136245728
3 13 -0.114161103963852 -0.135115802288055 3.09715270996094
3 14 -0.148087948560715 -0.586102545261383 3.02967929840088
3 15 -0.153397291898727 -0.95622980594635 3.0448694229126
3 16 -0.154417976737022 -1.05321824550629 2.96644616127014
3 17 0.0431692153215408 -0.138335525989532 3.09512972831726
3 18 0.10160031914711 -0.57663756608963 3.00073862075806
3 19 0.0981865152716637 -0.944079279899597 3.01416802406311
3 20 0.109093613922596 -1.0448784828186 2.94050407409668
4 1 -0.0353264808654785 -0.0587109997868538 3.11471796035767
4 2 -0.0322430022060871 -0.000525955110788345 3.17693638801575
4 3 -0.0321640372276306 0.363186925649643 3.20182752609253
4 4 -0.030589397996664 0.560863614082336 3.21910357475281
4 5 -0.226772546768188 0.283057808876038 3.21084356307983
4 6 -0.428618669509888 0.43810448050499 3.17050528526306
4 7 -0.495178431272507 0.695876836776733 3.12030744552612
4 8 -0.506242156028748 0.773603916168213 3.12218308448792
4 9 0.125821799039841 0.23544006049633 3.18116736412048
4 10 0.180315732955933 -0.0372337177395821 3.14594388008118
4 11 0.201325222849846 -0.231645703315735 3.02199506759644
4 12 0.197925508022308 -0.320707440376282 2.96408748626709
4 13 -0.115048475563526 -0.134515762329102 3.0962815284729
4 14 -0.148890778422356 -0.585429549217224 3.02934122085571
4 15 -0.153681516647339 -0.95151960849762 3.04735922813416
4 16 -0.153633013367653 -1.05275022983551 2.96560883522034
4 17 0.0430856384336948 -0.138101935386658 3.09523129463196
4 18 0.101795606315136 -0.576537907123566 3.00035643577576
4 19 0.0968064740300179 -0.944409072399139 3.01182270050049
4 20 0.107548326253891 -1.04328632354736 2.93775749206543
5 1 -0.0357970260083675 -0.0579620972275734 3.11424040794373
5 2 -0.0325962416827679 0.000260726548731327 3.17618846893311
5 3 -0.0321567058563232 0.363229393959045 3.19939494132996
5 4 -0.0294774379581213 0.56097686290741 3.21738815307617
5 5 -0.22717073559761 0.283239960670471 3.21027207374573
5 6 -0.430137783288956 0.434678971767426 3.16808533668518
5 7 -0.493599712848663 0.69743674993515 3.11184358596802
5 8 -0.504464507102966 0.775260806083679 3.10598158836365
5 9 0.127060905098915 0.234952956438065 3.17993545532227
5 10 0.178930073976517 -0.0320034213364124 3.14507484436035
5 11 0.199639588594437 -0.230783298611641 3.02890110015869
5 12 0.196597337722778 -0.317568272352219 2.96705985069275
5 13 -0.115786477923393 -0.134076178073883 3.09563207626343
5 14 -0.150477588176727 -0.58401620388031 3.0298707485199
5 15 -0.154636055231094 -0.953224658966064 3.04409074783325
5 16 -0.162086144089699 -1.06316530704498 2.94783329963684
5 17 0.0427103638648987 -0.138069361448288 3.09518432617188
5 18 0.102756045758724 -0.579376876354218 3.00132203102112
5 19 0.0969861149787903 -0.948884665966034 3.01005148887634
5 20 0.107473857700825 -1.0466490983963 2.93707966804504
6 1 -0.036063227802515 -0.0576808713376522 3.11359143257141
6 2 -0.0330495834350586 0.000748394057154655 3.17532181739807
6 3 -0.031794011592865 0.363532960414886 3.19727849960327
6 4 -0.0290571954101324 0.561095535755157 3.21662044525146
6 5 -0.227267324924469 0.283561080694199 3.21004247665405
6 6 -0.429480582475662 0.43884602189064 3.16823410987854
6 7 -0.487055629491806 0.653029441833496 3.11993837356567
6 8 -0.501493871212006 0.757682859897614 3.10546207427979
6 9 0.127649828791618 0.235098943114281 3.18160581588745
6 10 0.180038198828697 -0.0345767512917519 3.14753723144531
6 11 0.198288470506668 -0.230419754981995 3.02549600601196
6 12 0.193781971931458 -0.317874670028687 2.96465444564819
6 13 -0.11614540964365 -0.133942008018494 3.09495854377747
6 14 -0.15138940513134 -0.585338294506073 3.03043222427368
6 15 -0.155029609799385 -0.952434778213501 3.04445862770081
6 16 -0.155474096536636 -1.05438339710236 2.96076130867004
6 17 0.0424439460039139 -0.137967631220818 3.09483623504639
6 18 0.101427525281906 -0.576900660991669 3.00063991546631
6 19 0.0981698632240295 -0.946537375450134 3.01450800895691
6 20 0.105827465653419 -1.04570591449738 2.93840932846069
7 1 -0.0361825712025166 -0.0574602782726288 3.1132173538208
7 2 -0.0331410616636276 0.000897170975804329 3.1748788356781
7 3 -0.031733825802803 0.363428294658661 3.19717407226563
7 4 -0.0274147354066372 0.559534192085266 3.21673488616943
7 5 -0.226998388767242 0.283791869878769 3.21005463600159
7 6 -0.430148869752884 0.44112840294838 3.16840863227844
7 7 -0.492750108242035 0.695903241634369 3.11318588256836
7 8 -0.504326581954956 0.773652136325836 3.10448789596558
7 9 0.128557994961739 0.235116869211197 3.18149280548096
7 10 0.179662421345711 -0.0286637786775827 3.14793062210083
7 11 0.196337029337883 -0.225542411208153 3.02782940864563
7 12 0.194730073213577 -0.311289310455322 2.96384859085083
7 13 -0.116455920040607 -0.133713692426682 3.09431576728821
7 14 -0.151625260710716 -0.585013031959534 3.02985906600952
7 15 -0.154774621129036 -0.95013564825058 3.04450058937073
7 16 -0.153798520565033 -1.05310821533203 2.96110391616821
7 17 0.0425113439559937 -0.137990579009056 3.09483194351196
7 18 0.101419813930988 -0.575860738754272 3.00056767463684
7 19 0.097259059548378 -0.949250280857086 3.01189827919006
7 20 0.105352364480495 -1.04544961452484 2.94214463233948
8 1 -0.035114549100399 -0.0572729967534542 3.11314344406128
8 2 -0.0323114134371281 0.000896871089935303 3.17471170425415
8 3 -0.0301754474639893 0.362331569194794 3.19707679748535
8 4 -0.0255918707698584 0.557107329368591 3.21825909614563
8 5 -0.22605936229229 0.284252613782883 3.20934128761292
8 6 -0.427637487649918 0.438280284404755 3.16133880615234
8 7 -0.492305040359497 0.696932256221771 3.10160970687866
8 8 -0.502282023429871 0.77397745847702 3.08823823928833
8 9 0.129131674766541 0.235194325447083 3.182861328125
8 10 0.178189754486084 -0.0240160226821899 3.15413928031921
8 11 0.198791220784187 -0.219976723194122 3.03327941894531
8 12 0.194923833012581 -0.308857411146164 2.97445559501648
8 13 -0.115389764308929 -0.133400082588196 3.09345078468323
8 14 -0.152214676141739 -0.584215998649597 3.02841019630432
8 15 -0.155209943652153 -0.952941715717316 3.04199743270874
8 16 -0.154805153608322 -1.05556106567383 2.96274209022522
8 17 0.0438967980444431 -0.138110399246216 3.09577035903931
8 18 0.101440228521824 -0.576625764369965 3.00176525115967
8 19 0.097366601228714 -0.955842435359955 3.01690459251404
8 20 0.106178618967533 -1.04753291606903 2.94505858421326
9 1 -0.0340465009212494 -0.057675763964653 3.11283278465271
9 2 -0.0315995290875435 0.000512517057359219 3.17439889907837
9 3 -0.0293799936771393 0.362060219049454 3.19699740409851
9 4 -0.0226183142513037 0.558705151081085 3.2181293964386
9 5 -0.225279405713081 0.284640967845917 3.20830798149109
9 6 -0.425368160009384 0.437989801168442 3.16129946708679
9 7 -0.496101349592209 0.702908873558044 3.09068012237549
9 8 -0.500929057598114 0.781464755535126 3.08790254592896
9 9 0.128520742058754 0.235995694994926 3.18415999412537
9 10 0.179812118411064 -0.0238847881555557 3.1518337726593
9 11 0.200788557529449 -0.222221538424492 3.03574538230896
9 12 0.19568195939064 -0.307881206274033 2.9725878238678
9 13 -0.114085771143436 -0.133374527096748 3.09244275093079
9 14 -0.152024984359741 -0.582105875015259 3.02763509750366
9 15 -0.154351145029068 -0.953305959701538 3.04181718826294
9 16 -0.155320584774017 -1.05618524551392 2.96137714385986
9 17 0.0447330623865128 -0.13838666677475 3.09622859954834
9 18 0.102050147950649 -0.576970934867859 3.00370311737061
9 19 0.0961142107844353 -0.954680204391479 3.0184268951416
9 20 0.106041237711906 -1.04904437065125 2.94560503959656
10 1 -0.0332111716270447 -0.0574146136641502 3.11252975463867
10 2 -0.0307804234325886 0.000675017945468426 3.17399859428406
10 3 -0.0277879368513823 0.361932933330536 3.19679975509644
10 4 -0.0221440978348255 0.558523058891296 3.21964335441589
10 5 -0.224473804235458 0.284931540489197 3.20674395561218
10 6 -0.424408257007599 0.436571508646011 3.16142010688782
10 7 -0.490450829267502 0.692398130893707 3.09492206573486
10 8 -0.50182318687439 0.770288467407227 3.09179973602295
10 9 0.130424350500107 0.237870290875435 3.18340611457825
10 10 0.180523544549942 -0.0357012189924717 3.15003967285156
10 11 0.201256990432739 -0.232572451233864 3.03138327598572
10 12 0.196542501449585 -0.31873220205307 2.96866035461426
10 13 -0.11337523162365 -0.133252754807472 3.09168291091919
10 14 -0.151398584246635 -0.582901656627655 3.02695369720459
10 15 -0.154636383056641 -0.95404314994812 3.04301738739014
10 16 -0.154677405953407 -1.05387496948242 2.95801949501038
10 17 0.0458432994782925 -0.138306558132172 3.09624028205872
10 18 0.102105252444744 -0.578390300273895 3.00322508811951
10 19 0.0978424400091171 -0.952451109886169 3.01822996139526
10 20 0.102662861347198 -1.05355799198151 2.95095181465149
11 1 -0.0324979014694691 -0.056988213211298 3.11170101165771
11 2 -0.0299391727894545 0.00106913782656193 3.17319297790527
11 3 -0.0254418831318617 0.362870067358017 3.19698405265808
11 4 -0.0217691715806723 0.557714700698853 3.21934461593628
11 5 -0.22418224811554 0.285217583179474 3.20578241348267
11 6 -0.424643814563751 0.436425477266312 3.16039347648621
11 7 -0.483926355838776 0.646926760673523 3.09820818901062
11 8 -0.500690996646881 0.751930594444275 3.09060311317444
11 9 0.130791902542114 0.237319216132164 3.18326163291931
11 10 0.179857239127159 -0.0313036777079105 3.15189170837402
11 11 0.200626641511917 -0.227754488587379 3.03246998786926
11 12 0.196544319391251 -0.313671767711639 2.96949172019959
11 13 -0.113172791898251 -0.132679253816605 3.0907416343689
11 14 -0.150724112987518 -0.584358811378479 3.02727603912354
11 15 -0.154400065541267 -0.953968048095703 3.04418253898621
11 16 -0.154948741197586 -1.05494558811188 2.9596209526062
11 17 0.0463074669241905 -0.137887060642242 3.0954442024231
11 18 0.101858124136925 -0.577677726745605 3.00264477729797
11 19 0.0980382189154625 -0.95034384727478 3.02117943763733
11 20 0.107075572013855 -1.04970622062683 2.94827389717102
12 1 -0.0323177650570869 -0.0572988614439964 3.1103675365448
12 2 -0.0292638167738914 0.00101300980895758 3.1718430519104
12 3 -0.0244395826011896 0.363073706626892 3.19484353065491
12 4 -0.0221675150096416 0.558286070823669 3.21816825866699
12 5 -0.224267348647118 0.285278737545013 3.20511698722839
12 6 -0.422731786966324 0.433827221393585 3.15994429588318
12 7 -0.486650496721268 0.689443945884705 3.09416079521179
12 8 -0.501971364021301 0.76640522480011 3.08682250976563
12 9 0.129369258880615 0.236246645450592 3.18041491508484
12 10 0.178915783762932 -0.0259245671331882 3.15111756324768
12 11 0.199132949113846 -0.222404345870018 3.03220748901367
12 12 0.196218311786652 -0.309483408927917 2.97073554992676
12 13 -0.113207072019577 -0.132632568478584 3.08942294120789
12 14 -0.152206122875214 -0.585477769374847 3.0272204875946
12 15 -0.154234305024147 -0.95289933681488 3.04266571998596
12 16 -0.157537281513214 -1.05693984031677 2.95853328704834
12 17 0.046220950782299 -0.138261839747429 3.09431552886963
12 18 0.102829232811928 -0.580717504024506 3.00216865539551
12 19 0.0977275222539902 -0.951877474784851 3.01940059661865
12 20 0.105197265744209 -1.05079793930054 2.9486026763916
13 1 -0.03243812546134 -0.0573609694838524 3.10926032066345
13 2 -0.0292588695883751 0.00102040264755487 3.1706748008728
13 3 -0.0227088835090399 0.362573236227036 3.1928985118866
13 4 -0.0244229938834906 0.557217478752136 3.21708011627197
13 5 -0.223695665597916 0.28524774312973 3.2039520740509
13 6 -0.423241019248962 0.434858500957489 3.15983390808105
13 7 -0.485609531402588 0.691889762878418 3.09058809280396
13 8 -0.501610100269318 0.768350720405579 3.08052277565002
13 9 0.129643321037292 0.235557720065117 3.17989540100098
13 10 0.179696306586266 -0.030944287776947 3.14966249465942
13 11 0.198341801762581 -0.225324749946594 3.02707862854004
13 12 0.193769097328186 -0.314340174198151 2.96867704391479
13 13 -0.11332879960537 -0.132534116506577 3.0881564617157
13 14 -0.153391942381859 -0.585692346096039 3.02650618553162
13 15 -0.15454737842083 -0.948686599731445 3.04059672355652
13 16 -0.155485644936562 -1.05752682685852 2.95674252510071
13 17 0.0458466447889805 -0.13839627802372 3.09346342086792
13 18 0.102016642689705 -0.578996539115906 3.0014922618866
13 19 0.0972127541899681 -0.954190194606781 3.01963257789612
13 20 0.105009593069553 -1.05191397666931 2.94841146469116
14 1 -0.0322150960564613 -0.0568881817162037 3.10850381851196
14 2 -0.0290886517614126 0.00110885314643383 3.17001724243164
14 3 -0.0241065826267004 0.362338870763779 3.19436120986938
14 4 -0.0238629598170519 0.556531608104706 3.21558523178101
14 5 -0.224164426326752 0.285489857196808 3.20268034934998
14 6 -0.423866599798203 0.435741066932678 3.1588089466095
14 7 -0.484835118055344 0.692073404788971 3.08947944641113
14 8 -0.501356542110443 0.76856654882431 3.08085942268372
14 9 0.129464998841286 0.233890697360039 3.17751407623291
14 10 0.178404986858368 -0.026166096329689 3.14909148216248
14 11 0.196218311786652 -0.221759840846062 3.02875328063965
14 12 0.193684935569763 -0.311218976974487 2.97098994255066
14 13 -0.113152347505093 -0.132117301225662 3.08655548095703
14 14 -0.153317451477051 -0.583765149116516 3.02568960189819
14 15 -0.154265269637108 -0.951630413532257 3.04039025306702
14 16 -0.155289456248283 -1.05546140670776 2.95796322822571
14 17 0.0461966060101986 -0.138169422745705 3.09318327903748
14 18 0.101550757884979 -0.577849507331848 3.00069785118103
14 19 0.097128339111805 -0.952027857303619 3.02071022987366
14 20 0.105424143373966 -1.05102133750916 2.94885349273682
15 1 -0.0325094349682331 -0.0567581243813038 3.10737609863281
15 2 -0.0294487550854683 0.00144265592098236 3.1687490940094
15 3 -0.0241232514381409 0.363208204507828 3.19193148612976
15 4 -0.0244927871972322 0.556309342384338 3.21151280403137
15 5 -0.224708005785942 0.285798668861389 3.20200681686401
15 6 -0.421872735023499 0.433740645647049 3.15639305114746
15 7 -0.48403388261795 0.693077147006989 3.08693218231201
15 8 -0.500064373016357 0.769881308078766 3.08054375648499
15 9 0.12889002263546 0.233015835285187 3.17723655700684
15 10 0.178497597575188 -0.0309372898191214 3.14884638786316
15 11 0.197100102901459 -0.225447505712509 3.02711892127991
15 12 0.194216847419739 -0.314591586589813 2.96891498565674
15 13 -0.113241329789162 -0.131637290120125 3.08497858047485
15 14 -0.153575345873833 -0.585101246833801 3.02567934989929
15 15 -0.153713256120682 -0.955435574054718 3.04181933403015
15 16 -0.155516162514687 -1.05236029624939 2.95695543289185
15 17 0.0457831472158432 -0.138168662786484 3.09244513511658
15 18 0.102053612470627 -0.5795658826828 3.00080513954163
15 19 0.0972360000014305 -0.95354962348938 3.01992845535278
15 20 0.105211436748505 -1.05102348327637 2.94934844970703
16 1 -0.0323321036994457 -0.0563727132976055 3.10721468925476
16 2 -0.0298308953642845 0.00144870951771736 3.16854619979858
16 3 -0.0245670452713966 0.362819284200668 3.19366145133972
16 4 -0.0242459606379271 0.555625557899475 3.21266222000122
16 5 -0.224330544471741 0.28557613492012 3.20069885253906
16 6 -0.422339141368866 0.433833330869675 3.15705227851868
16 7 -0.484597980976105 0.693863272666931 3.08635902404785
16 8 -0.500489890575409 0.770520985126495 3.07838034629822
16 9 0.130743116140366 0.233688831329346 3.17900681495667
16 10 0.177327588200569 -0.0269407890737057 3.14866471290588
16 11 0.194557264447212 -0.221733957529068 3.02754759788513
16 12 0.192988350987434 -0.311804741621017 2.97080206871033
16 13 -0.113207593560219 -0.131492897868156 3.08463215827942
16 14 -0.153977036476135 -0.584822058677673 3.02527785301209
16 15 -0.154804930090904 -0.947506368160248 3.04326272010803
16 16 -0.155298203229904 -1.05402493476868 2.95593905448914
16 17 0.0461320206522942 -0.137943834066391 3.09238505363464
16 18 0.101584687829018 -0.579780519008636 2.99992394447327
16 19 0.0974292308092117 -0.954408943653107 3.01868653297424
16 20 0.106127731502056 -1.05163598060608 2.94952654838562
17 1 -0.0327623784542084 -0.0566260851919651 3.1071195602417
17 2 -0.0301590338349342 0.00120409298688173 3.16848659515381
17 3 -0.0263676047325134 0.361914724111557 3.19346570968628
17 4 -0.0248278509825468 0.555652797222137 3.21556496620178
17 5 -0.22463558614254 0.285675346851349 3.20093894004822
17 6 -0.422337144613266 0.434239387512207 3.15875577926636
17 7 -0.484449088573456 0.694684207439423 3.08486938476563
17 8 -0.499810546636581 0.771497786045074 3.0774998664856
17 9 0.129661902785301 0.234122917056084 3.17796397209167
17 10 0.17798039317131 -0.0324639119207859 3.14798378944397
17 11 0.194144859910011 -0.22685119509697 3.02625632286072
17 12 0.193846315145493 -0.318529963493347 2.97215890884399
17 13 -0.113641515374184 -0.131795138120651 3.08464026451111
17 14 -0.154700502753258 -0.585834562778473 3.0256450176239
17 15 -0.154717177152634 -0.952686429023743 3.04311299324036
17 16 -0.157465398311615 -1.06079244613647 2.95934748649597
17 17 0.0457679554820061 -0.137975871562958 3.09240317344666
17 18 0.100891813635826 -0.580555200576782 2.99992799758911
17 19 0.0974371954798698 -0.953039348125458 3.01626634597778
17 20 0.1065653860569 -1.04963338375092 2.94826149940491
18 1 -0.0334734730422497 -0.0568275861442089 3.10685133934021
18 2 -0.0309175364673138 0.00127310585230589 3.16820740699768
18 3 -0.0273804273456335 0.362558603286743 3.19177389144897
18 4 -0.0250300318002701 0.555368542671204 3.21588349342346
18 5 -0.225258931517601 0.2860386967659 3.20121955871582
18 6 -0.421871721744537 0.43114447593689 3.15923714637756
18 7 -0.484276860952377 0.694026827812195 3.0850396156311
18 8 -0.499419510364532 0.77065497636795 3.07687520980835
18 9 0.129594013094902 0.232442915439606 3.17827105522156
18 10 0.178119972348213 -0.0345706306397915 3.14753603935242
18 11 0.194061100482941 -0.228933587670326 3.02604103088379
18 12 0.195479288697243 -0.322185724973679 2.97513008117676
18 13 -0.114392057061195 -0.132143393158913 3.08460116386414
18 14 -0.154917612671852 -0.586987912654877 3.02616834640503
18 15 -0.154655545949936 -0.950977385044098 3.04016947746277
18 16 -0.159345269203186 -1.06177401542664 2.94962453842163
18 17 0.0448589511215687 -0.138464078307152 3.09199929237366
18 18 0.101310737431049 -0.581145823001862 3.00025486946106
18 19 0.0975874736905098 -0.955140709877014 3.01789736747742
18 20 0.106234312057495 -1.05003190040588 2.94854044914246
19 1 -0.0335198640823364 -0.0572261363267899 3.10689616203308
19 2 -0.0310773439705372 0.000728705897927284 3.16836476325989
19 3 -0.0277820415794849 0.363027095794678 3.19403457641602
19 4 -0.0239028017967939 0.556889951229095 3.21592855453491
19 5 -0.225224643945694 0.285913944244385 3.20099687576294
19 6 -0.42303541302681 0.433740377426147 3.15786743164063
19 7 -0.483989655971527 0.694657325744629 3.08650183677673
19 8 -0.498135060071945 0.771379292011261 3.07909631729126
19 9 0.128705456852913 0.232459917664528 3.17765402793884
19 10 0.178428262472153 -0.0367026105523109 3.14803051948547
19 11 0.194207578897476 -0.230997025966644 3.02659773826599
19 12 0.193624690175056 -0.322242110967636 2.97260570526123
19 13 -0.114330261945724 -0.13245715200901 3.08465909957886
19 14 -0.154863178730011 -0.585436105728149 3.02527546882629
19 15 -0.154786288738251 -0.948421120643616 3.03944325447083
19 16 -0.154563099145889 -1.05388653278351 2.95996165275574
19 17 0.0449056476354599 -0.1386828571558 3.09179925918579
19 18 0.100998736917973 -0.581735193729401 2.99896955490112
19 19 0.0971352234482765 -0.953200042247772 3.01805973052979
19 20 0.104659333825111 -1.04891693592072 2.94608783721924
20 1 -0.0339278429746628 -0.0567451193928719 3.10645604133606
20 2 -0.0316099002957344 0.0014126431196928 3.16786694526672
20 3 -0.0280750282108784 0.36365333199501 3.19204425811768
20 4 -0.0239520855247974 0.558917820453644 3.21607303619385
20 5 -0.225165784358978 0.286225199699402 3.2006664276123
20 6 -0.422880440950394 0.434584558010101 3.15811777114868
20 7 -0.483906477689743 0.693629622459412 3.08492827415466
20 8 -0.498930931091309 0.770278573036194 3.07810568809509
20 9 0.129061639308929 0.233375117182732 3.17864203453064
20 10 0.178883254528046 -0.0368093922734261 3.14753532409668
20 11 0.194627553224564 -0.230142414569855 3.02444386482239
20 12 0.19422310590744 -0.3216592669487 2.97080707550049
20 13 -0.114657342433929 -0.131932035088539 3.08392024040222
20 14 -0.155160561203957 -0.585961520671844 3.02571797370911
20 15 -0.154687777161598 -0.950558662414551 3.03964614868164
20 16 -0.156762331724167 -1.05956745147705 2.95300912857056
20 17 0.0444385781884193 -0.138384446501732 3.09173583984375
20 18 0.101039119064808 -0.58217453956604 2.99993467330933
20 19 0.0980525463819504 -0.953880369663239 3.01945352554321
20 20 0.104449853301048 -1.05011177062988 2.94880437850952
