1 1 -0.0293457005172968 -0.0643668472766876 3.11442089080811
1 2 -0.0290604699403048 -0.00489718746393919 3.17720127105713
1 3 -0.0337651558220387 0.364170968532562 3.20251822471619
1 4 -0.0305850859731436 0.559599578380585 3.22381567955017
1 5 -0.226761311292648 0.27750626206398 3.20258402824402
1 6 -0.433574944734573 0.411212533712387 3.15432167053223
1 7 -0.454525351524353 0.682650625705719 3.10156512260437
1 8 -0.448751032352448 0.757607638835907 3.11166000366211
1 9 0.121109582483768 0.237277910113335 3.18529653549194
1 10 0.182861685752869 -0.035578764975071 3.15720272064209
1 11 0.201444804668427 -0.232022434473038 3.03346753120422
1 12 0.200233668088913 -0.312624752521515 2.96995496749878
1 13 -0.10687068104744 -0.139774799346924 3.09132385253906
1 14 -0.146871715784073 -0.585827648639679 3.02760815620422
1 15 -0.153490498661995 -0.95315033197403 3.04510736465454
1 16 -0.153521955013275 -1.05147361755371 2.95965886116028
1 17 0.0495558194816113 -0.142179518938065 3.09976959228516
1 18 0.102813556790352 -0.57500171661377 3.00321960449219
1 19 0.0975328609347343 -0.949360489845276 3.01253604888916
1 20 0.110826194286346 -1.045529961586 2.93485069274902
2 1 -0.0303475297987461 -0.0644931942224503 3.11393332481384
2 2 -0.0300429351627827 -0.004980000667274 3.17683625221252
2 3 -0.0345827974379063 0.365796536207199 3.20384550094604
2 4 -0.0319967083632946 0.558341145515442 3.22308206558228
2 5 -0.227677702903748 0.276954054832459 3.20249843597412
2 6 -0.436547666788101 0.41657555103302 3.15421652793884
2 7 -0.462323307991028 0.673964321613312 3.09757709503174
2 8 -0.453955382108688 0.748280584812164 3.11073040962219
2 9 0.12181194126606 0.235915347933769 3.18534827232361
2 10 0.178871855139732 -0.0375576093792915 3.15284943580627
2 11 0.199293091893196 -0.234736323356628 3.03108334541321
2 12 0.20022115111351 -0.318032413721085 2.97095704078674
2 13 -0.108354806900024 -0.140432596206665 3.09081506729126
2 14 -0.147599101066589 -0.586469173431396 3.02917146682739
2 15 -0.154306724667549 -0.949500799179077 3.0445544719696
2 16 -0.154139131307602 -1.05222427845001 2.96436190605164
2 17 0.0486859306693077 -0.14224237203598 3.09879946708679
2 18 0.102353326976299 -0.574362874031067 3.00275468826294
2 19 0.0992730706930161 -0.941968500614166 3.01359272003174
2 20 0.10905434936285 -1.04385685920715 2.9408061504364
3 1 -0.0310372523963451 -0.064473494887352 3.11353540420532
3 2 -0.0312806032598019 -0.00505267130210996 3.17653751373291
3 3 -0.0347672291100025 0.365906983613968 3.20477032661438
3 4 -0.0312914811074734 0.558213174343109 3.22293639183044
3 5 -0.227814465761185 0.274827063083649 3.20141887664795
3 6 -0.437022507190704 0.406107038259506 3.15460348129272
3 7 -0.464024722576141 0.687920987606049 3.10548949241638
3 8 -0.460039407014847 0.761372923851013 3.12205815315247
3 9 0.122699894011021 0.2340979129076 3.18952083587646
3 10 0.177856653928757 -0.0261765420436859 3.1645565032959
3 11 0.192957833409309 -0.221360862255096 3.0390932559967
3 12 0.193173587322235 -0.313438653945923 2.99529385566711
3 13 -0.109310463070869 -0.140595108270645 3.08998966217041
3 14 -0.147957995533943 -0.586822330951691 3.03037595748901
3 15 -0.15347096323967 -0.952360689640045 3.0437650680542
3 16 -0.156880855560303 -1.05836999416351 2.96519470214844
3 17 0.048095814883709 -0.142499163746834 3.09904170036316
3 18 0.102819666266441 -0.575405836105347 3.00465750694275
3 19 0.0981338322162628 -0.949915945529938 3.01578664779663
3 20 0.108163818717003 -1.04691052436829 2.93882250785828
4 1 -0.0311279576271772 -0.0643994435667992 3.11387872695923
4 2 -0.032580241560936 -0.00492124911397696 3.17681622505188
4 3 -0.0365347228944302 0.366797745227814 3.20464634895325
4 4 -0.0312538631260395 0.559046268463135 3.22656488418579
4 5 -0.227944076061249 0.274978369474411 3.20063138008118
4 6 -0.439148038625717 0.402835696935654 3.14863395690918
4 7 -0.467404723167419 0.621671259403229 3.09356164932251
4 8 -0.467506438493729 0.723959743976593 3.09096670150757
4 9 0.123651839792728 0.234119161963463 3.19535326957703
4 10 0.175118118524551 -0.0279041975736618 3.17000532150269
4 11 0.182425498962402 -0.225361257791519 3.04951524734497
4 12 0.188043609261513 -0.315156042575836 3.00078105926514
4 13 -0.109322041273117 -0.140584677457809 3.08981490135193
4 14 -0.147672414779663 -0.586681425571442 3.03025341033936
4 15 -0.153592824935913 -0.952608108520508 3.04423451423645
4 16 -0.15395899116993 -1.05257380008698 2.96540641784668
4 17 0.0483146123588085 -0.142639800906181 3.10063719749451
4 18 0.101945087313652 -0.574410259723663 3.00643992424011
4 19 0.0979542806744576 -0.948717534542084 3.02104592323303
4 20 0.105879224836826 -1.04894649982452 2.94321393966675
5 1 -0.0309318490326405 -0.0639840587973595 3.11490345001221
5 2 -0.0329162403941154 -0.0048883743584156 3.17778062820435
5 3 -0.0339449420571327 0.365998983383179 3.20694923400879
5 4 -0.0307994801551104 0.558489203453064 3.22802495956421
5 5 -0.22740338742733 0.275192081928253 3.19969487190247
5 6 -0.438268959522247 0.398328512907028 3.14899587631226
5 7 -0.467351883649826 0.616123139858246 3.09561944007874
5 8 -0.467852711677551 0.720007061958313 3.09842205047607
5 9 0.123993374407291 0.234700113534927 3.19915962219238
5 10 0.175616353750229 -0.0118630286306143 3.17288851737976
5 11 0.185973435640335 -0.238273829221725 3.04246616363525
5 12 0.18687516450882 -0.316328823566437 3.00479602813721
5 13 -0.109220691025257 -0.14019837975502 3.0898163318634
5 14 -0.147650122642517 -0.586421191692352 3.03031015396118
5 15 -0.15309964120388 -0.954978764057159 3.04140543937683
5 16 -0.155631303787231 -1.05551028251648 2.96236729621887
5 17 0.0483787655830383 -0.142175421118736 3.10279631614685
5 18 0.101880967617035 -0.574220061302185 3.00760793685913
5 19 0.098787285387516 -0.945795118808746 3.02184200286865
5 20 0.10609495639801 -1.05015420913696 2.94609379768372
6 1 -0.0298632066696882 -0.0641625598073006 3.11613202095032
6 2 -0.0317241922020912 -0.00533540593460202 3.17922616004944
6 3 -0.0322084873914719 0.365206003189087 3.20988631248474
6 4 -0.0287362411618233 0.558804035186768 3.22950220108032
6 5 -0.227080255746841 0.27502715587616 3.19968700408936
6 6 -0.438617646694183 0.401838153600693 3.14986038208008
6 7 -0.467384517192841 0.618796944618225 3.09649205207825
6 8 -0.467756897211075 0.722378551959991 3.09416580200195
6 9 0.1236766949296 0.234739795327187 3.19909429550171
6 10 0.174503356218338 -0.0146425673738122 3.1778781414032
6 11 0.180024087429047 -0.212163358926773 3.06183910369873
6 12 0.184443324804306 -0.30357551574707 3.01554298400879
6 13 -0.108252346515656 -0.140285521745682 3.09038043022156
6 14 -0.147716417908669 -0.586552143096924 3.0307822227478
6 15 -0.153079062700272 -0.952516853809357 3.04249286651611
6 16 -0.156944990158081 -1.05776572227478 2.9686062335968
6 17 0.0492995008826256 -0.142197117209435 3.10437965393066
6 18 0.101674929261208 -0.57466459274292 3.00808954238892
6 19 0.0969966426491737 -0.950871050357819 3.02129411697388
6 20 0.107957325875759 -1.04955315589905 2.94710516929626
7 1 -0.0293508563190699 -0.0646629557013512 3.11728477478027
7 2 -0.0310231186449528 -0.0060716075822711 3.18054485321045
7 3 -0.0318505987524986 0.363619863986969 3.21176648139954
7 4 -0.0265755448490381 0.559887766838074 3.23163390159607
7 5 -0.226386487483978 0.274167656898499 3.20077753067017
7 6 -0.439448654651642 0.399974316358566 3.15300369262695
7 7 -0.471038848161697 0.672038316726685 3.09177136421204
7 8 -0.463888198137283 0.748256862163544 3.09790325164795
7 9 0.123161934316158 0.232547253370285 3.19866418838501
7 10 0.178185313940048 -0.00623780302703381 3.17445707321167
7 11 0.183836981654167 -0.206888198852539 3.06675553321838
7 12 0.184573501348495 -0.296030044555664 3.01337790489197
7 13 -0.107628658413887 -0.140611410140991 3.09107375144959
7 14 -0.147785812616348 -0.586969196796417 3.03087449073792
7 15 -0.152792870998383 -0.954186141490936 3.04306173324585
7 16 -0.153317585587502 -1.05225467681885 2.95911598205566
7 17 0.0499064587056637 -0.14276510477066 3.10519456863403
7 18 0.103160351514816 -0.579232394695282 3.00963091850281
7 19 0.0981936752796173 -0.949320375919342 3.02428960800171
7 20 0.107474260032177 -1.05131530761719 2.94898414611816
8 1 -0.0289138127118349 -0.064424067735672 3.11874318122864
8 2 -0.0307335089892149 -0.0059629213064909 3.18186450004578
8 3 -0.0323325358331203 0.362584233283997 3.21212983131409
8 4 -0.027575833722949 0.560877799987793 3.2349066734314
8 5 -0.226441904902458 0.274234145879745 3.20197725296021
8 6 -0.438856959342957 0.395946145057678 3.15486335754395
8 7 -0.472258299589157 0.611150622367859 3.10308480262756
8 8 -0.470615386962891 0.715415358543396 3.10330104827881
8 9 0.123819798231125 0.233890563249588 3.20083475112915
8 10 0.178526267409325 -0.0184465460479259 3.17777729034424
8 11 0.187544792890549 -0.24535945057869 3.04669976234436
8 12 0.184328854084015 -0.316663980484009 2.9997251033783
8 13 -0.107088193297386 -0.140343010425568 3.09210610389709
8 14 -0.147433862090111 -0.586055457592011 3.0308313369751
8 15 -0.153135180473328 -0.950710773468018 3.04341268539429
8 16 -0.156568944454193 -1.05594563484192 2.96376895904541
8 17 0.0504380166530609 -0.142845645546913 3.10713362693787
8 18 0.103431567549706 -0.578432500362396 3.01065325737
8 19 0.0978828370571136 -0.95059460401535 3.01959633827209
8 20 0.107148416340351 -1.05011665821075 2.9483494758606
9 1 -0.0277406126260757 -0.0642955377697945 3.12046456336975
9 2 -0.0306999627500772 -0.00606097979471087 3.18362045288086
9 3 -0.0320876576006413 0.363019347190857 3.2156457901001
9 4 -0.025778541341424 0.560789585113525 3.23666858673096
9 5 -0.225718721747398 0.27156189084053 3.20257186889648
9 6 -0.43735283613205 0.388146758079529 3.15442800521851
9 7 -0.474288642406464 0.604193031787872 3.09905910491943
9 8 -0.472087681293488 0.709179282188416 3.10168814659119
9 9 0.127983242273331 0.235461100935936 3.20884847640991
9 10 0.177262768149376 -0.0101238517090678 3.17975091934204
9 11 0.179176822304726 -0.211576610803604 3.07649731636047
9 12 0.18594391644001 -0.300340294837952 3.02073812484741
9 13 -0.10607548058033 -0.140565171837807 3.09303116798401
9 14 -0.146736264228821 -0.586428821086884 3.02967357635498
9 15 -0.151686057448387 -0.957275390625 3.04195070266724
9 16 -0.155767917633057 -1.06107807159424 2.95545339584351
9 17 0.0523688308894634 -0.142802909016609 3.10938239097595
9 18 0.103258021175861 -0.577229738235474 3.01186370849609
9 19 0.0989529192447662 -0.949005007743835 3.02068376541138
9 20 0.105495058000088 -1.050612449646 2.94832396507263
10 1 -0.027346309274435 -0.0637608915567398 3.12108087539673
10 2 -0.0301924739032984 -0.00583019340410829 3.18420219421387
10 3 -0.0328402481973171 0.362195372581482 3.21621704101563
10 4 -0.0258289854973555 0.559985399246216 3.2365026473999
10 5 -0.225858688354492 0.272187024354935 3.20467376708984
10 6 -0.438957512378693 0.386392712593079 3.15511894226074
10 7 -0.479347079992294 0.603897452354431 3.11100316047668
10 8 -0.481233805418015 0.708632171154022 3.11181235313416
10 9 0.127357825636864 0.235015720129013 3.20862531661987
10 10 0.179413661360741 -0.00927538331598043 3.18461537361145
10 11 0.185639306902885 -0.2073914706707 3.07586359977722
10 12 0.189149424433708 -0.297810405492783 3.02308416366577
10 13 -0.10570515692234 -0.140185743570328 3.0933256149292
10 14 -0.146623432636261 -0.585982382297516 3.02935123443604
10 15 -0.151787936687469 -0.955127835273743 3.04131674766541
10 16 -0.153608277440071 -1.0561101436615 2.95924234390259
10 17 0.0528710335493088 -0.142476633191109 3.10988926887512
10 18 0.102866485714912 -0.575716078281403 3.01198077201843
10 19 0.0976657718420029 -0.947921395301819 3.02079224586487
10 20 0.106082946062088 -1.0515695810318 2.94960498809814
11 1 -0.0271895565092564 -0.0639370307326317 3.12141370773315
11 2 -0.0299027226865292 -0.00604971637949348 3.18474125862122
11 3 -0.0321557410061359 0.362317025661469 3.21814942359924
11 4 -0.0254437830299139 0.55981308221817 3.23868203163147
11 5 -0.225796163082123 0.271391779184341 3.20502400398254
11 6 -0.440389961004257 0.383833974599838 3.15879845619202
11 7 -0.480874449014664 0.603793323040009 3.11290812492371
11 8 -0.485030025243759 0.70911318063736 3.10993409156799
11 9 0.126797884702682 0.233416676521301 3.20789837837219
11 10 0.182355120778084 -0.0155540117993951 3.17810940742493
11 11 0.192386478185654 -0.226477086544037 3.05647897720337
11 12 0.186738774180412 -0.306469798088074 3.01401281356812
11 13 -0.105329483747482 -0.14028126001358 3.09328556060791
11 14 -0.146674662828445 -0.585767567157745 3.02941370010376
11 15 -0.152042523026466 -0.956515550613403 3.04200911521912
11 16 -0.153783112764359 -1.05479097366333 2.96141767501831
11 17 0.0527173914015293 -0.142801120877266 3.11025190353394
11 18 0.103208266198635 -0.575690150260925 3.01231122016907
11 19 0.09781214594841 -0.946184873580933 3.02468276023865
11 20 0.106585100293159 -1.05029571056366 2.94731068611145
12 1 -0.0270287655293942 -0.0632366091012955 3.1217200756073
12 2 -0.0296314489096403 -0.00550397299230099 3.18514847755432
12 3 -0.0312404204159975 0.362211734056473 3.21867537498474
12 4 -0.026263564825058 0.560006380081177 3.23728489875793
12 5 -0.225630551576614 0.270764708518982 3.20540761947632
12 6 -0.439531475305557 0.382052689790726 3.15932726860046
12 7 -0.482599645853043 0.602309882640839 3.11145067214966
12 8 -0.486729115247726 0.708351910114288 3.10476756095886
12 9 0.128171324729919 0.234270691871643 3.20833563804626
12 10 0.17961098253727 -0.0139275770634413 3.17864084243774
12 11 0.189494967460632 -0.206045359373093 3.06040048599243
12 12 0.190881237387657 -0.301492214202881 3.01355385780334
12 13 -0.105329222977161 -0.139638751745224 3.09330320358276
12 14 -0.146315410733223 -0.586740434169769 3.02973675727844
12 15 -0.15226985514164 -0.958586156368256 3.04338955879211
12 16 -0.155444383621216 -1.05816066265106 2.96308612823486
12 17 0.0526585839688778 -0.142341688275337 3.11011433601379
12 18 0.102938175201416 -0.574744343757629 3.01221489906311
12 19 0.0990873426198959 -0.950690031051636 3.02118992805481
12 20 0.10547100007534 -1.05130302906036 2.94707751274109
13 1 -0.026735370978713 -0.0632865130901337 3.12189912796021
13 2 -0.029847901314497 -0.00546484161168337 3.18517971038818
13 3 -0.0314607471227646 0.361532926559448 3.2168025970459
13 4 -0.0263062827289104 0.559572219848633 3.23728108406067
13 5 -0.225523039698601 0.269975125789642 3.2056565284729
13 6 -0.439747273921967 0.382980227470398 3.16022133827209
13 7 -0.481885969638824 0.604102730751038 3.10979437828064
13 8 -0.486131399869919 0.710339486598969 3.10457921028137
13 9 0.129385396838188 0.234512537717819 3.2119927406311
13 10 0.183163553476334 -0.00615159142762423 3.18890380859375
13 11 0.185782313346863 -0.199078947305679 3.072420835495
13 12 0.188324734568596 -0.292361110448837 3.02098608016968
13 13 -0.105095244944096 -0.14001539349556 3.09354782104492
13 14 -0.145876988768578 -0.587369859218597 3.02909517288208
13 15 -0.152472972869873 -0.956725358963013 3.04088306427002
13 16 -0.15488238632679 -1.05711364746094 2.95048713684082
13 17 0.0534681044518948 -0.142499357461929 3.11045622825623
13 18 0.102802723646164 -0.575532078742981 3.01232671737671
13 19 0.0985201671719551 -0.95393568277359 3.01766324043274
13 20 0.107222035527229 -1.05018532276154 2.94592809677124
14 1 -0.026766249909997 -0.0630758106708527 3.12192249298096
14 2 -0.029773760586977 -0.00521975290030241 3.18518662452698
14 3 -0.0316057205200195 0.361590176820755 3.21627426147461
14 4 -0.0237417053431273 0.561368107795715 3.23800683021545
14 5 -0.225680842995644 0.27140274643898 3.20509386062622
14 6 -0.438861310482025 0.385408461093903 3.15688633918762
14 7 -0.48172864317894 0.60521399974823 3.10745596885681
14 8 -0.486815869808197 0.711622595787048 3.09997224807739
14 9 0.128509491682053 0.234412923455238 3.21066093444824
14 10 0.178472712635994 -0.0104746883735061 3.18612480163574
14 11 0.177947103977203 -0.202941387891769 3.06982898712158
14 12 0.188195303082466 -0.296499401330948 3.01936554908752
14 13 -0.10512201488018 -0.13975790143013 3.09349346160889
14 14 -0.146388128399849 -0.585992753505707 3.02930736541748
14 15 -0.151924580335617 -0.95210188627243 3.04218888282776
14 16 -0.153774708509445 -1.05354714393616 2.96345829963684
14 17 0.0533164031803608 -0.142167270183563 3.11061429977417
14 18 0.103158600628376 -0.576058387756348 3.01215600967407
14 19 0.0983284413814545 -0.951210558414459 3.01858687400818
14 20 0.106193043291569 -1.05103278160095 2.95014381408691
15 1 -0.0264701098203659 -0.0630975589156151 3.12211847305298
15 2 -0.0295384172350168 -0.00521312188357115 3.18537020683289
15 3 -0.0310544669628143 0.361594259738922 3.21627974510193
15 4 -0.0238225981593132 0.559386909008026 3.23633456230164
15 5 -0.225121229887009 0.271735459566116 3.20446848869324
15 6 -0.4379723072052 0.390595108270645 3.15726590156555
15 7 -0.481891721487045 0.607469737529755 3.10646295547485
15 8 -0.486502051353455 0.713828146457672 3.10326027870178
15 9 0.129181832075119 0.233188927173615 3.21013474464417
15 10 0.177462190389633 -0.0132781891152263 3.18705320358276
15 11 0.183001190423965 -0.204490035772324 3.06936693191528
15 12 0.187190636992455 -0.29876783490181 3.01999306678772
15 13 -0.104908518493176 -0.139611229300499 3.09343481063843
15 14 -0.145808950066566 -0.584930241107941 3.02938222885132
15 15 -0.151413887739182 -0.95372462272644 3.04204678535461
15 16 -0.152313232421875 -1.05565583705902 2.95442485809326
15 17 0.0538707785308361 -0.142593890428543 3.11126470565796
15 18 0.103459946811199 -0.57958722114563 3.01311182975769
15 19 0.0975157842040062 -0.954698026180267 3.02127480506897
15 20 0.107491008937359 -1.05015790462494 2.9491331577301
16 1 -0.0261065419763327 -0.0633054673671722 3.12215876579285
16 2 -0.029254699125886 -0.00514412019401789 3.18536424636841
16 3 -0.0311406366527081 0.362580358982086 3.21522617340088
16 4 -0.0226932894438505 0.557738900184631 3.23442459106445
16 5 -0.223259747028351 0.271427392959595 3.20317959785461
16 6 -0.437911719083786 0.398343086242676 3.15573811531067
16 7 -0.48102679848671 0.60778135061264 3.10270023345947
16 8 -0.485853791236877 0.714110910892487 3.10144019126892
16 9 0.128649100661278 0.233075201511383 3.2091498374939
16 10 0.180267632007599 -0.0288797859102488 3.18170642852783
16 11 0.188200756907463 -0.22018663585186 3.06478881835938
16 12 0.191455140709877 -0.299528121948242 3.01761627197266
16 13 -0.104153342545033 -0.139536142349243 3.09325885772705
16 14 -0.14584881067276 -0.585621237754822 3.0290470123291
16 15 -0.151174306869507 -0.956785321235657 3.03978109359741
16 16 -0.15534707903862 -1.06149101257324 2.95720481872559
16 17 0.0541886687278748 -0.14274750649929 3.11192083358765
16 18 0.103391125798225 -0.578552424907684 3.01250171661377
16 19 0.0988179668784142 -0.952816545963287 3.02011060714722
16 20 0.108185924589634 -1.05199873447418 2.9531455039978
17 1 -0.0256766807287931 -0.0635749399662018 3.12218523025513
17 2 -0.029015926644206 -0.00532371224835515 3.18535804748535
17 3 -0.0310642346739769 0.362543612718582 3.21514225006104
17 4 -0.0202696118503809 0.557899832725525 3.23455715179443
17 5 -0.22266711294651 0.270731508731842 3.20213747024536
17 6 -0.438458740711212 0.400663763284683 3.15453290939331
17 7 -0.480673581361771 0.610617399215698 3.10445761680603
17 8 -0.483848839998245 0.717393636703491 3.10247755050659
17 9 0.129130840301514 0.23336398601532 3.2090847492218
17 10 0.180239677429199 -0.00930792838335037 3.18525123596191
17 11 0.192982256412506 -0.215607449412346 3.06711459159851
17 12 0.193814486265182 -0.309973359107971 3.01701927185059
17 13 -0.103609450161457 -0.139507591724396 3.09315514564514
17 14 -0.146090492606163 -0.586512386798859 3.02913427352905
17 15 -0.151733696460724 -0.957529067993164 3.04230737686157
17 16 -0.152850806713104 -1.05604732036591 2.95667386054993
17 17 0.0545472130179405 -0.143037885427475 3.112065076828
17 18 0.10303533822298 -0.57654732465744 3.01253318786621
17 19 0.098718024790287 -0.948520600795746 3.02151417732239
17 20 0.105287455022335 -1.05039954185486 2.94798707962036
18 1 -0.02504738047719 -0.0628419890999794 3.12209153175354
18 2 -0.0288161598145962 -0.00463009253144264 3.18508243560791
18 3 -0.0306191109120846 0.362349301576614 3.21384119987488
18 4 -0.0187486037611961 0.55785858631134 3.23437762260437
18 5 -0.222212329506874 0.272230416536331 3.20156908035278
18 6 -0.438157826662064 0.399683475494385 3.15394401550293
18 7 -0.480139166116714 0.609799385070801 3.10499238967896
18 8 -0.484347254037857 0.716130256652832 3.09889936447144
18 9 0.130688965320587 0.235965833067894 3.21163034439087
18 10 0.178724870085716 -0.0206087119877338 3.18155527114868
18 11 0.186531603336334 -0.213223531842232 3.06767010688782
18 12 0.191213220357895 -0.306692004203796 3.01665234565735
18 13 -0.102927267551422 -0.138720750808716 3.09282207489014
18 14 -0.146090015769005 -0.5854252576828 3.02902507781982
18 15 -0.151675149798393 -0.957110345363617 3.04390048980713
18 16 -0.152740955352783 -1.0594961643219 2.96969652175903
18 17 0.055234506726265 -0.14255890250206 3.11230731010437
18 18 0.102864347398281 -0.576366424560547 3.01283383369446
18 19 0.098705381155014 -0.9480339884758 3.02251219749451
18 20 0.106836572289467 -1.05008590221405 2.94762659072876
19 1 -0.0248194821178913 -0.0628169924020767 3.12167525291443
19 2 -0.028779000043869 -0.00469453539699316 3.18459367752075
19 3 -0.0306501276791096 0.361887037754059 3.21361827850342
19 4 -0.0179869383573532 0.556568443775177 3.23400902748108
19 5 -0.221641093492508 0.272468775510788 3.20163345336914
19 6 -0.437074601650238 0.400210112333298 3.15398597717285
19 7 -0.480047285556793 0.609920382499695 3.10430383682251
19 8 -0.483846694231033 0.716289341449738 3.09723877906799
19 9 0.131790935993195 0.235206916928291 3.21275472640991
19 10 0.181168794631958 -0.0106753651052713 3.18332266807556
19 11 0.186259761452675 -0.205542102456093 3.07390522956848
19 12 0.188318833708763 -0.298881471157074 3.02230834960938
19 13 -0.102649733424187 -0.138794019818306 3.09246563911438
19 14 -0.145843371748924 -0.586129546165466 3.0288827419281
19 15 -0.1528240442276 -0.947221875190735 3.04196310043335
19 16 -0.15339532494545 -1.05278193950653 2.95918679237366
19 17 0.0554084070026875 -0.142562851309776 3.1116886138916
19 18 0.103654652833939 -0.578817546367645 3.01237320899963
19 19 0.0983061045408249 -0.95330011844635 3.02133512496948
19 20 0.10748253017664 -1.05078852176666 2.94731616973877
20 1 -0.0250471215695143 -0.0631792321801186 3.12116742134094
20 2 -0.0287232547998428 -0.00499418191611767 3.18400645256042
20 3 -0.0301073882728815 0.36068931221962 3.21205568313599
20 4 -0.0183390974998474 0.555939137935638 3.23299503326416
20 5 -0.221580967307091 0.272706061601639 3.20078182220459
20 6 -0.437127530574799 0.399027496576309 3.15357136726379
20 7 -0.479532390832901 0.608877301216125 3.10298371315002
20 8 -0.484355062246323 0.715695440769196 3.09366106987
20 9 0.13013681769371 0.232442647218704 3.20968985557556
20 10 0.180457323789597 -0.0186133030802011 3.18538737297058
20 11 0.18475516140461 -0.226066529750824 3.06015110015869
20 12 0.18946884572506 -0.318264901638031 3.00999593734741
20 13 -0.102913796901703 -0.138842985033989 3.09208965301514
20 14 -0.146324247121811 -0.585860073566437 3.02868151664734
20 15 -0.152338683605194 -0.953061163425446 3.04310488700867
20 16 -0.153054922819138 -1.05438423156738 2.96070647239685
20 17 0.0548114068806171 -0.143062278628349 3.11131525039673
20 18 0.103378668427467 -0.576978623867035 3.01255941390991
20 19 0.0981886014342308 -0.954669535160065 3.02048301696777
20 20 0.107777029275894 -1.05081975460052 2.95029902458191
