1 1 -0.0338784269988537 -0.113398030400276 3.09274077415466
1 2 -0.0240943152457476 -0.0605962947010994 3.15266013145447
1 3 -0.0214560478925705 0.281425356864929 3.18563961982727
1 4 -0.0318552739918232 0.47491991519928 3.19585084915161
1 5 -0.22662678360939 0.19768813252449 3.21651124954224
1 6 -0.434331148862839 0.296610355377197 3.19108843803406
1 7 -0.445859968662262 0.517912864685059 3.15772938728333
1 8 -0.44180691242218 0.575626254081726 3.1695818901062
1 9 0.147701442241669 0.165183782577515 3.14704275131226
1 10 0.200714468955994 -0.087871715426445 3.11043095588684
1 11 0.168600231409073 -0.328750312328339 2.96510004997253
1 12 0.15399169921875 -0.386792957782745 2.93057751655579
1 13 -0.120852649211884 -0.197511523962021 3.08488583564758
1 14 -0.113045856356621 -0.669434309005737 3.06260514259338
1 15 -0.124603010714054 -1.00517439842224 3.01797223091125
1 16 -0.150710463523865 -1.0567319393158 2.95173025131226
1 17 0.0476701334118843 -0.195543229579926 3.05618405342102
1 18 0.0992707833647728 -0.670941352844238 3.01989150047302
1 19 0.103221505880356 -0.994153618812561 3.00362014770508
1 20 0.111341573297977 -1.04439973831177 2.92866349220276
2 1 -0.0333745218813419 -0.113055981695652 3.09363698959351
2 2 -0.0239749252796173 -0.060372993350029 3.1535120010376
2 3 -0.0225635524839163 0.28132763504982 3.18702363967896
2 4 -0.0301690623164177 0.473576277494431 3.19445180892944
2 5 -0.22588986158371 0.198419660329819 3.21662712097168
2 6 -0.433330595493317 0.29707270860672 3.18857932090759
2 7 -0.443359076976776 0.51512610912323 3.15637540817261
2 8 -0.439308822154999 0.575956046581268 3.16983938217163
2 9 0.148721665143967 0.165301263332367 3.14806246757507
2 10 0.20143161714077 -0.0863249897956848 3.1097469329834
2 11 0.168512016534805 -0.32904326915741 2.96668910980225
2 12 0.161719426512718 -0.378179728984833 2.93731188774109
2 13 -0.119916893541813 -0.197221413254738 3.08529496192932
2 14 -0.11305520683527 -0.668719530105591 3.063725233078
2 15 -0.125614747405052 -1.00334215164185 3.01544380187988
2 16 -0.15142023563385 -1.05727815628052 2.95631074905396
2 17 0.0485142357647419 -0.195020794868469 3.05784487724304
2 18 0.0983045101165771 -0.666566967964172 3.0171434879303
2 19 0.104157917201519 -0.994832038879395 2.99763441085815
2 20 0.111952103674412 -1.03824162483215 2.93707203865051
3 1 -0.0334459692239761 -0.112609513103962 3.0943295955658
3 2 -0.0242390744388103 -0.0604372024536133 3.15426445007324
3 3 -0.0219850111752748 0.278470605611801 3.18858027458191
3 4 -0.0258181877434254 0.47262904047966 3.19339752197266
3 5 -0.225056543946266 0.19910641014576 3.21638822555542
3 6 -0.431477099657059 0.298440396785736 3.18656182289124
3 7 -0.441786170005798 0.516821026802063 3.15669536590576
3 8 -0.436825573444366 0.577138483524323 3.16782712936401
3 9 0.15113639831543 0.164844170212746 3.14924097061157
3 10 0.204569786787033 -0.0830341801047325 3.11048245429993
3 11 0.16820240020752 -0.325992733240128 2.96855068206787
3 12 0.157596811652184 -0.37621396780014 2.94184541702271
3 13 -0.120367601513863 -0.19696182012558 3.08588004112244
3 14 -0.113735489547253 -0.672704696655273 3.06401324272156
3 15 -0.127300396561623 -1.0069215297699 3.01425814628601
3 16 -0.152172639966011 -1.06030821800232 2.94504523277283
3 17 0.0485751815140247 -0.1949103474617 3.0580039024353
3 18 0.0989724472165108 -0.663991272449493 3.01641297340393
3 19 0.104239545762539 -0.991347968578339 3.00267481803894
3 20 0.111134767532349 -1.04141175746918 2.93386077880859
4 1 -0.0333389528095722 -0.111552782356739 3.09515619277954
4 2 -0.0243858136236668 -0.0600585639476776 3.15512466430664
4 3 -0.020510109141469 0.278129637241364 3.19095396995544
4 4 -0.0257622599601746 0.471730083227158 3.19200158119202
4 5 -0.223093181848526 0.202737510204315 3.21537661552429
4 6 -0.430478125810623 0.300236016511917 3.18467855453491
4 7 -0.441006898880005 0.518276274204254 3.1560389995575
4 8 -0.437433481216431 0.577769458293915 3.16861939430237
4 9 0.152889505028725 0.164484605193138 3.14971137046814
4 10 0.205306559801102 -0.0815568864345551 3.11149621009827
4 11 0.16968822479248 -0.324541211128235 2.9694459438324
4 12 0.165330559015274 -0.375415652990341 2.94411420822144
4 13 -0.120426721870899 -0.195553109049797 3.086745262146
4 14 -0.11425393819809 -0.67082667350769 3.06364250183105
4 15 -0.125699445605278 -1.00608718395233 3.01268672943115
4 16 -0.151234075427055 -1.05721437931061 2.94479560852051
4 17 0.048524234443903 -0.19464299082756 3.05801939964294
4 18 0.098654143512249 -0.674790740013123 3.01847362518311
4 19 0.102480471134186 -1.00491178035736 2.99815344810486
4 20 0.113843455910683 -1.05208563804626 2.9094443321228
5 1 -0.0325392708182335 -0.111757464706898 3.09438800811768
5 2 -0.0239784326404333 -0.0600348822772503 3.1545398235321
5 3 -0.0187119897454977 0.278626501560211 3.1897029876709
5 4 -0.0226846747100353 0.470295369625092 3.18653273582459
5 5 -0.221356779336929 0.202392339706421 3.21276450157166
5 6 -0.429819822311401 0.302332073450089 3.18270778656006
5 7 -0.437551975250244 0.518538117408752 3.15368223190308
5 8 -0.433936417102814 0.57716965675354 3.16312718391418
5 9 0.154886096715927 0.163963884115219 3.15101265907288
5 10 0.205477297306061 -0.0859138816595078 3.11229991912842
5 11 0.169849738478661 -0.327078193426132 2.96627640724182
5 12 0.161790639162064 -0.386646032333374 2.93549036979675
5 13 -0.119762286543846 -0.195242747664452 3.08522510528564
5 14 -0.114583604037762 -0.669213056564331 3.06278467178345
5 15 -0.125966191291809 -1.00550830364227 3.01459383964539
5 16 -0.150274842977524 -1.05438911914825 2.94644451141357
5 17 0.0491665564477444 -0.195019721984863 3.05767154693604
5 18 0.0993994548916817 -0.674320101737976 3.01734066009521
5 19 0.104441694915295 -1.00336992740631 2.99191284179688
5 20 0.114471435546875 -1.05321741104126 2.91018724441528
6 1 -0.0322765484452248 -0.111209578812122 3.09410810470581
6 2 -0.0239007063210011 -0.0595054551959038 3.15427827835083
6 3 -0.0182003322988749 0.278625130653381 3.18862271308899
6 4 -0.0206620916724205 0.472103476524353 3.18931722640991
6 5 -0.220207363367081 0.202818095684052 3.21151924133301
6 6 -0.429447859525681 0.303367137908936 3.18212008476257
6 7 -0.434601694345474 0.517915725708008 3.15361022949219
6 8 -0.430183172225952 0.580066442489624 3.16258764266968
6 9 0.155432403087616 0.163945943117142 3.15188717842102
6 10 0.204166620969772 -0.0884309336543083 3.11074018478394
6 11 0.168865859508514 -0.329685240983963 2.96427917480469
6 12 0.155237480998039 -0.376402378082275 2.93662476539612
6 13 -0.11946901679039 -0.194600820541382 3.08491778373718
6 14 -0.114734008908272 -0.669411242008209 3.06290745735168
6 15 -0.124198876321316 -1.00801646709442 3.02256631851196
6 16 -0.153915047645569 -1.05843353271484 2.95554661750793
6 17 0.0492665097117424 -0.194451525807381 3.05725932121277
6 18 0.0974720865488052 -0.6636021733284 3.01486134529114
6 19 0.104840710759163 -0.994749665260315 2.99495601654053
6 20 0.11410516500473 -1.04551410675049 2.93227219581604
7 1 -0.0326968841254711 -0.110932625830173 3.09377241134644
7 2 -0.0244716070592403 -0.0593312345445156 3.15397953987122
7 3 -0.0196310970932245 0.279179990291595 3.1893253326416
7 4 -0.0227803681045771 0.473209977149963 3.19020533561707
7 5 -0.220293238759041 0.203691780567169 3.20971751213074
7 6 -0.429562985897064 0.304438501596451 3.18198537826538
7 7 -0.434602499008179 0.522143006324768 3.15284824371338
7 8 -0.430727541446686 0.583994746208191 3.16141295433044
7 9 0.15531961619854 0.16553820669651 3.15167665481567
7 10 0.204257354140282 -0.0882085114717484 3.11065173149109
7 11 0.168281674385071 -0.329402565956116 2.96351027488709
7 12 0.151951029896736 -0.383973628282547 2.93315982818604
7 13 -0.119917444884777 -0.193866401910782 3.08393096923828
7 14 -0.114596471190453 -0.670254349708557 3.06289458274841
7 15 -0.124593421816826 -1.00714111328125 3.01786255836487
7 16 -0.151543155312538 -1.05852937698364 2.95117926597595
7 17 0.0486738570034504 -0.194012179970741 3.05662894248962
7 18 0.0952746793627739 -0.66919606924057 3.01697468757629
7 19 0.101921737194061 -0.998912870883942 2.99626326560974
7 20 0.112214535474777 -1.05478370189667 2.9127938747406
8 1 -0.0331106521189213 -0.111040033400059 3.09325790405273
8 2 -0.0250095203518867 -0.0594315640628338 3.15354371070862
8 3 -0.02180515229702 0.278661280870438 3.18861103057861
8 4 -0.0266718585044146 0.472075998783112 3.18925285339355
8 5 -0.22113436460495 0.2037513256073 3.20940470695496
8 6 -0.429788172245026 0.304945200681686 3.18142342567444
8 7 -0.435530722141266 0.524422764778137 3.15279197692871
8 8 -0.430884122848511 0.597129583358765 3.16071462631226
8 9 0.154602319002151 0.164777159690857 3.15052962303162
8 10 0.205821573734283 -0.0831353366374969 3.11162543296814
8 11 0.170325666666031 -0.325808942317963 2.96666407585144
8 12 0.166213631629944 -0.38753604888916 2.93448948860168
8 13 -0.120383843779564 -0.19389896094799 3.08341646194458
8 14 -0.114419311285019 -0.669682860374451 3.06263852119446
8 15 -0.124901086091995 -1.00844752788544 3.02046608924866
8 16 -0.150280609726906 -1.05781543254852 2.95319604873657
8 17 0.0486639142036438 -0.19431434571743 3.05642032623291
8 18 0.0961537063121796 -0.673107266426086 3.01733493804932
8 19 0.103630639612675 -1.00499582290649 2.99671387672424
8 20 0.113985031843185 -1.05532741546631 2.91297578811646
9 1 -0.0329162701964378 -0.111550815403461 3.09284925460815
9 2 -0.0248926542699337 -0.0597429573535919 3.15316390991211
9 3 -0.0232370421290398 0.2795090675354 3.1883385181427
9 4 -0.0266573950648308 0.473019629716873 3.18963718414307
9 5 -0.222013682126999 0.202966824173927 3.20910263061523
9 6 -0.429733961820602 0.304760009050369 3.18102264404297
9 7 -0.435554981231689 0.516094326972961 3.15135931968689
9 8 -0.430731147527695 0.581625461578369 3.15923619270325
9 9 0.153417304158211 0.163963541388512 3.1499011516571
9 10 0.206221252679825 -0.0769597291946411 3.11173009872437
9 11 0.179273754358292 -0.270051240921021 2.99856209754944
9 12 0.170070871710777 -0.336860954761505 2.95984244346619
9 13 -0.120032042264938 -0.19442230463028 3.08254265785217
9 14 -0.114952653646469 -0.670090734958649 3.06192374229431
9 15 -0.126548886299133 -1.00937235355377 3.01469278335571
9 16 -0.149678662419319 -1.05533397197723 2.95252084732056
9 17 0.0489923171699047 -0.194701179862022 3.05670404434204
9 18 0.097099095582962 -0.672468364238739 3.01736116409302
9 19 0.10161004960537 -1.00671374797821 2.99947166442871
9 20 0.113734550774097 -1.05189895629883 2.91683721542358
10 1 -0.0337139889597893 -0.111007958650589 3.09243512153625
10 2 -0.0257612802088261 -0.0590945780277252 3.15260171890259
10 3 -0.0238955207169056 0.27946525812149 3.186115026474
10 4 -0.026141457259655 0.473562598228455 3.1882541179657
10 5 -0.222273126244545 0.203330412507057 3.20902943611145
10 6 -0.429612815380096 0.304943472146988 3.18053102493286
10 7 -0.435358732938766 0.518840074539185 3.15062689781189
10 8 -0.437023341655731 0.590985715389252 3.16275882720947
10 9 0.153144270181656 0.164145722985268 3.14942812919617
10 10 0.205104380846024 -0.0799865424633026 3.10991096496582
10 11 0.179141595959663 -0.273522198200226 2.9963116645813
10 12 0.169892385601997 -0.344173491001129 2.96039462089539
10 13 -0.120656125247478 -0.194086402654648 3.0824499130249
10 14 -0.115047000348568 -0.671012759208679 3.06182980537415
10 15 -0.125169187784195 -1.00613641738892 3.01404047012329
10 16 -0.153135269880295 -1.05604517459869 2.94743609428406
10 17 0.0484125651419163 -0.194261133670807 3.05626344680786
10 18 0.0971350371837616 -0.672864437103271 3.01774215698242
10 19 0.105213679373264 -0.997007966041565 2.99602603912354
10 20 0.111617848277092 -1.05104064941406 2.91465330123901
11 1 -0.0341653265058994 -0.110990017652512 3.09187984466553
11 2 -0.0261760987341404 -0.0588386803865433 3.15206813812256
11 3 -0.0242332518100739 0.279841035604477 3.18490099906921
11 4 -0.0286921560764313 0.472729176282883 3.18760323524475
11 5 -0.223183289170265 0.202435687184334 3.20781278610229
11 6 -0.429872870445251 0.304106205701828 3.17985653877258
11 7 -0.43517929315567 0.518479108810425 3.14916300773621
11 8 -0.43025729060173 0.582850575447083 3.15953373908997
11 9 0.151777848601341 0.164631649851799 3.1489999294281
11 10 0.204771399497986 -0.0826624631881714 3.10916757583618
11 11 0.171325132250786 -0.328482508659363 2.96991658210754
11 12 0.157292231917381 -0.377419978380203 2.93902826309204
11 13 -0.121188551187515 -0.194053292274475 3.08170700073242
11 14 -0.114435091614723 -0.669739603996277 3.06196761131287
11 15 -0.125255048274994 -1.00683522224426 3.01813459396362
11 16 -0.151339039206505 -1.05579233169556 2.95127201080322
11 17 0.0480784550309181 -0.194014087319374 3.05611038208008
11 18 0.096576526761055 -0.665841221809387 3.01720762252808
11 19 0.102928876876831 -0.995425820350647 3.00132369995117
11 20 0.109625488519669 -1.04455173015594 2.93505167961121
12 1 -0.0340282954275608 -0.110995315015316 3.09172081947327
12 2 -0.0263571478426456 -0.058843094855547 3.15189504623413
12 3 -0.0242398176342249 0.279449731111526 3.18474674224854
12 4 -0.029811417683959 0.471323043107986 3.18613314628601
12 5 -0.223293319344521 0.202462732791901 3.20695900917053
12 6 -0.429892301559448 0.303800761699677 3.17947363853455
12 7 -0.435113668441772 0.51967316865921 3.14847731590271
12 8 -0.429125666618347 0.57981812953949 3.15719056129456
12 9 0.152155160903931 0.165833950042725 3.15013265609741
12 10 0.206932604312897 -0.078531377017498 3.11091947555542
12 11 0.170438826084137 -0.323143929243088 2.97033190727234
12 12 0.161548167467117 -0.391198515892029 2.93305206298828
12 13 -0.12079631537199 -0.194208443164825 3.08151483535767
12 14 -0.114715628325939 -0.671611785888672 3.06130027770996
12 15 -0.12542687356472 -1.01308965682983 3.02084469795227
12 16 -0.154203116893768 -1.05814981460571 2.94163346290588
12 17 0.0481683127582073 -0.193879619240761 3.05609273910522
12 18 0.0967486649751663 -0.662608921527863 3.01567912101746
12 19 0.102193832397461 -0.991337478160858 3.00196862220764
12 20 0.109669983386993 -1.04199457168579 2.93750381469727
13 1 -0.0341399759054184 -0.111323177814484 3.09144568443298
13 2 -0.0265184547752142 -0.0590441338717937 3.15151476860046
13 3 -0.0248211938887835 0.279503524303436 3.1836371421814
13 4 -0.0250263269990683 0.472778737545013 3.18693327903748
13 5 -0.223674863576889 0.202500179409981 3.20675683021545
13 6 -0.430143624544144 0.304769158363342 3.17933440208435
13 7 -0.435345858335495 0.523336589336395 3.14941596984863
13 8 -0.429876565933228 0.580922961235046 3.15881609916687
13 9 0.150899454951286 0.165674477815628 3.14939308166504
13 10 0.203849196434021 -0.0847861543297768 3.10962629318237
13 11 0.168760180473328 -0.328413218259811 2.96667456626892
13 12 0.166131004691124 -0.394213140010834 2.92948150634766
13 13 -0.12067474424839 -0.194436132907867 3.0810694694519
13 14 -0.115298375487328 -0.670907914638519 3.06045293807983
13 15 -0.125227689743042 -1.0076402425766 3.01646113395691
13 16 -0.154552817344666 -1.05909085273743 2.94436478614807
13 17 0.0481242947280407 -0.19407807290554 3.05626249313354
13 18 0.0966653078794479 -0.663466572761536 3.01600909233093
13 19 0.101914420723915 -0.993441820144653 3.00173497200012
13 20 0.113787665963173 -1.03945899009705 2.93576312065125
14 1 -0.0345575883984566 -0.11095654219389 3.09170532226563
14 2 -0.0269659291952848 -0.0587619356811047 3.15182638168335
14 3 -0.0252373069524765 0.280896723270416 3.18558216094971
14 4 -0.0297198761254549 0.472611635923386 3.18771815299988
14 5 -0.224359944462776 0.202358469367027 3.20718836784363
14 6 -0.429855287075043 0.305132687091827 3.18037247657776
14 7 -0.43689700961113 0.52236795425415 3.1481614112854
14 8 -0.43161803483963 0.579495131969452 3.15792679786682
14 9 0.150799348950386 0.165956437587738 3.14960956573486
14 10 0.202390924096107 -0.0906916782259941 3.11048555374146
14 11 0.167441785335541 -0.333264589309692 2.96505570411682
14 12 0.160138890147209 -0.397455513477325 2.93395733833313
14 13 -0.121048897504807 -0.194146811962128 3.08153629302979
14 14 -0.114834055304527 -0.670702338218689 3.06062483787537
14 15 -0.125399589538574 -1.00996911525726 3.01945805549622
14 16 -0.153908789157867 -1.05904161930084 2.95288944244385
14 17 0.0477515906095505 -0.193788915872574 3.0563817024231
14 18 0.0959323048591614 -0.669448614120483 3.01719832420349
14 19 0.107509903609753 -0.999237537384033 2.99205088615417
14 20 0.11176323890686 -1.05060625076294 2.91384053230286
15 1 -0.0349783860146999 -0.110951587557793 3.0923159122467
15 2 -0.0272964257746935 -0.0588334538042545 3.1524498462677
15 3 -0.0263815429061651 0.28101572394371 3.18732357025146
15 4 -0.0300858449190855 0.474263250827789 3.19191670417786
15 5 -0.225188210606575 0.201748505234718 3.20857787132263
15 6 -0.43098109960556 0.306335777044296 3.18065190315247
15 7 -0.437694489955902 0.516477406024933 3.14769339561462
15 8 -0.430008053779602 0.577838063240051 3.15898418426514
15 9 0.150618255138397 0.165681675076485 3.14947891235352
15 10 0.201024547219276 -0.0917475745081902 3.11257719993591
15 11 0.162277773022652 -0.329426467418671 2.95893859863281
15 12 0.173233047127724 -0.386159539222717 2.95260071754456
15 13 -0.121457748115063 -0.194297894835472 3.08263659477234
15 14 -0.114290185272694 -0.672313451766968 3.06156730651855
15 15 -0.125636726617813 -1.00618171691895 3.01525640487671
15 16 -0.151908367872238 -1.06014096736908 2.94677686691284
15 17 0.0474255159497261 -0.193863734602928 3.05655431747437
15 18 0.0945876464247704 -0.667864620685577 3.01670455932617
15 19 0.103210859000683 -0.997903168201447 2.99550414085388
15 20 0.108867287635803 -1.04702877998352 2.93468117713928
16 1 -0.035748828202486 -0.111041143536568 3.09344625473022
16 2 -0.0281726103276014 -0.0589200146496296 3.1537663936615
16 3 -0.028033584356308 0.282272577285767 3.19045805931091
16 4 -0.0328400917351246 0.474637508392334 3.19353556632996
16 5 -0.226358830928802 0.201260149478912 3.20962572097778
16 6 -0.431354522705078 0.306510478258133 3.18119645118713
16 7 -0.43826961517334 0.517529666423798 3.14910006523132
16 8 -0.432810425758362 0.580089032649994 3.16396713256836
16 9 0.149768978357315 0.165471822023392 3.15049242973328
16 10 0.200986072421074 -0.0935680121183395 3.11502432823181
16 11 0.180544972419739 -0.271829426288605 3.00011372566223
16 12 0.17308197915554 -0.338804543018341 2.95738673210144
16 13 -0.122345000505447 -0.19448034465313 3.08391356468201
16 14 -0.114400543272495 -0.671303153038025 3.0613009929657
16 15 -0.122840844094753 -1.00715231895447 3.01516199111938
16 16 -0.152868628501892 -1.0579229593277 2.94572424888611
16 17 0.046933576464653 -0.19409167766571 3.05718374252319
16 18 0.0954700857400894 -0.669431447982788 3.01768946647644
16 19 0.103846453130245 -0.998268604278564 2.99399995803833
16 20 0.11091648042202 -1.04999077320099 2.91261911392212
17 1 -0.0351580046117306 -0.112012818455696 3.09384226799011
17 2 -0.0276273526251316 -0.0594696179032326 3.15405511856079
17 3 -0.0270633809268475 0.28220796585083 3.18950581550598
17 4 -0.0281253904104233 0.474726676940918 3.1943826675415
17 5 -0.226317316293716 0.201578214764595 3.20981645584106
17 6 -0.431471407413483 0.305301338434219 3.1819806098938
17 7 -0.439464777708054 0.519956707954407 3.14975118637085
17 8 -0.434589982032776 0.579302191734314 3.16366934776306
17 9 0.14881007373333 0.164248764514923 3.15064859390259
17 10 0.201192632317543 -0.0944987833499908 3.11458277702332
17 11 0.16187459230423 -0.333981394767761 2.96318984031677
17 12 0.162803307175636 -0.387771874666214 2.93730926513672
17 13 -0.121618047356606 -0.195071518421173 3.08404088020325
17 14 -0.115108326077461 -0.673727869987488 3.06172752380371
17 15 -0.127962321043015 -1.01174640655518 3.01359677314758
17 16 -0.150235563516617 -1.05841255187988 2.93305969238281
17 17 0.0474434830248356 -0.194998025894165 3.05877876281738
17 18 0.0956573262810707 -0.669760763645172 3.01759815216064
17 19 0.104419097304344 -1.00655579566956 2.99192047119141
17 20 0.11542534083128 -1.05106616020203 2.93253040313721
18 1 -0.0342716425657272 -0.112357683479786 3.09418177604675
18 2 -0.02676135674119 -0.0598614811897278 3.15440535545349
18 3 -0.0234294831752777 0.280738055706024 3.18912816047668
18 4 -0.0263616237789392 0.473725318908691 3.19220733642578
18 5 -0.225008949637413 0.202249795198441 3.20969271659851
18 6 -0.431704163551331 0.305673480033875 3.18210363388062
18 7 -0.437481224536896 0.517144024372101 3.14953303337097
18 8 -0.433247566223145 0.584262192249298 3.15993118286133
18 9 0.149824157357216 0.164471879601479 3.15218806266785
18 10 0.202147334814072 -0.093413807451725 3.11220574378967
18 11 0.176607549190521 -0.271241635084152 2.99696254730225
18 12 0.168554082512856 -0.344392120838165 2.96072006225586
18 13 -0.120664052665234 -0.195302337408066 3.08382344245911
18 14 -0.115488775074482 -0.67244565486908 3.06228184700012
18 15 -0.12503682076931 -1.00819134712219 3.01536846160889
18 16 -0.154099121689796 -1.05873930454254 2.94173622131348
18 17 0.0481972880661488 -0.195316955447197 3.05962514877319
18 18 0.0942253395915031 -0.672509253025055 3.01820468902588
18 19 0.104689702391624 -1.00443553924561 2.98777747154236
18 20 0.116968557238579 -1.05766665935516 2.90815210342407
19 1 -0.0338266044855118 -0.112030573189259 3.09464979171753
19 2 -0.0264101251959801 -0.0598863624036312 3.15494227409363
19 3 -0.0239462591707706 0.280211955308914 3.19010734558105
19 4 -0.0263616498559713 0.472612202167511 3.19424033164978
19 5 -0.224081665277481 0.202218383550644 3.20911335945129
19 6 -0.431024521589279 0.305814892053604 3.1816554069519
19 7 -0.436680912971497 0.524240434169769 3.14815592765808
19 8 -0.430916875600815 0.594677567481995 3.15289950370789
19 9 0.150491684675217 0.165142387151718 3.15300750732422
19 10 0.203705236315727 -0.0905524119734764 3.11526918411255
19 11 0.179851949214935 -0.269791543483734 3.00178384780884
19 12 0.16864962875843 -0.342733532190323 2.96378326416016
19 13 -0.119908325374126 -0.195024237036705 3.08379912376404
19 14 -0.114976815879345 -0.669762670993805 3.06310129165649
19 15 -0.125573962926865 -1.00606942176819 3.01583337783813
19 16 -0.152152433991432 -1.05685758590698 2.94441986083984
19 17 0.0489245168864727 -0.194834753870964 3.06057167053223
19 18 0.0949277356266975 -0.664158046245575 3.01708436012268
19 19 0.10382603853941 -0.996049284934998 2.99384641647339
19 20 0.110646814107895 -1.04523003101349 2.93018627166748
20 1 -0.0329485908150673 -0.113162145018578 3.09486413002014
20 2 -0.0255730766803026 -0.0608958229422569 3.15515375137329
20 3 -0.0226848348975182 0.279297053813934 3.19029307365417
20 4 -0.0239359699189663 0.472858279943466 3.19539999961853
20 5 -0.223791167140007 0.202499061822891 3.20921754837036
20 6 -0.43109405040741 0.304905861616135 3.18104004859924
20 7 -0.43502801656723 0.519425392150879 3.14750003814697
20 8 -0.427797108888626 0.581930756568909 3.1553213596344
20 9 0.151195466518402 0.164998799562454 3.15317988395691
20 10 0.202831655740738 -0.0963208675384521 3.11265397071838
20 11 0.179096862673759 -0.275453746318817 2.99862289428711
20 12 0.158434227108955 -0.346520960330963 2.95854926109314
20 13 -0.119393341243267 -0.195702359080315 3.08326101303101
20 14 -0.115166760981083 -0.67079883813858 3.06283116340637
20 15 -0.127227410674095 -1.00445020198822 3.01517510414124
20 16 -0.15171854197979 -1.05506873130798 2.94495415687561
20 17 0.0496873371303082 -0.196176692843437 3.06169676780701
20 18 0.0956362038850784 -0.677006244659424 3.02046895027161
20 19 0.104151040315628 -0.998721361160278 2.99447321891785
20 20 0.112686157226563 -1.05228805541992 2.90827798843384
