1 1 -0.0480440743267536 -0.108442813158035 3.10697937011719
1 2 -0.0339534394443035 -0.0579232424497604 3.16594791412354
1 3 -0.0335197597742081 0.274867624044418 3.19881415367126
1 4 -0.0560869686305523 0.471401572227478 3.20029067993164
1 5 -0.242327779531479 0.207804724574089 3.25327968597412
1 6 -0.439870238304138 0.315931588411331 3.25432562828064
1 7 -0.454730331897736 0.524344444274902 3.21086812019348
1 8 -0.448997169733047 0.590128481388092 3.21908020973206
1 9 0.135164007544518 0.164264187216759 3.1459858417511
1 10 0.1903385668993 -0.0774914845824242 3.09042382240295
1 11 0.158283442258835 -0.324370056390762 2.95905542373657
1 12 0.14748702943325 -0.380854099988937 2.93282294273376
1 13 -0.135454505681992 -0.195915639400482 3.10493135452271
1 14 -0.113086052238941 -0.672952234745026 3.06734085083008
1 15 -0.126192718744278 -1.00659465789795 3.01051139831543
1 16 -0.152169898152351 -1.05950605869293 2.95120644569397
1 17 0.0331514030694962 -0.192207276821136 3.06189775466919
1 18 0.0969230011105537 -0.661090314388275 3.01593637466431
1 19 0.104521013796329 -0.991602063179016 2.98578286170959
1 20 0.110103696584702 -1.04356336593628 2.93059015274048
2 1 -0.0477160662412643 -0.107883527874947 3.10620141029358
2 2 -0.0335882157087326 -0.0571500547230244 3.1648690700531
2 3 -0.0297715086489916 0.274135142564774 3.19458103179932
2 4 -0.0550978891551495 0.469175398349762 3.19742870330811
2 5 -0.241774901747704 0.208972349762917 3.25241184234619
2 6 -0.436889290809631 0.320121347904205 3.25059819221497
2 7 -0.450771480798721 0.525255680084229 3.21231007575989
2 8 -0.444518804550171 0.590828001499176 3.22532248497009
2 9 0.137812480330467 0.162404119968414 3.14567708969116
2 10 0.194634661078453 -0.0746465474367142 3.09318137168884
2 11 0.159500181674957 -0.320257157087326 2.96067643165588
2 12 0.154097989201546 -0.376001179218292 2.93510675430298
2 13 -0.135536774992943 -0.195815533399582 3.10468673706055
2 14 -0.113128811120987 -0.67082154750824 3.06697750091553
2 15 -0.123994953930378 -1.00557029247284 3.01243805885315
2 16 -0.154580518603325 -1.05975079536438 2.95404076576233
2 17 0.0334404371678829 -0.192306935787201 3.0604043006897
2 18 0.0965958163142204 -0.659525513648987 3.01621127128601
2 19 0.105932310223579 -0.985510528087616 2.98639583587646
2 20 0.109308660030365 -1.03759670257568 2.93429899215698
3 1 -0.0466669872403145 -0.108154907822609 3.10527276992798
3 2 -0.0323787927627563 -0.0572278089821339 3.16379737854004
3 3 -0.0270478222519159 0.276302725076675 3.19462990760803
3 4 -0.0524375066161156 0.471506863832474 3.19691801071167
3 5 -0.240739271044731 0.209512516856194 3.25071096420288
3 6 -0.434201896190643 0.322089850902557 3.24647283554077
3 7 -0.447366714477539 0.529522955417633 3.21120548248291
3 8 -0.443030834197998 0.589638531208038 3.21919441223145
3 9 0.138153791427612 0.162055730819702 3.14506959915161
3 10 0.194287002086639 -0.0731237083673477 3.09136867523193
3 11 0.159326031804085 -0.319326907396317 2.96149682998657
3 12 0.156253457069397 -0.373725444078445 2.93660163879395
3 13 -0.135556742548943 -0.195846945047379 3.10382604598999
3 14 -0.112620055675507 -0.671926617622375 3.06674885749817
3 15 -0.122742906212807 -1.00832986831665 3.01582074165344
3 16 -0.154676109552383 -1.05991625785828 2.94603037834167
3 17 0.0342708304524422 -0.192592427134514 3.05985736846924
3 18 0.0960683375597 -0.658315062522888 3.01563763618469
3 19 0.103440567851067 -0.98834228515625 2.98587656021118
3 20 0.110315255820751 -1.03924202919006 2.93477654457092
4 1 -0.0462995618581772 -0.107469275593758 3.10510563850403
4 2 -0.0325234904885292 -0.0568328388035297 3.16384243965149
4 3 -0.028539652004838 0.27585631608963 3.19644069671631
4 4 -0.0483359843492508 0.473474770784378 3.2012894153595
4 5 -0.238234013319016 0.21175554394722 3.25098347663879
4 6 -0.431522995233536 0.324823081493378 3.24490904808044
4 7 -0.444429218769073 0.530744135379791 3.20874071121216
4 8 -0.445153266191483 0.594087600708008 3.21352934837341
4 9 0.141207993030548 0.161744982004166 3.14643025398254
4 10 0.194142982363701 -0.0711617767810822 3.09628415107727
4 11 0.160404846072197 -0.316041469573975 2.96517610549927
4 12 0.162126645445824 -0.36955389380455 2.93864989280701
4 13 -0.134835913777351 -0.195207059383392 3.10316562652588
4 14 -0.113504841923714 -0.670777261257172 3.0667245388031
4 15 -0.122539006173611 -1.00817036628723 3.01605463027954
4 16 -0.152553856372833 -1.05916941165924 2.95401334762573
4 17 0.0348980687558651 -0.192655980587006 3.0592405796051
4 18 0.0959406569600105 -0.663824260234833 3.01660251617432
4 19 0.102300524711609 -0.998556137084961 2.98349714279175
4 20 0.11015098541975 -1.04414129257202 2.9280846118927
5 1 -0.0456876344978809 -0.107762135565281 3.10473442077637
5 2 -0.0320451036095619 -0.0571037009358406 3.16354727745056
5 3 -0.0281405486166477 0.275468975305557 3.1965663433075
5 4 -0.0458578057587147 0.473560005426407 3.20231175422668
5 5 -0.237004429101944 0.212128937244415 3.25089907646179
5 6 -0.431310892105103 0.325277090072632 3.24577689170837
5 7 -0.443374872207642 0.528721809387207 3.20572900772095
5 8 -0.440566033124924 0.609027504920959 3.206538438797
5 9 0.142220288515091 0.162122458219528 3.14758992195129
5 10 0.193974629044533 -0.0731241405010223 3.09599709510803
5 11 0.160744339227676 -0.317257821559906 2.96442651748657
5 12 0.159942090511322 -0.370424926280975 2.93796014785767
5 13 -0.134282886981964 -0.195398926734924 3.1027147769928
5 14 -0.113412275910378 -0.671858191490173 3.06690144538879
5 15 -0.124579846858978 -1.00668835639954 3.01178050041199
5 16 -0.154604196548462 -1.06094896793365 2.94047713279724
5 17 0.0355335175991058 -0.192889913916588 3.05898761749268
5 18 0.0962530374526978 -0.658999800682068 3.01498794555664
5 19 0.104590333998203 -0.982570171356201 2.98871803283691
5 20 0.108312509953976 -1.04028904438019 2.92497229576111
6 1 -0.0457329340279102 -0.107744418084621 3.10471820831299
6 2 -0.0324167422950268 -0.0570870265364647 3.16362142562866
6 3 -0.0284912940114737 0.276285886764526 3.19722771644592
6 4 -0.0450964644551277 0.472476005554199 3.20132088661194
6 5 -0.236197456717491 0.21304427087307 3.25125002861023
6 6 -0.433211892843246 0.336271345615387 3.24333477020264
6 7 -0.440919071435928 0.583925127983093 3.19799971580505
6 8 -0.442109078168869 0.644890189170837 3.18938970565796
6 9 0.143613055348396 0.162000983953476 3.15024900436401
6 10 0.195216462016106 -0.0758686512708664 3.0983772277832
6 11 0.1590526252985 -0.318420350551605 2.96481084823608
6 12 0.163526549935341 -0.370395660400391 2.93731689453125
6 13 -0.134442821145058 -0.195209339261055 3.10276007652283
6 14 -0.113480843603611 -0.673868775367737 3.06697678565979
6 15 -0.126242652535439 -1.00861513614655 3.00868844985962
6 16 -0.155377477407455 -1.0620311498642 2.94395756721497
6 17 0.0355251394212246 -0.193055808544159 3.05899572372437
6 18 0.0950252488255501 -0.661266207695007 3.0154926776886
6 19 0.102092765271664 -0.988143444061279 2.98795938491821
6 20 0.109037593007088 -1.04161393642426 2.92483234405518
7 1 -0.0455498211085796 -0.107671514153481 3.10488533973694
7 2 -0.0321704186499119 -0.0569054000079632 3.16379690170288
7 3 -0.0283163785934448 0.276948273181915 3.19731426239014
7 4 -0.0449240058660507 0.472264498472214 3.20254993438721
7 5 -0.236106976866722 0.213584169745445 3.25153994560242
7 6 -0.432719796895981 0.332964420318604 3.24114751815796
7 7 -0.437769740819931 0.533419966697693 3.20422291755676
7 8 -0.439460873603821 0.614318788051605 3.19764947891235
7 9 0.143692374229431 0.163059800863266 3.15043210983276
7 10 0.196337819099426 -0.072968378663063 3.10084390640259
7 11 0.159625321626663 -0.314452350139618 2.96525025367737
7 12 0.159485206007957 -0.368520259857178 2.93922686576843
7 13 -0.134265661239624 -0.195243716239929 3.10358142852783
7 14 -0.113695248961449 -0.672489881515503 3.06674027442932
7 15 -0.126865357160568 -1.00648272037506 3.00920581817627
7 16 -0.153035625815392 -1.05833864212036 2.94657373428345
7 17 0.0357008948922157 -0.19299128651619 3.05895853042603
7 18 0.0952885448932648 -0.658076643943787 3.01544284820557
7 19 0.103884547948837 -0.984849452972412 2.9882173538208
7 20 0.108066998422146 -1.03894734382629 2.92644000053406
8 1 -0.0457396134734154 -0.107260659337044 3.10518717765808
8 2 -0.0323577933013439 -0.0564996153116226 3.16405534744263
8 3 -0.0284453276544809 0.276941806077957 3.1976101398468
8 4 -0.0454812943935394 0.474831461906433 3.20438408851624
8 5 -0.236076429486275 0.214617133140564 3.25257778167725
8 6 -0.430651187896729 0.330415099859238 3.24286675453186
8 7 -0.437697619199753 0.53064489364624 3.20517373085022
8 8 -0.439848780632019 0.613505005836487 3.19978904724121
8 9 0.142679989337921 0.163571581244469 3.15154957771301
8 10 0.195684909820557 -0.0749051496386528 3.10112977027893
8 11 0.158860966563225 -0.316060662269592 2.96514701843262
8 12 0.161801129579544 -0.372681766748428 2.94159579277039
8 13 -0.134603500366211 -0.194841280579567 3.10395550727844
8 14 -0.113868415355682 -0.671638786792755 3.06675243377686
8 15 -0.127874150872231 -1.00655877590179 3.00961685180664
8 16 -0.154058128595352 -1.05831468105316 2.95270490646362
8 17 0.0355500988662243 -0.192671969532967 3.05935001373291
8 18 0.0947744995355606 -0.657573819160461 3.01515674591064
8 19 0.103729367256165 -0.98922723531723 2.98456692695618
8 20 0.111690767109394 -1.03905081748962 2.93064570426941
9 1 -0.0457603447139263 -0.107113316655159 3.10503149032593
9 2 -0.0326267890632153 -0.0561434701085091 3.16397953033447
9 3 -0.0288846716284752 0.27853524684906 3.19766807556152
9 4 -0.0442134886980057 0.475444227457047 3.20389580726624
9 5 -0.235297799110413 0.214403763413429 3.25148344039917
9 6 -0.430214166641235 0.335448563098907 3.23961210250854
9 7 -0.43635106086731 0.535743117332459 3.20126700401306
9 8 -0.439155101776123 0.62001895904541 3.19618964195251
9 9 0.143781125545502 0.164002075791359 3.15261459350586
9 10 0.196026504039764 -0.0794581770896912 3.1012761592865
9 11 0.158258587121964 -0.319340914487839 2.96277093887329
9 12 0.160528928041458 -0.375998139381409 2.93663024902344
9 13 -0.134888634085655 -0.194328039884567 3.10337090492249
9 14 -0.114242628216743 -0.672637701034546 3.06583309173584
9 15 -0.127865791320801 -1.00482130050659 3.00978517532349
9 16 -0.152651086449623 -1.05914008617401 2.94988775253296
9 17 0.03575674071908 -0.192549929022789 3.05942010879517
9 18 0.0938940420746803 -0.658900201320648 3.01564717292786
9 19 0.102977484464645 -0.990631818771362 2.98458480834961
9 20 0.107747450470924 -1.04026281833649 2.92915558815002
10 1 -0.0449953898787498 -0.107275530695915 3.10465979576111
10 2 -0.0323878675699234 -0.0561031624674797 3.16354393959045
10 3 -0.0283469893038273 0.278432190418243 3.19622659683228
10 4 -0.0411893725395203 0.4744713306427 3.20371675491333
10 5 -0.233624115586281 0.214240491390228 3.24806833267212
10 6 -0.428002536296844 0.343043327331543 3.23076820373535
10 7 -0.435382634401321 0.543654263019562 3.19446730613709
10 8 -0.439580291509628 0.629548788070679 3.1917736530304
10 9 0.145231455564499 0.163476124405861 3.15296864509583
10 10 0.196274727582932 -0.0749420002102852 3.10037517547607
10 11 0.157597333192825 -0.316054970026016 2.96420216560364
10 12 0.160851582884789 -0.373846858739853 2.93786334991455
10 13 -0.133918598294258 -0.194323018193245 3.10237884521484
10 14 -0.114872433245182 -0.672322034835815 3.06581354141235
10 15 -0.124684050679207 -1.00545275211334 3.0131630897522
10 16 -0.153281196951866 -1.06024432182312 2.93930578231812
10 17 0.0367632657289505 -0.192907214164734 3.05950403213501
10 18 0.0924083068966866 -0.658039808273315 3.01498007774353
10 19 0.103870987892151 -0.982779264450073 2.98917126655579
10 20 0.108400873839855 -1.03920865058899 2.92638254165649
11 1 -0.0446531102061272 -0.107173204421997 3.10395336151123
11 2 -0.0323340184986591 -0.0558639131486416 3.16287755966187
11 3 -0.0283443666994572 0.277692258358002 3.19413590431213
11 4 -0.039594292640686 0.473890721797943 3.2018129825592
11 5 -0.233043342828751 0.214627310633659 3.2461633682251
11 6 -0.427825510501862 0.337763547897339 3.22895574569702
11 7 -0.432263284921646 0.537872076034546 3.18693971633911
11 8 -0.434572696685791 0.624950051307678 3.18403267860413
11 9 0.146196454763412 0.163998574018478 3.15329575538635
11 10 0.195653259754181 -0.0815225839614868 3.10359907150269
11 11 0.159139975905418 -0.320638656616211 2.96251749992371
11 12 0.168030068278313 -0.376866817474365 2.93236184120178
11 13 -0.133510231971741 -0.193821609020233 3.10122752189636
11 14 -0.11479215323925 -0.66942423582077 3.06522035598755
11 15 -0.124864742159843 -1.0059232711792 3.01526927947998
11 16 -0.153744488954544 -1.05946063995361 2.94570016860962
11 17 0.0371980480849743 -0.192803382873535 3.05953335762024
11 18 0.0933492705225945 -0.657914042472839 3.01460194587708
11 19 0.102340027689934 -0.987591087818146 2.98490810394287
11 20 0.107178151607513 -1.03832316398621 2.92815923690796
12 1 -0.0444767437875271 -0.107377141714096 3.10270810127258
12 2 -0.0324435643851757 -0.056015744805336 3.16164755821228
12 3 -0.0279182977974415 0.277832567691803 3.1927011013031
12 4 -0.0406841598451138 0.47390341758728 3.19889497756958
12 5 -0.232990309596062 0.213734149932861 3.24233555793762
12 6 -0.428095728158951 0.333389341831207 3.22892737388611
12 7 -0.431626409292221 0.532499015331268 3.18021488189697
12 8 -0.435720413923264 0.620028018951416 3.17860698699951
12 9 0.146582394838333 0.162818089127541 3.15189790725708
12 10 0.197394445538521 -0.0770145803689957 3.10014390945435
12 11 0.161777526140213 -0.317867457866669 2.96193361282349
12 12 0.15846885740757 -0.374303162097931 2.93030881881714
12 13 -0.133663848042488 -0.193847805261612 3.09939646720886
12 14 -0.114545375108719 -0.669087409973145 3.0651798248291
12 15 -0.125344097614288 -1.00549387931824 3.01185250282288
12 16 -0.152081236243248 -1.05689668655396 2.94890856742859
12 17 0.0375416800379753 -0.193077906966209 3.05900311470032
12 18 0.0940680801868439 -0.659682869911194 3.01501202583313
12 19 0.102237686514854 -0.993873059749603 2.98503351211548
12 20 0.110716752707958 -1.04261374473572 2.92867541313171
13 1 -0.0448165833950043 -0.107816189527512 3.10179805755615
13 2 -0.0324697196483612 -0.0562712959945202 3.16082429885864
13 3 -0.0285265445709229 0.279134690761566 3.19278573989868
13 4 -0.0436944328248501 0.473313987255096 3.1969141960144
13 5 -0.233832180500031 0.212523028254509 3.24070119857788
13 6 -0.430072247982025 0.331133276224136 3.22403430938721
13 7 -0.434363126754761 0.544472217559814 3.17975664138794
13 8 -0.436292976140976 0.632010817527771 3.17622327804565
13 9 0.143043145537376 0.16308881342411 3.14898014068604
13 10 0.195509642362595 -0.0763938948512077 3.09781289100647
13 11 0.161990165710449 -0.318552941083908 2.96158170700073
13 12 0.160505503416061 -0.375838577747345 2.931391954422
13 13 -0.133882850408554 -0.194205582141876 3.09872126579285
13 14 -0.114291086792946 -0.668861985206604 3.06517839431763
13 15 -0.125748008489609 -1.00595355033875 3.01033115386963
13 16 -0.155664086341858 -1.06308102607727 2.95469164848328
13 17 0.0369520746171474 -0.19302199780941 3.05790114402771
13 18 0.0946078896522522 -0.657483577728271 3.01368427276611
13 19 0.103282317519188 -0.988710463047028 2.98390746116638
13 20 0.108061395585537 -1.04042971134186 2.93182945251465
14 1 -0.04552236571908 -0.108158200979233 3.1018214225769
14 2 -0.0331715866923332 -0.0565723031759262 3.16096949577332
14 3 -0.0284995138645172 0.280191898345947 3.19486403465271
14 4 -0.045334056019783 0.473895072937012 3.19763588905334
14 5 -0.234967052936554 0.212380886077881 3.23848652839661
14 6 -0.43140783905983 0.328783273696899 3.22178053855896
14 7 -0.437733143568039 0.545266389846802 3.17607116699219
14 8 -0.436040014028549 0.633174777030945 3.17301845550537
14 9 0.141931563615799 0.16406823694706 3.14825868606567
14 10 0.193524658679962 -0.0739442184567451 3.09589695930481
14 11 0.158951461315155 -0.316840618848801 2.96150541305542
14 12 0.154454201459885 -0.373216301202774 2.92941069602966
14 13 -0.134672671556473 -0.194187045097351 3.09814524650574
14 14 -0.114142633974552 -0.667989730834961 3.06540703773499
14 15 -0.126006886363029 -1.00420069694519 3.01126599311829
14 16 -0.15229757130146 -1.05922520160675 2.95302987098694
14 17 0.0359705202281475 -0.192983582615852 3.05843949317932
14 18 0.0937838852405548 -0.660274863243103 3.01502251625061
14 19 0.102052412927151 -0.996270358562469 2.98140716552734
14 20 0.110728934407234 -1.04332995414734 2.92432951927185
15 1 -0.0464790910482407 -0.108171537518501 3.10160517692566
15 2 -0.0339808464050293 -0.0565684586763382 3.1609902381897
15 3 -0.0274899937212467 0.281462490558624 3.19608759880066
15 4 -0.0484972894191742 0.474583476781845 3.19699692726135
15 5 -0.236427739262581 0.212781921029091 3.23621821403503
15 6 -0.433440387248993 0.328037887811661 3.21982979774475
15 7 -0.436613172292709 0.533038198947906 3.17535638809204
15 8 -0.436445206403732 0.620865225791931 3.17342710494995
15 9 0.140484422445297 0.163974583148956 3.14695119857788
15 10 0.192747116088867 -0.0740792006254196 3.09561085700989
15 11 0.157246395945549 -0.315988898277283 2.95976877212524
15 12 0.144787326455116 -0.37105193734169 2.92769193649292
15 13 -0.135864719748497 -0.194323748350143 3.09725785255432
15 14 -0.113876402378082 -0.671279668807983 3.06499409675598
15 15 -0.126633137464523 -1.00688862800598 3.00946140289307
15 16 -0.152711182832718 -1.05895102024078 2.95029854774475
15 17 0.0343035496771336 -0.192440286278725 3.05867123603821
15 18 0.093525841832161 -0.658142328262329 3.01474380493164
15 19 0.102785758674145 -0.988381862640381 2.98463273048401
15 20 0.108481861650944 -1.03977060317993 2.92909359931946
16 1 -0.047131322324276 -0.108273729681969 3.10074281692505
16 2 -0.0347146578133106 -0.056450642645359 3.16022753715515
16 3 -0.0287710092961788 0.282931178808212 3.1952748298645
16 4 -0.0488002672791481 0.474984794855118 3.19694995880127
16 5 -0.236808180809021 0.213018447160721 3.23444986343384
16 6 -0.434016495943069 0.328709781169891 3.21469235420227
16 7 -0.437402784824371 0.528641819953918 3.17186594009399
16 8 -0.438751131296158 0.616778373718262 3.17101836204529
16 9 0.139731228351593 0.163875266909599 3.14565658569336
16 10 0.192971870303154 -0.0741276293992996 3.09275937080383
16 11 0.158931314945221 -0.31698077917099 2.95844841003418
16 12 0.145498156547546 -0.373962759971619 2.92985153198242
16 13 -0.136647611856461 -0.194051325321198 3.09597063064575
16 14 -0.114632062613964 -0.67152351140976 3.06444096565247
16 15 -0.127999424934387 -1.00554013252258 3.00949168205261
16 16 -0.152856558561325 -1.05896830558777 2.94901847839355
16 17 0.0338679179549217 -0.192560940980911 3.05823183059692
16 18 0.093113087117672 -0.661850690841675 3.0153329372406
16 19 0.101479567587376 -0.987276673316956 2.98531746864319
16 20 0.111414529383183 -1.040482878685 2.91659426689148
17 1 -0.0473958179354668 -0.108320280909538 3.09985113143921
17 2 -0.0351043604314327 -0.0564988404512405 3.159428358078
17 3 -0.0283631049096584 0.282981663942337 3.19463229179382
17 4 -0.0500376336276531 0.475228875875473 3.19571256637573
17 5 -0.236981406807899 0.213809549808502 3.23219227790833
17 6 -0.433452188968658 0.328631192445755 3.21018266677856
17 7 -0.433594316244125 0.543505132198334 3.16617655754089
17 8 -0.433471113443375 0.632013082504272 3.16511154174805
17 9 0.140082597732544 0.163382545113564 3.14444661140442
17 10 0.192437380552292 -0.0753594860434532 3.09076046943665
17 11 0.156496554613113 -0.317403197288513 2.95547199249268
17 12 0.151413291692734 -0.378834456205368 2.93354868888855
17 13 -0.137055993080139 -0.193988591432571 3.09500694274902
17 14 -0.115301050245762 -0.67016875743866 3.06306600570679
17 15 -0.124792538583279 -1.00542461872101 3.01298046112061
17 16 -0.153326839208603 -1.06004869937897 2.94749760627747
17 17 0.0336241610348225 -0.192812100052834 3.05694007873535
17 18 0.0928709805011749 -0.662126481533051 3.01497268676758
17 19 0.10297729074955 -0.989693641662598 2.98003745079041
17 20 0.108929865062237 -1.03996646404266 2.91883230209351
18 1 -0.0471270903944969 -0.108630239963531 3.09793710708618
18 2 -0.0356650426983833 -0.0569149516522884 3.15764784812927
18 3 -0.0289843175560236 0.282787352800369 3.19432997703552
18 4 -0.0486804470419884 0.473461151123047 3.1927855014801
18 5 -0.236712664365768 0.213273167610168 3.22737693786621
18 6 -0.433267056941986 0.328993707895279 3.2054557800293
18 7 -0.434151977300644 0.529582738876343 3.16748809814453
18 8 -0.436890959739685 0.618383944034576 3.16535210609436
18 9 0.141415059566498 0.1644117385149 3.14335489273071
18 10 0.194003790616989 -0.0758022889494896 3.08879804611206
18 11 0.156303107738495 -0.318211495876312 2.95476078987122
18 12 0.14347717165947 -0.376642763614655 2.92763304710388
18 13 -0.136908829212189 -0.193928524851799 3.09099888801575
18 14 -0.115574784576893 -0.668351411819458 3.0622992515564
18 15 -0.124588653445244 -1.00444447994232 3.0120530128479
18 16 -0.154035583138466 -1.05953347682953 2.94725489616394
18 17 0.0339267067611218 -0.192874386906624 3.0554563999176
18 18 0.0926777273416519 -0.663006544113159 3.01287174224854
18 19 0.101449772715569 -0.99662983417511 2.98153448104858
18 20 0.109218247234821 -1.04149961471558 2.92616724967957
19 1 -0.0474945828318596 -0.108635984361172 3.09507298469543
19 2 -0.0357561334967613 -0.0568300411105156 3.15508651733398
19 3 -0.0277803484350443 0.283380657434464 3.19118356704712
19 4 -0.0481824763119221 0.472868651151657 3.18766689300537
19 5 -0.236333429813385 0.213333964347839 3.22478246688843
19 6 -0.433363646268845 0.332025945186615 3.20185804367065
19 7 -0.432806611061096 0.532730162143707 3.16437435150146
19 8 -0.435785382986069 0.621662497520447 3.16325497627258
19 9 0.141362354159355 0.164055362343788 3.14229393005371
19 10 0.193437859416008 -0.0755269899964333 3.08531618118286
19 11 0.156458243727684 -0.318885236978531 2.95280480384827
19 12 0.141271829605103 -0.375338613986969 2.92266011238098
19 13 -0.137155294418335 -0.193815648555756 3.0887348651886
19 14 -0.116291217505932 -0.670242846012115 3.0614972114563
19 15 -0.126753091812134 -1.00545763969421 3.00853586196899
19 16 -0.156401067972183 -1.06088519096375 2.94317865371704
19 17 0.0334530845284462 -0.192706316709518 3.05315589904785
19 18 0.0927275195717812 -0.661427319049835 3.01218938827515
19 19 0.102275930345058 -0.996145069599152 2.98090028762817
19 20 0.108361162245274 -1.04158818721771 2.92593717575073
20 1 -0.0471665412187576 -0.109104856848717 3.09320735931396
20 2 -0.0356988124549389 -0.0572052635252476 3.15326023101807
20 3 -0.02916544303298 0.282802283763886 3.18919086456299
20 4 -0.0478850044310093 0.473502337932587 3.18309926986694
20 5 -0.235698610544205 0.213707655668259 3.22283887863159
20 6 -0.433605074882507 0.329531788825989 3.19952082633972
20 7 -0.43286257982254 0.529853582382202 3.15881538391113
20 8 -0.435073852539063 0.619228959083557 3.15872740745544
20 9 0.140597254037857 0.16453218460083 3.14066076278687
20 10 0.192020073533058 -0.0756344124674797 3.08023452758789
20 11 0.157054483890533 -0.320788264274597 2.95072793960571
20 12 0.14985778927803 -0.380223214626312 2.92275834083557
20 13 -0.136115565896034 -0.194214180111885 3.08661842346191
20 14 -0.116488583385944 -0.672005355358124 3.06086015701294
20 15 -0.12742505967617 -1.00724458694458 3.01139450073242
20 16 -0.153476864099503 -1.05977237224579 2.94561362266541
20 17 0.0338825769722462 -0.192854434251785 3.05197477340698
20 18 0.0925102308392525 -0.665230214595795 3.01251912117004
20 19 0.102925725281239 -0.994239985942841 2.98045492172241
20 20 0.108721315860748 -1.04688465595245 2.91666316986084
