1 1 -0.0305134542286396 -0.0624527782201767 3.07914304733276
1 2 -0.0226127672940493 -0.0138067388907075 3.13918590545654
1 3 -0.00959307327866554 0.314508229494095 3.17561864852905
1 4 -0.0118864672258496 0.503634333610535 3.19221830368042
1 5 -0.209063649177551 0.290833562612534 3.22008728981018
1 6 -0.33749732375145 0.467939764261246 3.23781108856201
1 7 -0.287591457366943 0.717385411262512 3.26759552955627
1 8 -0.279082894325256 0.795615315437317 3.27501130104065
1 9 0.184934109449387 0.218587026000023 3.1583194732666
1 10 0.475216150283813 0.237433135509491 3.12539625167847
1 11 0.687737107276917 0.269828766584396 3.10581541061401
1 12 0.791792869567871 0.289236187934875 3.12101817131042
1 13 -0.122703462839127 -0.14504761993885 3.06103682518005
1 14 -0.105456098914146 -0.675116777420044 3.02661538124084
1 15 -0.104243904352188 -1.01523995399475 2.97756552696228
1 16 -0.132071405649185 -1.07044780254364 2.91992664337158
1 17 0.0534246787428856 -0.154187083244324 3.04747152328491
1 18 0.0598979890346527 -0.666652977466583 2.99764776229858
1 19 0.0630245208740234 -1.00157380104065 2.95628452301025
1 20 0.0781666040420532 -1.04831600189209 2.87927675247192
2 1 -0.0252261590212584 -0.066354475915432 3.08443903923035
2 2 -0.0186364017426968 -0.0158974397927523 3.14393091201782
2 3 -0.0103751393035054 0.315806359052658 3.17822694778442
2 4 -0.0112996594980359 0.503971576690674 3.19416451454163
2 5 -0.206860646605492 0.287710249423981 3.22165727615356
2 6 -0.341498792171478 0.456390529870987 3.24176836013794
2 7 -0.30015155673027 0.711141049861908 3.26456212997437
2 8 -0.297815203666687 0.788739323616028 3.26246285438538
2 9 0.185667514801025 0.219450160861015 3.16374659538269
2 10 0.474758952856064 0.237652242183685 3.13652110099792
2 11 0.687567532062531 0.270335495471954 3.11334991455078
2 12 0.789809167385101 0.28940486907959 3.12828636169434
2 13 -0.115135513246059 -0.149895444512367 3.06665897369385
2 14 -0.10289841145277 -0.676152646541595 3.02932715415955
2 15 -0.104033648967743 -1.01457595825195 2.97701549530029
2 16 -0.124095536768436 -1.06256878376007 2.90859913825989
2 17 0.0594850368797779 -0.156768798828125 3.0545756816864
2 18 0.0660676583647728 -0.667933166027069 3.00263667106628
2 19 0.0689588189125061 -1.00353312492371 2.95173859596252
2 20 0.0773521512746811 -1.04987132549286 2.87945079803467
3 1 -0.021593514829874 -0.0681062191724777 3.0887622833252
3 2 -0.0153220612555742 -0.0167948752641678 3.14823746681213
3 3 -0.00917843170464039 0.317288994789124 3.1807873249054
3 4 -0.0109230997040868 0.50398176908493 3.19660019874573
3 5 -0.204154208302498 0.285861760377884 3.22373199462891
3 6 -0.344869285821915 0.454323679208755 3.24158883094788
3 7 -0.308611810207367 0.714828252792358 3.27172088623047
3 8 -0.307946234941483 0.791386067867279 3.27457046508789
3 9 0.186322689056396 0.22073321044445 3.1688244342804
3 10 0.477561861276627 0.237666592001915 3.13910412788391
3 11 0.690324306488037 0.270768821239471 3.11409521102905
3 12 0.791186213493347 0.289580971002579 3.12882971763611
3 13 -0.111521787941456 -0.150937885046005 3.07026195526123
3 14 -0.102253399789333 -0.672306656837463 3.02933573722839
3 15 -0.103569954633713 -1.01053595542908 2.97871613502502
3 16 -0.121821016073227 -1.05773842334747 2.91797041893005
3 17 0.063562273979187 -0.157763332128525 3.06081700325012
3 18 0.0704863592982292 -0.663269996643066 3.00488805770874
3 19 0.0704465955495834 -1.00074517726898 2.9565646648407
3 20 0.0758935734629631 -1.04696881771088 2.89280366897583
4 1 -0.0191323682665825 -0.0692439824342728 3.09035611152649
4 2 -0.0130333695560694 -0.0176041349768639 3.14994144439697
4 3 -0.00898764282464981 0.317902982234955 3.18284702301025
4 4 -0.0111882835626602 0.504768192768097 3.19724655151367
4 5 -0.202956274151802 0.283270478248596 3.22562313079834
4 6 -0.349974513053894 0.450349926948547 3.2504551410675
4 7 -0.31362196803093 0.713252007961273 3.27320766448975
4 8 -0.311197221279144 0.788867890834808 3.2770402431488
4 9 0.186073198914528 0.221986681222916 3.17064666748047
4 10 0.478268384933472 0.238823100924492 3.13825368881226
4 11 0.691957831382751 0.271744281053543 3.11644506454468
4 12 0.791684925556183 0.290344804525375 3.13101410865784
4 13 -0.107958078384399 -0.152000248432159 3.07167077064514
4 14 -0.100743427872658 -0.670901536941528 3.03066635131836
4 15 -0.102772802114487 -1.00764322280884 2.97804045677185
4 16 -0.124215945601463 -1.05927896499634 2.92770481109619
4 17 0.0664873421192169 -0.158422395586967 3.06302785873413
4 18 0.0747325569391251 -0.663095057010651 3.00571775436401
4 19 0.0649192407727242 -0.995498716831207 2.96445417404175
4 20 0.0746076479554176 -1.04669642448425 2.88837218284607
5 1 -0.0168315228074789 -0.0712561756372452 3.08932900428772
5 2 -0.010776836425066 -0.0189222246408463 3.14897513389587
5 3 -0.00806219317018986 0.318930596113205 3.18136119842529
5 4 -0.0108211413025856 0.504265189170837 3.19658136367798
5 5 -0.203324839472771 0.279044598340988 3.22441434860229
5 6 -0.351475924253464 0.4393031001091 3.25310611724854
5 7 -0.317109256982803 0.713029026985168 3.2736713886261
5 8 -0.315179646015167 0.787547588348389 3.28367567062378
5 9 0.185025840997696 0.221834421157837 3.16892886161804
5 10 0.478150427341461 0.239203691482544 3.13838791847229
5 11 0.692259907722473 0.273864388465881 3.11664366722107
5 12 0.789824306964874 0.299053072929382 3.13082957267761
5 13 -0.105481997132301 -0.154789626598358 3.07066178321838
5 14 -0.0990123674273491 -0.67326819896698 3.03162574768066
5 15 -0.0966149866580963 -1.0099790096283 2.97653746604919
5 16 -0.128905743360519 -1.06485557556152 2.91056394577026
5 17 0.0684336721897125 -0.159352988004684 3.0619785785675
5 18 0.0735622346401215 -0.666994452476501 3.00562286376953
5 19 0.0658007934689522 -0.9995356798172 2.96094369888306
5 20 0.0770401507616043 -1.04641437530518 2.88639092445374
6 1 -0.0162089467048645 -0.0721691623330116 3.08782744407654
6 2 -0.0104111861437559 -0.0199010390788317 3.1477792263031
6 3 -0.00862346217036247 0.318401575088501 3.18085789680481
6 4 -0.0114421918988228 0.502410590648651 3.19102478027344
6 5 -0.202664449810982 0.276087194681168 3.22157526016235
6 6 -0.354675531387329 0.439916521310806 3.25361943244934
6 7 -0.318925350904465 0.710459887981415 3.26935696601868
6 8 -0.317701578140259 0.784397721290588 3.26484894752502
6 9 0.185436591506004 0.223295673727989 3.16832327842712
6 10 0.477552235126495 0.239139974117279 3.13454794883728
6 11 0.692071199417114 0.276084631681442 3.11333799362183
6 12 0.788139343261719 0.302534908056259 3.12419867515564
6 13 -0.104793839156628 -0.155199453234673 3.06866073608398
6 14 -0.0982529520988464 -0.670557677745819 3.03272294998169
6 15 -0.0981520563364029 -1.00737738609314 2.97777509689331
6 16 -0.127306148409843 -1.05902874469757 2.91678023338318
6 17 0.0689988806843758 -0.159439533948898 3.05918407440186
6 18 0.075005829334259 -0.659616529941559 3.00506496429443
6 19 0.0633758753538132 -0.988542377948761 2.96738910675049
6 20 0.0790508985519409 -1.04264271259308 2.8872709274292
7 1 -0.016363924369216 -0.0730470046401024 3.08485579490662
7 2 -0.0102145411074162 -0.0204562023282051 3.14489364624023
7 3 -0.00895844772458076 0.319049447774887 3.17781496047974
7 4 -0.0133345592767 0.505344390869141 3.18492293357849
7 5 -0.20212984085083 0.273903101682663 3.2189781665802
7 6 -0.360180467367172 0.431278228759766 3.25617361068726
7 7 -0.32179519534111 0.710295677185059 3.26967358589172
7 8 -0.323764353990555 0.783280313014984 3.26573038101196
7 9 0.184917941689491 0.224266245961189 3.16426157951355
7 10 0.479987680912018 0.239349901676178 3.13126707077026
7 11 0.695231437683105 0.276110410690308 3.11209416389465
7 12 0.790022134780884 0.30240786075592 3.12253904342651
7 13 -0.104881256818771 -0.155978068709373 3.06684827804565
7 14 -0.0983141735196114 -0.671683967113495 3.03363966941834
7 15 -0.100121892988682 -1.01199543476105 2.97794222831726
7 16 -0.131581142544746 -1.06255412101746 2.9106433391571
7 17 0.0688831508159637 -0.160116359591484 3.05656862258911
7 18 0.0737619996070862 -0.664256989955902 3.00574994087219
7 19 0.062360942363739 -1.00043630599976 2.96328353881836
7 20 0.0778239145874977 -1.04440450668335 2.88767385482788
8 1 -0.0164042990654707 -0.0732098072767258 3.08172345161438
8 2 -0.0103794625028968 -0.0206675585359335 3.14151573181152
8 3 -0.00984837766736746 0.318222016096115 3.17491102218628
8 4 -0.0115417065098882 0.505598425865173 3.1828830242157
8 5 -0.203323602676392 0.271658360958099 3.21595168113709
8 6 -0.361695289611816 0.424615383148193 3.25525641441345
8 7 -0.337122797966003 0.699230194091797 3.26363062858582
8 8 -0.324369519948959 0.768051087856293 3.28168082237244
8 9 0.184852212667465 0.224894762039185 3.16088604927063
8 10 0.480899572372437 0.238518103957176 3.13018560409546
8 11 0.697161912918091 0.272683352231979 3.10931038856506
8 12 0.790840029716492 0.298870593309402 3.11942601203918
8 13 -0.105370037257671 -0.156113937497139 3.06298422813416
8 14 -0.0970679894089699 -0.672867000102997 3.03297591209412
8 15 -0.105152405798435 -1.01278948783875 2.97545027732849
8 16 -0.127017557621002 -1.06156444549561 2.90471053123474
8 17 0.0690084621310234 -0.159978315234184 3.05207371711731
8 18 0.0742881745100021 -0.662189424037933 3.00397276878357
8 19 0.0616632625460625 -0.998492240905762 2.96420788764954
8 20 0.0787802189588547 -1.04643142223358 2.88621068000793
9 1 -0.0172244552522898 -0.0736244097352028 3.07689356803894
9 2 -0.0112826824188232 -0.021255012601614 3.13735461235046
9 3 -0.0115129183977842 0.318949192762375 3.17205452919006
9 4 -0.0137600814923644 0.506145834922791 3.18108201026917
9 5 -0.205192670226097 0.270270764827728 3.21146392822266
9 6 -0.363413989543915 0.41453754901886 3.24218606948853
9 7 -0.378218799829483 0.675793170928955 3.21911597251892
9 8 -0.339229494333267 0.741055488586426 3.28041386604309
9 9 0.18401400744915 0.22519950568676 3.15810608863831
9 10 0.465191215276718 0.2386794090271 3.1279444694519
9 11 0.681451857089996 0.272221833467484 3.10529255867004
9 12 0.774991452693939 0.298405259847641 3.11537003517151
9 13 -0.105951875448227 -0.157266825437546 3.057288646698
9 14 -0.0976016819477081 -0.673940181732178 3.03199291229248
9 15 -0.105088584125042 -1.01225388050079 2.97506284713745
9 16 -0.126141488552094 -1.06153106689453 2.90567660331726
9 17 0.0688459500670433 -0.16050860285759 3.0487847328186
9 18 0.0745147913694382 -0.665042102336884 3.00318574905396
9 19 0.0639744997024536 -1.00513255596161 2.95259261131287
9 20 0.0796479433774948 -1.04810416698456 2.88021159172058
10 1 -0.0180366951972246 -0.0723925158381462 3.07296776771545
10 2 -0.0126455388963223 -0.019996240735054 3.13335943222046
10 3 -0.0134609965607524 0.319387823343277 3.16662216186523
10 4 -0.0168757252395153 0.505916476249695 3.1782124042511
10 5 -0.208166629076004 0.269104272127151 3.20482635498047
10 6 -0.367151439189911 0.41395115852356 3.2365391254425
10 7 -0.367689549922943 0.691619992256165 3.25344252586365
10 8 -0.400583058595657 0.746743381023407 3.22020435333252
10 9 0.182684063911438 0.225508347153664 3.15498757362366
10 10 0.463098615407944 0.244683504104614 3.12702226638794
10 11 0.679857730865479 0.273524433374405 3.1063015460968
10 12 0.773531913757324 0.299756288528442 3.11638951301575
10 13 -0.106551855802536 -0.156516894698143 3.05354523658752
10 14 -0.0979885905981064 -0.672919273376465 3.03068614006042
10 15 -0.10370172560215 -1.01500773429871 2.97385215759277
10 16 -0.127413064241409 -1.06221985816956 2.90453195571899
10 17 0.0684947445988655 -0.159272864460945 3.04528617858887
10 18 0.073957122862339 -0.660654127597809 3.00190377235413
10 19 0.0624053291976452 -0.99638694524765 2.96429800987244
10 20 0.0782415121793747 -1.04520106315613 2.88531088829041
11 1 -0.0189403668045998 -0.0728803798556328 3.06932902336121
11 2 -0.0141362631693482 -0.0206722691655159 3.12957620620728
11 3 -0.018076540902257 0.317151486873627 3.16203927993774
11 4 -0.0261206179857254 0.504012763500214 3.17097926139832
11 5 -0.211544156074524 0.266733229160309 3.20017266273499
11 6 -0.372833847999573 0.413892060518265 3.22544288635254
11 7 -0.384409934282303 0.630471587181091 3.23858118057251
11 8 -0.38396155834198 0.715693593025208 3.23013401031494
11 9 0.180765748023987 0.225166320800781 3.15143871307373
11 10 0.459825158119202 0.245406851172447 3.12148594856262
11 11 0.676578640937805 0.27221617102623 3.10181093215942
11 12 0.771140694618225 0.298697859048843 3.11199426651001
11 13 -0.10700399428606 -0.15769000351429 3.04938817024231
11 14 -0.097690686583519 -0.673378169536591 3.0302050113678
11 15 -0.103450708091259 -1.01528334617615 2.97380948066711
11 16 -0.128892377018929 -1.06430459022522 2.8996217250824
11 17 0.0684627741575241 -0.159405201673508 3.04186964035034
11 18 0.0741721838712692 -0.661573886871338 3.0014271736145
11 19 0.0572565235197544 -1.00219285488129 2.96310877799988
11 20 0.0786721035838127 -1.0457352399826 2.88533735275269
12 1 -0.0198944937437773 -0.0722743719816208 3.06760144233704
12 2 -0.0149617781862617 -0.0204781722277403 3.1280243396759
12 3 -0.0195463635027409 0.316397547721863 3.16121363639832
12 4 -0.0271309595555067 0.505016505718231 3.17128396034241
12 5 -0.213907852768898 0.266513288021088 3.20014524459839
12 6 -0.374651521444321 0.415795773267746 3.22821950912476
12 7 -0.385558813810349 0.632348299026489 3.24000692367554
12 8 -0.381685823202133 0.714473366737366 3.23524522781372
12 9 0.179496347904205 0.225589096546173 3.15023827552795
12 10 0.460546970367432 0.246651008725166 3.11843514442444
12 11 0.675258994102478 0.284057468175888 3.09309530258179
12 12 0.770573914051056 0.310750246047974 3.10335993766785
12 13 -0.108507841825485 -0.157189264893532 3.04705834388733
12 14 -0.0985146388411522 -0.671678602695465 3.02864456176758
12 15 -0.0992728173732758 -1.0117883682251 2.97731375694275
12 16 -0.125092059373856 -1.06236791610718 2.91452383995056
12 17 0.0679723024368286 -0.158977791666985 3.03998351097107
12 18 0.0727505385875702 -0.661971271038055 2.99986672401428
12 19 0.0627366527915001 -1.00715839862823 2.95582818984985
12 20 0.0783336311578751 -1.04963707923889 2.88207101821899
13 1 -0.0213269125670195 -0.0712909772992134 3.06668829917908
13 2 -0.0163599662482738 -0.0198796838521957 3.12718844413757
13 3 -0.0208833683282137 0.316056430339813 3.16172051429749
13 4 -0.0306413155049086 0.509189605712891 3.17930674552917
13 5 -0.216983377933502 0.266488313674927 3.20038223266602
13 6 -0.37696173787117 0.419224619865417 3.2291214466095
13 7 -0.386197030544281 0.635856151580811 3.23870992660522
13 8 -0.38290724158287 0.714692831039429 3.23427700996399
13 9 0.177753448486328 0.225983306765556 3.14967942237854
13 10 0.456129193305969 0.248267099261284 3.11927080154419
13 11 0.670786499977112 0.283399641513824 3.09085845947266
13 12 0.76673948764801 0.310271143913269 3.10119152069092
13 13 -0.11006074398756 -0.156596273183823 3.04629778862
13 14 -0.0989426821470261 -0.66886031627655 3.02807974815369
13 15 -0.101851813495159 -1.01070606708527 2.97758626937866
13 16 -0.12018483877182 -1.05944180488586 2.91739392280579
13 17 0.066804014146328 -0.157954812049866 3.03849720954895
13 18 0.0699010416865349 -0.660027325153351 3.00062918663025
13 19 0.0590550974011421 -0.9959716796875 2.96835374832153
13 20 0.0782620906829834 -1.04619479179382 2.88667774200439
14 1 -0.0216709524393082 -0.0715194493532181 3.06672883033752
14 2 -0.0166310146450996 -0.020125200971961 3.12718868255615
14 3 -0.0211258381605148 0.315355986356735 3.16104578971863
14 4 -0.0315576903522015 0.5101637840271 3.17996454238892
14 5 -0.220399037003517 0.26489719748497 3.20070314407349
14 6 -0.379094511270523 0.421306580305099 3.22961759567261
14 7 -0.387177646160126 0.638046979904175 3.23730373382568
14 8 -0.383940666913986 0.714522063732147 3.235196352005
14 9 0.175503849983215 0.226777911186218 3.14992427825928
14 10 0.453742682933807 0.248669147491455 3.11937618255615
14 11 0.66845315694809 0.283542335033417 3.09314560890198
14 12 0.76500129699707 0.310580462217331 3.10354256629944
14 13 -0.110530361533165 -0.15738607943058 3.04702520370483
14 14 -0.0993697270750999 -0.669672429561615 3.02875399589539
14 15 -0.0991507470607758 -1.0107786655426 2.97748947143555
14 16 -0.12027196586132 -1.05628263950348 2.92049503326416
14 17 0.0664412751793861 -0.158028796315193 3.03814268112183
14 18 0.0710936635732651 -0.663301229476929 3.00119709968567
14 19 0.0629011541604996 -1.00164890289307 2.95730686187744
14 20 0.0741604790091515 -1.0476930141449 2.88572263717651
15 1 -0.0227943696081638 -0.0711241289973259 3.06728506088257
15 2 -0.0175384040921927 -0.0199586171656847 3.12766814231873
15 3 -0.0224984735250473 0.314776420593262 3.16192603111267
15 4 -0.0327416099607944 0.509119153022766 3.18098497390747
15 5 -0.222147703170776 0.266066491603851 3.2025580406189
15 6 -0.379441857337952 0.417056769132614 3.22825455665588
15 7 -0.3872449696064 0.633742034435272 3.23646855354309
15 8 -0.382698267698288 0.716107606887817 3.23701786994934
15 9 0.173918485641479 0.227634340524673 3.14984774589539
15 10 0.457140207290649 0.250678837299347 3.11988568305969
15 11 0.671887278556824 0.283919632434845 3.09056735038757
15 12 0.768997311592102 0.311115115880966 3.10102486610413
15 13 -0.111985966563225 -0.157155022025108 3.04809141159058
15 14 -0.098898634314537 -0.67205411195755 3.02940201759338
15 15 -0.102949611842632 -1.01174962520599 2.97607684135437
15 16 -0.12133102118969 -1.05906665325165 2.90454030036926
15 17 0.0654589831829071 -0.157556936144829 3.03825211524963
15 18 0.0686231926083565 -0.662533283233643 3.00158309936523
15 19 0.0593066439032555 -1.0017591714859 2.95845055580139
15 20 0.0760263651609421 -1.04926383495331 2.88446402549744
16 1 -0.0234168525785208 -0.0716895014047623 3.06781673431396
16 2 -0.0180953294038773 -0.0204209722578526 3.12821292877197
16 3 -0.0235439576208591 0.315258294343948 3.16378927230835
16 4 -0.0346610248088837 0.505533695220947 3.17717504501343
16 5 -0.221448659896851 0.265306651592255 3.20264220237732
16 6 -0.378819406032562 0.411413848400116 3.22434949874878
16 7 -0.366789013147354 0.692686498165131 3.24458718299866
16 8 -0.412888526916504 0.744835257530212 3.21766328811646
16 9 0.170979216694832 0.226532950997353 3.14871883392334
16 10 0.463175237178802 0.25148269534111 3.11841201782227
16 11 0.677365005016327 0.289855480194092 3.09449887275696
16 12 0.776514232158661 0.306633085012436 3.10359501838684
16 13 -0.111927688121796 -0.157505795359612 3.04955053329468
16 14 -0.0998739823698998 -0.670990228652954 3.02979159355164
16 15 -0.102523788809776 -1.01015651226044 2.97812986373901
16 16 -0.121114805340767 -1.05947268009186 2.90951871871948
16 17 0.0647446289658546 -0.157756522297859 3.03804421424866
16 18 0.068019688129425 -0.665276408195496 3.00254106521606
16 19 0.0607220903038979 -1.00199341773987 2.95854949951172
16 20 0.0756410285830498 -1.0487197637558 2.88494157791138
17 1 -0.0241508539766073 -0.0703828111290932 3.06838154792786
17 2 -0.0188010632991791 -0.0192480608820915 3.12860417366028
17 3 -0.0235926397144794 0.315397620201111 3.16283559799194
17 4 -0.0344535633921623 0.507305681705475 3.17930960655212
17 5 -0.221249297261238 0.267372012138367 3.20322847366333
17 6 -0.377713739871979 0.412977963685989 3.21874690055847
17 7 -0.369729906320572 0.692254364490509 3.2420768737793
17 8 -0.407226800918579 0.744292020797729 3.20542049407959
17 9 0.17256885766983 0.226852416992188 3.14937353134155
17 10 0.457988172769547 0.250054270029068 3.11514520645142
17 11 0.672022223472595 0.284833997488022 3.08189296722412
17 12 0.770482420921326 0.299008160829544 3.09161782264709
17 13 -0.113118261098862 -0.155897125601768 3.05087351799011
17 14 -0.100493662059307 -0.666306614875793 3.02991199493408
17 15 -0.100725203752518 -1.00877690315247 2.97893023490906
17 16 -0.118878185749054 -1.05505681037903 2.91962265968323
17 17 0.0643317624926567 -0.157285779714584 3.03819394111633
17 18 0.0696821212768555 -0.66242390871048 3.00145196914673
17 19 0.0603235475718975 -0.993966341018677 2.96565675735474
17 20 0.0771090909838676 -1.04775905609131 2.88314247131348
18 1 -0.0249362736940384 -0.0695478841662407 3.06860446929932
18 2 -0.0197766199707985 -0.018730016425252 3.12882137298584
18 3 -0.0250020213425159 0.314269036054611 3.16268658638
18 4 -0.0343228951096535 0.506718993186951 3.17474555969238
18 5 -0.22125580906868 0.26825025677681 3.20276999473572
18 6 -0.376952886581421 0.414840042591095 3.2168300151825
18 7 -0.365832805633545 0.692849934101105 3.24489116668701
18 8 -0.408535033464432 0.73400890827179 3.20174956321716
18 9 0.173964485526085 0.226442456245422 3.14952731132507
18 10 0.458973407745361 0.249570444226265 3.11346888542175
18 11 0.673179447650909 0.283558011054993 3.08266377449036
18 12 0.76892352104187 0.303963661193848 3.0988564491272
18 13 -0.113981828093529 -0.155439496040344 3.05108785629272
18 14 -0.0995719432830811 -0.671176016330719 3.03068161010742
18 15 -0.102934084832668 -1.01177442073822 2.97761964797974
18 16 -0.124987915158272 -1.06150603294373 2.91125178337097
18 17 0.0638100653886795 -0.156700402498245 3.03787517547607
18 18 0.0683209449052811 -0.661309242248535 3.00225901603699
18 19 0.0572102516889572 -1.00202786922455 2.9639356136322
18 20 0.0728174149990082 -1.0474259853363 2.88518881797791
19 1 -0.0253237746655941 -0.0684311240911484 3.06964588165283
19 2 -0.0200106929987669 -0.0179676748812199 3.12991690635681
19 3 -0.0231630578637123 0.313900083303452 3.16417336463928
19 4 -0.0345325134694576 0.504433393478394 3.17775845527649
19 5 -0.222322672605515 0.269131273031235 3.20311284065247
19 6 -0.377740323543549 0.416700780391693 3.21318936347961
19 7 -0.374859154224396 0.684123277664185 3.22800374031067
19 8 -0.337016671895981 0.737286388874054 3.28260374069214
19 9 0.174857601523399 0.226765692234039 3.15053176879883
19 10 0.45531365275383 0.245958387851715 3.11272501945496
19 11 0.668508768081665 0.280002415180206 3.07431292533875
19 12 0.763959288597107 0.300784826278687 3.09130644798279
19 13 -0.114681698381901 -0.154865130782127 3.0523567199707
19 14 -0.0992479398846626 -0.669499039649963 3.02987146377563
19 15 -0.105343624949455 -1.01272475719452 2.97617626190186
19 16 -0.126672729849815 -1.06092405319214 2.90756177902222
19 17 0.0635110288858414 -0.155998304486275 3.03826093673706
19 18 0.0689211040735245 -0.660578906536102 3.00208377838135
19 19 0.0609971508383751 -1.00080215930939 2.96263527870178
19 20 0.0792498141527176 -1.04538524150848 2.88637757301331
20 1 -0.0258085913956165 -0.0679499134421349 3.0707836151123
20 2 -0.0205791667103767 -0.0177838783711195 3.13098788261414
20 3 -0.0239563137292862 0.314294695854187 3.16617202758789
20 4 -0.0359215326607227 0.504501819610596 3.17732834815979
20 5 -0.223357930779457 0.269991993904114 3.20407152175903
20 6 -0.37812340259552 0.41813451051712 3.21348452568054
20 7 -0.370093286037445 0.68585991859436 3.22810673713684
20 8 -0.336871355772018 0.734222769737244 3.29604697227478
20 9 0.174677282571793 0.226848572492599 3.15055632591248
20 10 0.461316645145416 0.25009697675705 3.10589027404785
20 11 0.674190878868103 0.284077256917953 3.06631278991699
20 12 0.768139183521271 0.309969782829285 3.08622455596924
20 13 -0.115473560988903 -0.154815286397934 3.05388045310974
20 14 -0.0998545140028 -0.669449985027313 3.029780626297
20 15 -0.103889115154743 -1.01231110095978 2.97665905952454
20 16 -0.120927087962627 -1.05922698974609 2.92106199264526
20 17 0.0630704611539841 -0.155795678496361 3.03851985931396
20 18 0.0703696385025978 -0.662651062011719 3.00272560119629
20 19 0.0602687820792198 -1.00016140937805 2.96145725250244
20 20 0.0751623436808586 -1.04615306854248 2.88653969764709
