1 1 -0.0362731330096722 -0.0102150263264775 3.05105900764465
1 2 -0.0373787619173527 0.0435261279344559 3.11754894256592
1 3 -0.0435848906636238 0.404493749141693 3.16061854362488
1 4 -0.0402536988258362 0.598168611526489 3.16374373435974
1 5 -0.240524604916573 0.34236553311348 3.15762424468994
1 6 -0.443366676568985 0.502466380596161 3.16135954856873
1 7 -0.408192932605743 0.766323924064636 3.15324068069458
1 8 -0.384142279624939 0.840021014213562 3.16568946838379
1 9 0.155871704220772 0.275071084499359 3.13628125190735
1 10 0.443492770195007 0.265775054693222 3.12739968299866
1 11 0.669346749782562 0.285555630922318 3.12028980255127
1 12 0.736461341381073 0.247118145227432 3.11772990226746
1 13 -0.122638680040836 -0.0943264961242676 3.02194166183472
1 14 -0.0947215706110001 -0.6561518907547 3.02564644813538
1 15 -0.0685930848121643 -1.01251029968262 2.97913098335266
1 16 -0.0985024571418762 -1.07149767875671 2.91880655288696
1 17 0.0531465969979763 -0.0993713289499283 3.0280122756958
1 18 0.0625000298023224 -0.651091754436493 2.99638271331787
1 19 0.0351075008511543 -1.00177335739136 2.97059321403503
1 20 0.0518751665949821 -1.05998408794403 2.90468811988831
2 1 -0.0359805189073086 -0.00956069119274616 3.05109524726868
2 2 -0.0369599908590317 0.0441188812255859 3.11741042137146
2 3 -0.0412178300321102 0.4050213098526 3.16077423095703
2 4 -0.0396679453551769 0.59610390663147 3.1623637676239
2 5 -0.23782017827034 0.344111502170563 3.1582453250885
2 6 -0.442844212055206 0.504425048828125 3.16416788101196
2 7 -0.408642381429672 0.766427278518677 3.15539050102234
2 8 -0.39013597369194 0.865361928939819 3.18250107765198
2 9 0.1583291888237 0.274997174739838 3.13696050643921
2 10 0.452344119548798 0.262118846178055 3.12765765190125
2 11 0.67883437871933 0.287566483020782 3.12036108970642
2 12 0.745654881000519 0.249297425150871 3.11781239509583
2 13 -0.122605301439762 -0.0937078148126602 3.02258849143982
2 14 -0.0955211520195007 -0.654460668563843 3.0259907245636
2 15 -0.0692117065191269 -1.01379942893982 2.978191614151
2 16 -0.0999734178185463 -1.07118153572083 2.91844987869263
2 17 0.0535303689539433 -0.0990412905812263 3.02767539024353
2 18 0.0619952008128166 -0.648553192615509 2.99589681625366
2 19 0.0367598347365856 -1.00289583206177 2.97070670127869
2 20 0.0720966756343842 -1.05907034873962 2.91236472129822
3 1 -0.0351652689278126 -0.00971559807658196 3.05163621902466
3 2 -0.0355660691857338 0.0437966287136078 3.11824655532837
3 3 -0.0404461920261383 0.404958128929138 3.16160750389099
3 4 -0.0372644774615765 0.592687249183655 3.16413927078247
3 5 -0.233603730797768 0.344064891338348 3.15960335731506
3 6 -0.441126137971878 0.502628803253174 3.16588401794434
3 7 -0.407219916582108 0.766505002975464 3.1551673412323
3 8 -0.382645189762115 0.865512073040009 3.17150044441223
3 9 0.161021903157234 0.27665901184082 3.14011549949646
3 10 0.450327754020691 0.264410972595215 3.13263750076294
3 11 0.678300201892853 0.286122053861618 3.127361536026
3 12 0.744526326656342 0.24819341301918 3.12483549118042
3 13 -0.12024000287056 -0.094086192548275 3.0239737033844
3 14 -0.095610998570919 -0.653280675411224 3.02623677253723
3 15 -0.0670497864484787 -1.01018214225769 2.98147654533386
3 16 -0.0967454612255096 -1.07912528514862 2.93389630317688
3 17 0.0554288662970066 -0.0993542671203613 3.02921080589294
3 18 0.0643720477819443 -0.646996557712555 2.99593496322632
3 19 0.0466967113316059 -0.991054654121399 2.98915958404541
3 20 0.0630568489432335 -1.04866564273834 2.92349243164063
4 1 -0.0309620164334774 -0.0098770409822464 3.05422472953796
4 2 -0.0326422527432442 0.0443002060055733 3.12043595314026
4 3 -0.0360029935836792 0.406994998455048 3.16469573974609
4 4 -0.0361140817403793 0.596617996692657 3.16638922691345
4 5 -0.232030808925629 0.345185279846191 3.1594443321228
4 6 -0.439394354820251 0.499700546264648 3.16543531417847
4 7 -0.392921715974808 0.806880831718445 3.15084648132324
4 8 -0.381116092205048 0.880499720573425 3.16601133346558
4 9 0.163250923156738 0.278583765029907 3.14419651031494
4 10 0.44857519865036 0.267092168331146 3.13721466064453
4 11 0.677015841007233 0.286798387765884 3.13541555404663
4 12 0.743004322052002 0.249005913734436 3.13289856910706
4 13 -0.117573946714401 -0.0935352742671967 3.02445697784424
4 14 -0.0952650234103203 -0.652998089790344 3.02662372589111
4 15 -0.0716504231095314 -1.01044368743896 2.98590183258057
4 16 -0.0962357744574547 -1.07956635951996 2.93593692779541
4 17 0.0588011592626572 -0.0993902608752251 3.03325343132019
4 18 0.0669894590973854 -0.648802876472473 2.99874663352966
4 19 0.039748203009367 -0.995736241340637 2.98618721961975
4 20 0.0628417059779167 -1.05517494678497 2.92444109916687
5 1 -0.0292433109134436 -0.00872649066150188 3.05556631088257
5 2 -0.0311294421553612 0.045469593256712 3.12169861793518
5 3 -0.035100381821394 0.407621324062347 3.16577053070068
5 4 -0.0354529917240143 0.600673317909241 3.16891598701477
5 5 -0.231178194284439 0.344934344291687 3.16023564338684
5 6 -0.439304232597351 0.501132071018219 3.16494154930115
5 7 -0.4064562022686 0.762770593166351 3.14769172668457
5 8 -0.382114231586456 0.861537992954254 3.16347885131836
5 9 0.165458008646965 0.27958083152771 3.14640331268311
5 10 0.44713020324707 0.272477328777313 3.13986015319824
5 11 0.67490428686142 0.2923304438591 3.14862561225891
5 12 0.740893125534058 0.254537642002106 3.14610838890076
5 13 -0.116082727909088 -0.0923122689127922 3.02546048164368
5 14 -0.0947379469871521 -0.649859964847565 3.02790665626526
5 15 -0.0709981173276901 -1.01057541370392 2.9863178730011
5 16 -0.0947925075888634 -1.08452486991882 2.94217586517334
5 17 0.0602838583290577 -0.0985900387167931 3.03447580337524
5 18 0.0678179338574409 -0.646582841873169 2.99968457221985
5 19 0.0420513115823269 -0.995170652866364 2.98747158050537
5 20 0.0660016089677811 -1.05575716495514 2.92632532119751
6 1 -0.0284240711480379 -0.00928895547986031 3.0561797618866
6 2 -0.0300268195569515 0.0449070110917091 3.12238144874573
6 3 -0.0329414680600166 0.408139020204544 3.16718554496765
6 4 -0.0356439873576164 0.603998184204102 3.16938018798828
6 5 -0.230794295668602 0.344783365726471 3.1611225605011
6 6 -0.439434558153152 0.501823604106903 3.16443920135498
6 7 -0.407183796167374 0.763790130615234 3.14900493621826
6 8 -0.384462118148804 0.863027215003967 3.16598224639893
6 9 0.165876775979996 0.279808282852173 3.14609813690186
6 10 0.452375739812851 0.273005753755569 3.14108896255493
6 11 0.680517077445984 0.293215930461884 3.14943647384644
6 12 0.746636390686035 0.255348384380341 3.14691519737244
6 13 -0.115362085402012 -0.0927305147051811 3.02552008628845
6 14 -0.0948825925588608 -0.649163126945496 3.02821564674377
6 15 -0.0662777498364449 -1.00879812240601 2.9887957572937
6 16 -0.097063384950161 -1.0775830745697 2.93943762779236
6 17 0.0616345591843128 -0.0995548292994499 3.03578472137451
6 18 0.0710725486278534 -0.644378066062927 3.00068497657776
6 19 0.0445657148957253 -0.994274318218231 2.98943257331848
6 20 0.0653268396854401 -1.05625510215759 2.92744302749634
7 1 -0.0278093498200178 -0.0104299178346992 3.05686473846436
7 2 -0.0292710401117802 0.0440827198326588 3.12306928634644
7 3 -0.0320796370506287 0.408335953950882 3.1677188873291
7 4 -0.0365811996161938 0.606816112995148 3.17046618461609
7 5 -0.229759946465492 0.343477994203568 3.16066288948059
7 6 -0.438563376665115 0.500131785869598 3.16403651237488
7 7 -0.408058792352676 0.764843285083771 3.14867877960205
7 8 -0.388994574546814 0.864556849002838 3.1653311252594
7 9 0.165673285722733 0.28047376871109 3.14592003822327
7 10 0.451633632183075 0.274148494005203 3.13959789276123
7 11 0.679692149162292 0.296243011951447 3.14989995956421
7 12 0.745639801025391 0.258473813533783 3.14738488197327
7 13 -0.114853739738464 -0.0938125252723694 3.02693462371826
7 14 -0.0940837040543556 -0.653148233890533 3.02919912338257
7 15 -0.0683264806866646 -1.01112699508667 2.99009227752686
7 16 -0.0983448475599289 -1.08060109615326 2.94072866439819
7 17 0.0618649274110794 -0.100173108279705 3.03623199462891
7 18 0.0714579522609711 -0.646559715270996 3.00168347358704
7 19 0.0409850366413593 -0.994967818260193 2.98909592628479
7 20 0.0679641738533974 -1.05389034748077 2.92612934112549
8 1 -0.0277732871472836 -0.0108148092404008 3.05700469017029
8 2 -0.0290586892515421 0.0437762588262558 3.12320232391357
8 3 -0.0325861908495426 0.407568782567978 3.16729140281677
8 4 -0.0361624136567116 0.608355045318604 3.16888380050659
8 5 -0.229208573698997 0.342931181192398 3.16115355491638
8 6 -0.438445001840591 0.499603658914566 3.16296648979187
8 7 -0.427117139101028 0.729654788970947 3.13858413696289
8 8 -0.401368856430054 0.829140067100525 3.15007090568542
8 9 0.165216937661171 0.280742585659027 3.14533495903015
8 10 0.447541058063507 0.275549858808517 3.1387357711792
8 11 0.674304127693176 0.30446782708168 3.15435743331909
8 12 0.740589559078217 0.266505122184753 3.1518292427063
8 13 -0.114938870072365 -0.0942166298627853 3.02723622322083
8 14 -0.0934294536709785 -0.652960538864136 3.02972531318665
8 15 -0.0664535462856293 -1.00686550140381 2.99020099639893
8 16 -0.0979815572500229 -1.07478392124176 2.93863868713379
8 17 0.0620148032903671 -0.100309371948242 3.03653049468994
8 18 0.0724543705582619 -0.644418776035309 3.00211334228516
8 19 0.0415068715810776 -0.99389123916626 2.99099802970886
8 20 0.0671318024396896 -1.05524563789368 2.92742562294006
9 1 -0.0274102501571178 -0.0116173503920436 3.05679035186768
9 2 -0.0290638171136379 0.0432759448885918 3.12291574478149
9 3 -0.0343505702912807 0.407085329294205 3.16550397872925
9 4 -0.0367441959679127 0.609986186027527 3.16430020332336
9 5 -0.230039417743683 0.341004341840744 3.15928506851196
9 6 -0.440006256103516 0.501616179943085 3.1617546081543
9 7 -0.426625967025757 0.731807470321655 3.13794350624084
9 8 -0.403442710638046 0.832404017448425 3.1478967666626
9 9 0.16480715572834 0.281308472156525 3.14542770385742
9 10 0.450243949890137 0.276507407426834 3.13897299766541
9 11 0.676665067672729 0.306647419929504 3.15756702423096
9 12 0.743148505687714 0.26857140660286 3.15503144264221
9 13 -0.114342845976353 -0.0952234342694283 3.02627968788147
9 14 -0.0940499678254128 -0.652966141700745 3.0296356678009
9 15 -0.0682921782135963 -1.00758159160614 2.98968982696533
9 16 -0.10000067204237 -1.07718217372894 2.93944096565247
9 17 0.0627298802137375 -0.101113252341747 3.03677487373352
9 18 0.0720020830631256 -0.644620478153229 3.00172686576843
9 19 0.0408253967761993 -0.996106326580048 2.98890161514282
9 20 0.0713493674993515 -1.05522835254669 2.92607259750366
10 1 -0.0281152464449406 -0.0114800566807389 3.05621194839478
10 2 -0.0298671927303076 0.0431893095374107 3.12235927581787
10 3 -0.0362894497811794 0.40628707408905 3.16539788246155
10 4 -0.0378394424915314 0.610769271850586 3.16227388381958
10 5 -0.23066084086895 0.341081917285919 3.15859389305115
10 6 -0.440194487571716 0.500798225402832 3.160977602005
10 7 -0.426594585180283 0.731121242046356 3.13505935668945
10 8 -0.406542927026749 0.832568645477295 3.14707231521606
10 9 0.164491549134254 0.281358748674393 3.14502716064453
10 10 0.450211971998215 0.277251034975052 3.13784098625183
10 11 0.677033305168152 0.308058559894562 3.15470910072327
10 12 0.743768990039825 0.269838154315948 3.15216398239136
10 13 -0.11518157273531 -0.095058411359787 3.02536082267761
10 14 -0.0944443643093109 -0.652678549289703 3.02880454063416
10 15 -0.0655854269862175 -1.00725066661835 2.99035120010376
10 16 -0.0987229645252228 -1.07602095603943 2.93912839889526
10 17 0.0621531940996647 -0.100868120789528 3.03584122657776
10 18 0.0705852955579758 -0.646049439907074 3.00103378295898
10 19 0.0446080192923546 -0.997572243213654 2.98956656455994
10 20 0.0677610635757446 -1.05992996692657 2.92611050605774
11 1 -0.028452143073082 -0.0111683020368218 3.05550217628479
11 2 -0.0303169377148151 0.0432906001806259 3.12164807319641
11 3 -0.0360377430915833 0.405413329601288 3.16434025764465
11 4 -0.0374126620590687 0.611839652061462 3.16181111335754
11 5 -0.231216251850128 0.34012845158577 3.15647029876709
11 6 -0.440471678972244 0.500523924827576 3.16011142730713
11 7 -0.427283585071564 0.731085002422333 3.13427519798279
11 8 -0.40470364689827 0.831988096237183 3.14771366119385
11 9 0.164603367447853 0.281586825847626 3.14438414573669
11 10 0.44927179813385 0.278322339057922 3.13712215423584
11 11 0.676572144031525 0.31175297498703 3.1489462852478
11 12 0.743412137031555 0.273472756147385 3.14639663696289
11 13 -0.115651927888393 -0.0947275310754776 3.02449226379395
11 14 -0.0940784513950348 -0.65264892578125 3.02830576896667
11 15 -0.0689405053853989 -1.00886142253876 2.99060392379761
11 16 -0.096872590482235 -1.08036470413208 2.9393458366394
11 17 0.0616863816976547 -0.100554548203945 3.03499412536621
11 18 0.0689401552081108 -0.646770715713501 3.00037550926209
11 19 0.0418777950108051 -0.996354937553406 2.99008536338806
11 20 0.071656234562397 -1.05411624908447 2.92453265190125
12 1 -0.0285186246037483 -0.0113635342568159 3.05446219444275
12 2 -0.0302869640290737 0.0431584939360619 3.12062001228333
12 3 -0.0355632826685905 0.406307309865952 3.16396927833557
12 4 -0.037678886204958 0.613973081111908 3.16013884544373
12 5 -0.231293424963951 0.340013921260834 3.15518736839294
12 6 -0.44096702337265 0.500874936580658 3.15825247764587
12 7 -0.41807496547699 0.751718163490295 3.13505268096924
12 8 -0.39381018280983 0.850940465927124 3.15651845932007
12 9 0.164019286632538 0.282110661268234 3.1427309513092
12 10 0.440315783023834 0.280058205127716 3.13418078422546
12 11 0.668002784252167 0.312895476818085 3.14233064651489
12 12 0.734912633895874 0.274575233459473 3.13977885246277
12 13 -0.115740090608597 -0.0947707071900368 3.02326798439026
12 14 -0.0942492336034775 -0.648696005344391 3.02769446372986
12 15 -0.0655401200056076 -1.00600600242615 2.98772525787354
12 16 -0.100807532668114 -1.07125782966614 2.93310499191284
12 17 0.0615659952163696 -0.100531160831451 3.03400111198425
12 18 0.0686760321259499 -0.645806431770325 2.99998450279236
12 19 0.0424185357987881 -0.996939063072205 2.98878836631775
12 20 0.0671389922499657 -1.05902493000031 2.92539119720459
13 1 -0.0287655852735043 -0.0103165432810783 3.05355501174927
13 2 -0.030639186501503 0.0441987365484238 3.11954951286316
13 3 -0.0368441008031368 0.406208753585815 3.1617693901062
13 4 -0.0382901728153229 0.61622428894043 3.1630654335022
13 5 -0.232131481170654 0.340770274400711 3.15426087379456
13 6 -0.441353052854538 0.498599857091904 3.15722179412842
13 7 -0.416695415973663 0.758398532867432 3.13582706451416
13 8 -0.38871631026268 0.856628239154816 3.15767121315002
13 9 0.164102658629417 0.282674551010132 3.1420886516571
13 10 0.446071565151215 0.282527148723602 3.13429641723633
13 11 0.673890590667725 0.311450242996216 3.14634490013123
13 12 0.740844786167145 0.273104578256607 3.14379119873047
13 13 -0.115985542535782 -0.094153918325901 3.02256011962891
13 14 -0.0942227840423584 -0.649110734462738 3.02723574638367
13 15 -0.068482518196106 -1.00729477405548 2.98936700820923
13 16 -0.0975392684340477 -1.0787398815155 2.93860268592834
13 17 0.0615448318421841 -0.0995730310678482 3.03300166130066
13 18 0.0698366165161133 -0.643621146678925 2.99893641471863
13 19 0.0394944399595261 -0.997530162334442 2.9899537563324
13 20 0.0638599246740341 -1.05887269973755 2.92538475990295
14 1 -0.0292407386004925 -0.0103028658777475 3.0526123046875
14 2 -0.0311553329229355 0.0443638861179352 3.11846303939819
14 3 -0.0368000268936157 0.406344205141068 3.15908002853394
14 4 -0.0402235984802246 0.616751313209534 3.1563413143158
14 5 -0.232804074883461 0.340747028589249 3.15270757675171
14 6 -0.441119372844696 0.498153895139694 3.15318727493286
14 7 -0.416296809911728 0.759797811508179 3.13319993019104
14 8 -0.390974074602127 0.858249723911285 3.15733337402344
14 9 0.163482084870338 0.283760994672775 3.14134502410889
14 10 0.443758904933929 0.284995913505554 3.13531613349915
14 11 0.67201554775238 0.309867888689041 3.14779853820801
14 12 0.73899233341217 0.271509230136871 3.14524435997009
14 13 -0.116750933229923 -0.093997023999691 3.02136039733887
14 14 -0.0950136855244637 -0.650530159473419 3.02756953239441
14 15 -0.0701147168874741 -1.0078592300415 2.98771548271179
14 16 -0.09701007604599 -1.07812261581421 2.93430304527283
14 17 0.0611821413040161 -0.099435992538929 3.03253436088562
14 18 0.0688819065690041 -0.642756223678589 2.99776792526245
14 19 0.0421640872955322 -0.993462443351746 2.98631072044373
14 20 0.0690957307815552 -1.05524027347565 2.92286086082459
15 1 -0.0297512710094452 -0.00991274230182171 3.05154037475586
15 2 -0.031766340136528 0.0446907021105289 3.11715912818909
15 3 -0.0380877964198589 0.405466765165329 3.15640163421631
15 4 -0.039262980222702 0.61657977104187 3.15571570396423
15 5 -0.233276262879372 0.341359555721283 3.15145182609558
15 6 -0.441134184598923 0.498146235942841 3.15275955200195
15 7 -0.416827023029327 0.756163120269775 3.12911701202393
15 8 -0.394005715847015 0.855746805667877 3.15096521377563
15 9 0.163571953773499 0.284119009971619 3.14035129547119
15 10 0.443177580833435 0.284999310970306 3.13314127922058
15 11 0.671030402183533 0.309756994247437 3.14822602272034
15 12 0.738002955913544 0.271400779485703 3.14567136764526
15 13 -0.117343440651894 -0.0938891619443893 3.02023649215698
15 14 -0.095695436000824 -0.650201916694641 3.02752161026001
15 15 -0.0688338875770569 -1.00974869728088 2.98988342285156
15 16 -0.0950499325990677 -1.08347177505493 2.94004416465759
15 17 0.0608469918370247 -0.0993664339184761 3.03175568580627
15 18 0.0682138502597809 -0.644059419631958 2.99786186218262
15 19 0.0447177812457085 -0.994242310523987 2.98851656913757
15 20 0.0617025941610336 -1.06049931049347 2.9258439540863
16 1 -0.0302527379244566 -0.00985832046717405 3.05106282234192
16 2 -0.0323690436780453 0.0446390137076378 3.11660933494568
16 3 -0.0385083705186844 0.4048111140728 3.15594387054443
16 4 -0.0391377434134483 0.616944015026093 3.15487813949585
16 5 -0.233938992023468 0.341916888952255 3.15009689331055
16 6 -0.44205716252327 0.500504851341248 3.15204906463623
16 7 -0.416601598262787 0.759611845016479 3.12849497795105
16 8 -0.391225636005402 0.858795523643494 3.14970278739929
16 9 0.163222894072533 0.284671127796173 3.13993263244629
16 10 0.446385979652405 0.28669485449791 3.13218212127686
16 11 0.673823595046997 0.309566736221313 3.15187788009644
16 12 0.740845441818237 0.27118244767189 3.14932179450989
16 13 -0.117879837751389 -0.0939634740352631 3.01967811584473
16 14 -0.0955993384122849 -0.651154756546021 3.02753067016602
16 15 -0.0687890350818634 -1.00884854793549 2.98836040496826
16 16 -0.0953032672405243 -1.07603311538696 2.93045568466187
16 17 0.0602770783007145 -0.0992391109466553 3.03132772445679
16 18 0.067627876996994 -0.646576464176178 2.99711227416992
16 19 0.0383541248738766 -0.998309254646301 2.98475408554077
16 20 0.0691491365432739 -1.05813050270081 2.92117118835449
17 1 -0.0304487552493811 -0.00941017828881741 3.05089640617371
17 2 -0.0324749499559402 0.0448839738965034 3.11640357971191
17 3 -0.0386488810181618 0.40485891699791 3.1565363407135
17 4 -0.0390807390213013 0.618482887744904 3.15815424919128
17 5 -0.234562695026398 0.342298358678818 3.15056538581848
17 6 -0.442358613014221 0.50046044588089 3.15298247337341
17 7 -0.417421162128448 0.760356783866882 3.13032364845276
17 8 -0.393519073724747 0.85932981967926 3.15434503555298
17 9 0.163031920790672 0.285152643918991 3.14000701904297
17 10 0.429283440113068 0.290247946977615 3.13120770454407
17 11 0.657526612281799 0.30629375576973 3.14909768104553
17 12 0.724587976932526 0.267886817455292 3.14653992652893
17 13 -0.118060998618603 -0.0932736769318581 3.01949906349182
17 14 -0.0954872965812683 -0.65037328004837 3.0273973941803
17 15 -0.0680014714598656 -1.00809168815613 2.9899570941925
17 16 -0.093994565308094 -1.08022701740265 2.9377715587616
17 17 0.0600751712918282 -0.0989197865128517 3.03141498565674
17 18 0.0662663131952286 -0.647385895252228 2.99737572669983
17 19 0.0405297428369522 -0.998769760131836 2.98550033569336
17 20 0.0712017267942429 -1.05831301212311 2.92134189605713
18 1 -0.0305722914636135 -0.00975474808365107 3.05087876319885
18 2 -0.0325462855398655 0.044641874730587 3.11649227142334
18 3 -0.038541704416275 0.405641824007034 3.15824031829834
18 4 -0.0412722229957581 0.620310306549072 3.16029167175293
18 5 -0.234750717878342 0.342812567949295 3.15088653564453
18 6 -0.442462950944901 0.495983451604843 3.15160584449768
18 7 -0.420002669095993 0.757011532783508 3.13395547866821
18 8 -0.396319299936295 0.856776118278503 3.15601134300232
18 9 0.162405371665955 0.285424202680588 3.14008021354675
18 10 0.445774525403976 0.289845526218414 3.13201022148132
18 11 0.673595905303955 0.307911038398743 3.15084767341614
18 12 0.740829646587372 0.269405424594879 3.14828300476074
18 13 -0.117991708219051 -0.0934395119547844 3.01882767677307
18 14 -0.0958122313022614 -0.652328372001648 3.02773976325989
18 15 -0.0719184726476669 -1.0105152130127 2.9874575138092
18 16 -0.0913252755999565 -1.0790981054306 2.92779421806335
18 17 0.0599526390433311 -0.0992720201611519 3.03207898139954
18 18 0.0654825121164322 -0.648512661457062 2.99801230430603
18 19 0.0395080596208572 -0.997278809547424 2.98651957511902
18 20 0.0726025104522705 -1.05330109596252 2.92014026641846
19 1 -0.031123373657465 -0.0094710448756814 3.05164480209351
19 2 -0.033269539475441 0.0447885394096375 3.11745929718018
19 3 -0.040047250688076 0.406941503286362 3.16116380691528
19 4 -0.0414574407041073 0.621826231479645 3.15961408615112
19 5 -0.234337687492371 0.34281399846077 3.15198636054993
19 6 -0.442898005247116 0.494114398956299 3.15340518951416
19 7 -0.418297111988068 0.757550895214081 3.13115978240967
19 8 -0.395653694868088 0.857323050498962 3.1548490524292
19 9 0.162604078650475 0.285533875226974 3.1411657333374
19 10 0.427925020456314 0.285296857357025 3.13091254234314
19 11 0.655587077140808 0.308991700410843 3.14629125595093
19 12 0.722906470298767 0.270436942577362 3.14372324943542
19 13 -0.118508942425251 -0.0931052714586258 3.0198609828949
19 14 -0.0961762294173241 -0.652193069458008 3.02800226211548
19 15 -0.0698882639408112 -1.00788366794586 2.98952960968018
19 16 -0.0938549041748047 -1.07799792289734 2.93310570716858
19 17 0.0595611333847046 -0.0988140925765038 3.0324535369873
19 18 0.0662031024694443 -0.646147131919861 2.99844241142273
19 19 0.0404348485171795 -0.994738221168518 2.98680567741394
19 20 0.0632441937923431 -1.05712640285492 2.92152523994446
20 1 -0.0316464677453041 -0.00954554043710232 3.05269527435303
20 2 -0.0336292050778866 0.0445119850337505 3.11850333213806
20 3 -0.0400391668081284 0.406255751848221 3.16284322738647
20 4 -0.0401270762085915 0.622878611087799 3.16592884063721
20 5 -0.234537661075592 0.342510163784027 3.15402555465698
20 6 -0.442819774150848 0.49370601773262 3.15466618537903
20 7 -0.417872786521912 0.756927192211151 3.13328623771667
20 8 -0.394547283649445 0.857129454612732 3.15459251403809
20 9 0.162774637341499 0.285892635583878 3.14223980903625
20 10 0.449224472045898 0.283442497253418 3.13860678672791
20 11 0.676234602928162 0.313230633735657 3.15184688568115
20 12 0.743584871292114 0.274658143520355 3.14927792549133
20 13 -0.119219779968262 -0.093573585152626 3.0218939781189
20 14 -0.0959891527891159 -0.652722835540771 3.02849102020264
20 15 -0.0671347677707672 -1.00768005847931 2.98938226699829
20 16 -0.0976709276437759 -1.07703375816345 2.93494701385498
20 17 0.0589927211403847 -0.0986851677298546 3.03275656700134
20 18 0.0661717504262924 -0.645015239715576 2.99936270713806
20 19 0.0432046912610531 -0.993743002414703 2.98680806159973
20 20 0.0673767626285553 -1.05792856216431 2.92355036735535
