1 1 -0.0418509915471077 -0.0516188330948353 3.12362051010132
1 2 -0.0406040325760841 0.00553874764591455 3.18642997741699
1 3 -0.0526536740362644 0.368844419717789 3.21831083297729
1 4 -0.0532023347914219 0.562979161739349 3.2314510345459
1 5 -0.237909287214279 0.26758486032486 3.21019554138184
1 6 -0.438722908496857 0.394014775753021 3.14923739433289
1 7 -0.490080565214157 0.675958156585693 3.10875177383423
1 8 -0.499605238437653 0.744608700275421 3.11444091796875
1 9 0.127585366368294 0.26577952504158 3.18794369697571
1 10 0.370956629514694 0.27758526802063 3.14922070503235
1 11 0.613745212554932 0.369443893432617 3.11910104751587
1 12 0.680801808834076 0.387866199016571 3.11922454833984
1 13 -0.121963337063789 -0.132400020956993 3.10316634178162
1 14 -0.149501293897629 -0.584398448467255 3.04014372825623
1 15 -0.142488643527031 -0.962089002132416 3.04756855964661
1 16 -0.146152511239052 -1.0544468164444 2.96466255187988
1 17 0.0421287156641483 -0.130060508847237 3.10234045982361
1 18 0.104039572179317 -0.571153700351715 3.00470995903015
1 19 0.0993666797876358 -0.948034584522247 3.01092529296875
1 20 0.106454625725746 -1.04475677013397 2.93597388267517
2 1 -0.0422573797404766 -0.0516104474663734 3.12311625480652
2 2 -0.0417164526879787 0.00576252490282059 3.18599319458008
2 3 -0.0576057136058807 0.368671178817749 3.2171516418457
2 4 -0.0584372617304325 0.561189115047455 3.23294138908386
2 5 -0.240693479776382 0.265024542808533 3.20785045623779
2 6 -0.441851675510406 0.390020072460175 3.13704514503479
2 7 -0.491434097290039 0.670520067214966 3.08929395675659
2 8 -0.502620697021484 0.739271759986877 3.08825087547302
2 9 0.126073122024536 0.266130894422531 3.18896412849426
2 10 0.381983518600464 0.276344984769821 3.15834832191467
2 11 0.607595801353455 0.36079478263855 3.12660574913025
2 12 0.673124432563782 0.383746415376663 3.12092757225037
2 13 -0.122168093919754 -0.132580056786537 3.10167860984802
2 14 -0.14987476170063 -0.584133327007294 3.03830337524414
2 15 -0.142356842756271 -0.962448298931122 3.04748940467834
2 16 -0.145467862486839 -1.05032932758331 2.96255445480347
2 17 0.0420538745820522 -0.129981726408005 3.1024112701416
2 18 0.103795677423477 -0.573615193367004 3.00599384307861
2 19 0.0992951840162277 -0.950487732887268 3.02034854888916
2 20 0.10617208480835 -1.04705786705017 2.94436573982239
3 1 -0.0424172393977642 -0.051313366740942 3.12278151512146
3 2 -0.0422769412398338 0.0062266755849123 3.18567895889282
3 3 -0.0572043657302856 0.370800673961639 3.21691679954529
3 4 -0.059053048491478 0.561527907848358 3.23225879669189
3 5 -0.241517767310143 0.264570832252502 3.20650458335876
3 6 -0.447071254253387 0.39862322807312 3.13198614120483
3 7 -0.490832298994064 0.674006998538971 3.08453226089478
3 8 -0.501936733722687 0.743212163448334 3.08754086494446
3 9 0.124654427170753 0.266903400421143 3.19009256362915
3 10 0.378413468599319 0.272699773311615 3.15633201599121
3 11 0.605366587638855 0.355307132005692 3.12770223617554
3 12 0.673467934131622 0.343905419111252 3.11529588699341
3 13 -0.122439257800579 -0.132354080677032 3.1004204750061
3 14 -0.151372179389 -0.58364999294281 3.03687524795532
3 15 -0.143269643187523 -0.963326930999756 3.04763174057007
3 16 -0.145637422800064 -1.05097353458405 2.96302580833435
3 17 0.0421380400657654 -0.129610657691956 3.10274839401245
3 18 0.104072138667107 -0.573868632316589 3.00595855712891
3 19 0.0990195870399475 -0.957389116287231 3.01582956314087
3 20 0.106007009744644 -1.04889714717865 2.947678565979
4 1 -0.0424818582832813 -0.0511460602283478 3.12232685089111
4 2 -0.0422830022871494 0.00651712436228991 3.18509531021118
4 3 -0.0544406361877918 0.371250212192535 3.21559381484985
4 4 -0.0593351610004902 0.56278657913208 3.22771549224854
4 5 -0.241846516728401 0.264521926641464 3.20540118217468
4 6 -0.443803668022156 0.390626400709152 3.12946486473084
4 7 -0.491743266582489 0.671611309051514 3.08663153648376
4 8 -0.5019291639328 0.741110980510712 3.08748507499695
4 9 0.124634236097336 0.26679265499115 3.1895968914032
4 10 0.370306730270386 0.268825858831406 3.15259146690369
4 11 0.606251299381256 0.351439893245697 3.12748765945435
4 12 0.6761274933815 0.348588705062866 3.12086415290833
4 13 -0.122628733515739 -0.132198557257652 3.09948921203613
4 14 -0.151446387171745 -0.583533346652985 3.03711581230164
4 15 -0.142673641443253 -0.963660001754761 3.04943943023682
4 16 -0.145579546689987 -1.05041027069092 2.96200323104858
4 17 0.0421222895383835 -0.129592671990395 3.10282230377197
4 18 0.103798680007458 -0.572740435600281 3.00581765174866
4 19 0.0980251803994179 -0.957665264606476 3.01757454872131
4 20 0.106429293751717 -1.04759836196899 2.9440438747406
5 1 -0.0420601144433022 -0.0514478497207165 3.12153244018555
5 2 -0.0420688837766647 0.00617804192006588 3.1842634677887
5 3 -0.0550239831209183 0.370364099740982 3.2148585319519
5 4 -0.0578290335834026 0.560829520225525 3.22710275650024
5 5 -0.241343826055527 0.263927757740021 3.20430731773376
5 6 -0.442794531583786 0.389611214399338 3.13211727142334
5 7 -0.494030356407166 0.668792963027954 3.08124351501465
5 8 -0.503583073616028 0.737979531288147 3.09238886833191
5 9 0.124653480947018 0.266631633043289 3.18946433067322
5 10 0.378021240234375 0.265342801809311 3.15407729148865
5 11 0.608322620391846 0.348298847675323 3.12781476974487
5 12 0.70135486125946 0.367987364530563 3.13847923278809
5 13 -0.122013367712498 -0.132496252655983 3.09860515594482
5 14 -0.151018604636192 -0.584119081497192 3.03794598579407
5 15 -0.14354832470417 -0.96351170539856 3.04829335212708
5 16 -0.146142333745956 -1.04990911483765 2.96349716186523
5 17 0.0426537618041039 -0.12981228530407 3.10253834724426
5 18 0.104788146913052 -0.57400643825531 3.00538325309753
5 19 0.098556712269783 -0.953954696655273 3.01657509803772
5 20 0.106273904442787 -1.04838633537292 2.94535684585571
6 1 -0.0417029969394207 -0.0515171624720097 3.1210253238678
6 2 -0.0418856702744961 0.00608414225280285 3.18370485305786
6 3 -0.0568258799612522 0.369521975517273 3.2136492729187
6 4 -0.057838398963213 0.562454044818878 3.22619438171387
6 5 -0.241195395588875 0.263602077960968 3.20317912101746
6 6 -0.440707325935364 0.385821908712387 3.13123536109924
6 7 -0.493241548538208 0.664329767227173 3.07779788970947
6 8 -0.500918686389923 0.732823967933655 3.08712482452393
6 9 0.125449270009995 0.267074823379517 3.18817019462585
6 10 0.38513708114624 0.266107469797134 3.15017104148865
6 11 0.606844425201416 0.342029601335526 3.12444543838501
6 12 0.682404041290283 0.338486790657043 3.12108182907104
6 13 -0.121395789086819 -0.132607042789459 3.09792518615723
6 14 -0.150589525699615 -0.584938704967499 3.03867816925049
6 15 -0.143101528286934 -0.965369522571564 3.04692029953003
6 16 -0.145427018404007 -1.05232405662537 2.96167826652527
6 17 0.0432634204626083 -0.130001872777939 3.10248231887817
6 18 0.105263330042362 -0.574331879615784 3.00511503219604
6 19 0.0999038815498352 -0.951520681381226 3.01987171173096
6 20 0.106521718204021 -1.04879188537598 2.94658088684082
7 1 -0.0409646071493626 -0.0515471696853638 3.1206042766571
7 2 -0.0410763099789619 0.00635260529816151 3.18320512771606
7 3 -0.0525101609528065 0.370987385511398 3.21194577217102
7 4 -0.0572304762899876 0.562349677085876 3.22312927246094
7 5 -0.241218626499176 0.263617485761642 3.20050764083862
7 6 -0.440497249364853 0.385241121053696 3.12847518920898
7 7 -0.493915289640427 0.663907051086426 3.07475471496582
7 8 -0.500083804130554 0.731550335884094 3.07998538017273
7 9 0.125139638781548 0.267525136470795 3.18722939491272
7 10 0.37232705950737 0.263899922370911 3.14737176895142
7 11 0.601282715797424 0.33644050359726 3.11919474601746
7 12 0.678439259529114 0.33495882153511 3.11712956428528
7 13 -0.120728828012943 -0.132695063948631 3.09715175628662
7 14 -0.150170549750328 -0.584623515605927 3.03885126113892
7 15 -0.142243891954422 -0.961807608604431 3.05001974105835
7 16 -0.146064773201942 -1.05060577392578 2.96143651008606
7 17 0.0438988879323006 -0.129941701889038 3.1026713848114
7 18 0.104619346559048 -0.572840452194214 3.00441861152649
7 19 0.100727535784245 -0.947374224662781 3.01983714103699
7 20 0.104968123137951 -1.04865503311157 2.94555759429932
8 1 -0.0408521927893162 -0.0515077039599419 3.1197395324707
8 2 -0.0409397035837173 0.00661365315318108 3.18219876289368
8 3 -0.0525466538965702 0.371428817510605 3.20994162559509
8 4 -0.0566804297268391 0.563687562942505 3.22127318382263
8 5 -0.241706788539886 0.264273792505264 3.19939947128296
8 6 -0.443639516830444 0.389621049165726 3.12588500976563
8 7 -0.495107054710388 0.668241620063782 3.06992650032043
8 8 -0.501193583011627 0.735015571117401 3.07377696037292
8 9 0.124876342713833 0.267505496740341 3.18598198890686
8 10 0.383850872516632 0.265581011772156 3.1436653137207
8 11 0.60725200176239 0.338996589183807 3.11954712867737
8 12 0.684407353401184 0.337702959775925 3.11752724647522
8 13 -0.120752565562725 -0.132775589823723 3.09637427330017
8 14 -0.15054452419281 -0.584282755851746 3.03891563415527
8 15 -0.142805367708206 -0.962817013263702 3.04795098304749
8 16 -0.146579384803772 -1.05179512500763 2.96564817428589
8 17 0.0437859073281288 -0.130256488919258 3.10209274291992
8 18 0.105581536889076 -0.574848294258118 3.00471234321594
8 19 0.0990775153040886 -0.950623393058777 3.01937055587769
8 20 0.106189265847206 -1.04824566841125 2.94762349128723
9 1 -0.041243951767683 -0.0513329692184925 3.11772203445435
9 2 -0.0411719158291817 0.00662205088883638 3.1801905632019
9 3 -0.0542802736163139 0.370488613843918 3.20845818519592
9 4 -0.0579173639416695 0.561328291893005 3.21862936019897
9 5 -0.242063298821449 0.26441815495491 3.19871997833252
9 6 -0.442944198846817 0.38460236787796 3.1252019405365
9 7 -0.491992086172104 0.592293262481689 3.07256507873535
9 8 -0.497787654399872 0.68322217464447 3.07157397270203
9 9 0.124921247363091 0.267102241516113 3.18313956260681
9 10 0.389630675315857 0.267287522554398 3.14303374290466
9 11 0.608003735542297 0.339163661003113 3.11214637756348
9 12 0.675290584564209 0.340213000774384 3.11483526229858
9 13 -0.121137820184231 -0.132717162370682 3.09392666816711
9 14 -0.151415437459946 -0.585087716579437 3.03889727592468
9 15 -0.143449783325195 -0.962244749069214 3.04586505889893
9 16 -0.145380735397339 -1.05038666725159 2.96550321578979
9 17 0.0436386130750179 -0.130125924944878 3.10087776184082
9 18 0.103444114327431 -0.576944231987 3.00306248664856
9 19 0.0991644337773323 -0.952241182327271 3.01882386207581
9 20 0.104397460818291 -1.05017721652985 2.95113110542297
10 1 -0.0413026697933674 -0.0516390837728977 3.11576747894287
10 2 -0.0410740040242672 0.00604079943150282 3.17872214317322
10 3 -0.0538486801087856 0.370140254497528 3.20906186103821
10 4 -0.0578205250203609 0.559854686260223 3.21892547607422
10 5 -0.242105722427368 0.264327883720398 3.19743394851685
10 6 -0.442756026983261 0.385208398103714 3.12520670890808
10 7 -0.494716733694077 0.664460301399231 3.07117486000061
10 8 -0.499515295028687 0.731332302093506 3.0778284072876
10 9 0.12504518032074 0.26616707444191 3.18131685256958
10 10 0.390606999397278 0.267071545124054 3.14178371429443
10 11 0.609610974788666 0.340166598558426 3.11247205734253
10 12 0.681745171546936 0.348231375217438 3.12261986732483
10 13 -0.121474906802177 -0.132972210645676 3.09159636497498
10 14 -0.152295902371407 -0.584717869758606 3.03783464431763
10 15 -0.143129587173462 -0.963475465774536 3.04647326469421
10 16 -0.14590235054493 -1.05147039890289 2.96694922447205
10 17 0.043539322912693 -0.13032703101635 3.09818649291992
10 18 0.10307227820158 -0.574248373508453 3.00079011917114
10 19 0.0987547338008881 -0.952588677406311 3.0179603099823
10 20 0.105742119252682 -1.04923593997955 2.95011138916016
11 1 -0.0414253883063793 -0.0516751110553741 3.11448311805725
11 2 -0.0411699861288071 0.00587662030011415 3.17749285697937
11 3 -0.0532148480415344 0.36983597278595 3.20833897590637
11 4 -0.0577941387891769 0.559611737728119 3.2167820930481
11 5 -0.242140352725983 0.264337033033371 3.19680881500244
11 6 -0.438316702842712 0.377333998680115 3.12655973434448
11 7 -0.492735534906387 0.655955731868744 3.07100963592529
11 8 -0.497116148471832 0.721842586994171 3.07903599739075
11 9 0.124854475259781 0.266475230455399 3.1813063621521
11 10 0.380763083696365 0.265549629926682 3.13999032974243
11 11 0.608507990837097 0.335122972726822 3.10976409912109
11 12 0.681866407394409 0.344369918107986 3.12032651901245
11 13 -0.12167626619339 -0.132882192730904 3.08996248245239
11 14 -0.15320448577404 -0.58461332321167 3.0368754863739
11 15 -0.14365354180336 -0.963599622249603 3.04804563522339
11 16 -0.147686690092087 -1.05317974090576 2.96929836273193
11 17 0.0432465746998787 -0.130405575037003 3.09709715843201
11 18 0.102617666125298 -0.573493957519531 3.00032091140747
11 19 0.0984689444303513 -0.947994410991669 3.02022051811218
11 20 0.106123447418213 -1.04792451858521 2.94936156272888
12 1 -0.0412777923047543 -0.0520677864551544 3.11385893821716
12 2 -0.0409567803144455 0.00531533919274807 3.17680025100708
12 3 -0.0518991015851498 0.36815345287323 3.20752549171448
12 4 -0.0560392662882805 0.561838507652283 3.21723914146423
12 5 -0.24154070019722 0.26386034488678 3.19568967819214
12 6 -0.442604422569275 0.388711661100388 3.12133693695068
12 7 -0.493336260318756 0.668149054050446 3.06784749031067
12 8 -0.498422533273697 0.7336465716362 3.07076382637024
12 9 0.125464037060738 0.265911787748337 3.18052840232849
12 10 0.380527973175049 0.264697670936584 3.14030838012695
12 11 0.609960675239563 0.333082169294357 3.10951995849609
12 12 0.682253539562225 0.347274780273438 3.1196813583374
12 13 -0.121699199080467 -0.133110165596008 3.08951854705811
12 14 -0.15381021797657 -0.585094749927521 3.03640818595886
12 15 -0.144297659397125 -0.963058650493622 3.04582905769348
12 16 -0.146726161241531 -1.05217111110687 2.96621799468994
12 17 0.04332260414958 -0.130902081727982 3.09643721580505
12 18 0.102642513811588 -0.572947800159454 2.99922037124634
12 19 0.0979104265570641 -0.953970670700073 3.0205864906311
12 20 0.103378467261791 -1.05090403556824 2.94964361190796
13 1 -0.0411321222782135 -0.0522502362728119 3.1135573387146
13 2 -0.0411426685750484 0.00527408253401518 3.17674851417542
13 3 -0.0527737364172935 0.367917001247406 3.20776343345642
13 4 -0.0555205941200256 0.563240468502045 3.22167801856995
13 5 -0.241525828838348 0.264010071754456 3.19490265846252
13 6 -0.442117393016815 0.383602350950241 3.12159585952759
13 7 -0.49014276266098 0.663755059242249 3.07031583786011
13 8 -0.499123722314835 0.728151500225067 3.07331418991089
13 9 0.126072198152542 0.266018480062485 3.18203186988831
13 10 0.383447468280792 0.262808710336685 3.13952612876892
13 11 0.608162581920624 0.330265372991562 3.10757541656494
13 12 0.691766262054443 0.354190528392792 3.12146067619324
13 13 -0.121325708925724 -0.133126050233841 3.08936214447021
13 14 -0.152504563331604 -0.586662411689758 3.03716921806335
13 15 -0.143601685762405 -0.963150262832642 3.04686450958252
13 16 -0.144395634531975 -1.0515444278717 2.96511673927307
13 17 0.0438047982752323 -0.13118714094162 3.09644174575806
13 18 0.103634424507618 -0.573465824127197 2.99950313568115
13 19 0.0976582244038582 -0.952605307102203 3.02131271362305
13 20 0.103814363479614 -1.05067956447601 2.948077917099
14 1 -0.0408557243645191 -0.0526121631264687 3.11405658721924
14 2 -0.0408185347914696 0.00466171372681856 3.17706274986267
14 3 -0.0519189797341824 0.367597579956055 3.2087082862854
14 4 -0.0532993860542774 0.565117657184601 3.22323060035706
14 5 -0.241520285606384 0.263954371213913 3.19494843482971
14 6 -0.442094713449478 0.387162864208221 3.12230920791626
14 7 -0.48927304148674 0.667645394802094 3.07183742523193
14 8 -0.500862598419189 0.732275426387787 3.07306957244873
14 9 0.126131609082222 0.264255404472351 3.18085980415344
14 10 0.388624757528305 0.265163660049438 3.14023590087891
14 11 0.608740985393524 0.329369097948074 3.10722851753235
14 12 0.692284524440765 0.358248144388199 3.11622714996338
14 13 -0.121213525533676 -0.133595809340477 3.08945107460022
14 14 -0.152096375823021 -0.586553752422333 3.03746557235718
14 15 -0.144110441207886 -0.960466086864471 3.04727339744568
14 16 -0.145444765686989 -1.05188548564911 2.97023892402649
14 17 0.0439147725701332 -0.131868869066238 3.09709143638611
14 18 0.103614576160908 -0.572081744670868 3.00058770179749
14 19 0.0980284437537193 -0.953111171722412 3.02008295059204
14 20 0.105492413043976 -1.04958164691925 2.94671487808228
15 1 -0.0408695079386234 -0.0528934560716152 3.11499166488647
15 2 -0.0408788658678532 0.00455368217080832 3.1779305934906
15 3 -0.0523918159306049 0.367896139621735 3.20909762382507
15 4 -0.0557001791894436 0.561832308769226 3.21992230415344
15 5 -0.24159274995327 0.264113456010818 3.19544363021851
15 6 -0.442722856998444 0.387809097766876 3.12266135215759
15 7 -0.490718632936478 0.668042421340942 3.07025718688965
15 8 -0.50292181968689 0.732642233371735 3.07042622566223
15 9 0.125739872455597 0.264262676239014 3.18119931221008
15 10 0.379392445087433 0.264346212148666 3.14006090164185
15 11 0.60820084810257 0.331664681434631 3.10368251800537
15 12 0.693493187427521 0.349366843700409 3.10841703414917
15 13 -0.121205851435661 -0.13390439748764 3.09035038948059
15 14 -0.151631608605385 -0.586314380168915 3.03891634941101
15 15 -0.143218636512756 -0.96362566947937 3.04633188247681
15 16 -0.146526917815208 -1.05322706699371 2.97132253646851
15 17 0.0439927540719509 -0.131991937756538 3.09852910041809
15 18 0.104573115706444 -0.572630524635315 3.00110411643982
15 19 0.0977763086557388 -0.954870700836182 3.01935052871704
15 20 0.106010526418686 -1.04914951324463 2.94745826721191
16 1 -0.0411110520362854 -0.0533657111227512 3.1161732673645
16 2 -0.0411054603755474 0.00400753784924746 3.17917037010193
16 3 -0.0536487363278866 0.367923140525818 3.2114622592926
16 4 -0.0580340586602688 0.56023120880127 3.21971940994263
16 5 -0.242165625095367 0.2637739777565 3.19656658172607
16 6 -0.44358891248703 0.386165410280228 3.12830305099487
16 7 -0.490933358669281 0.665308952331543 3.06748914718628
16 8 -0.501217842102051 0.730232357978821 3.07290720939636
16 9 0.125002443790436 0.263397395610809 3.18123173713684
16 10 0.388290256261826 0.265408247709274 3.13908791542053
16 11 0.605451047420502 0.33090528845787 3.09972882270813
16 12 0.68797379732132 0.361011922359467 3.11542463302612
16 13 -0.12150714546442 -0.134417816996574 3.09181499481201
16 14 -0.151855662465096 -0.586117923259735 3.03938817977905
16 15 -0.14232525229454 -0.962151288986206 3.04699420928955
16 16 -0.145937249064445 -1.05217278003693 2.96831464767456
16 17 0.044033870100975 -0.132372319698334 3.09966778755188
16 18 0.104005441069603 -0.573540031909943 3.00274920463562
16 19 0.0982038900256157 -0.956839799880981 3.01822757720947
16 20 0.107377521693707 -1.05044138431549 2.94900417327881
17 1 -0.0415114015340805 -0.0528669878840446 3.11685633659363
17 2 -0.0414801314473152 0.00460680760443211 3.17980337142944
17 3 -0.0544318519532681 0.368998855352402 3.21165490150452
17 4 -0.0598326213657856 0.560057938098907 3.22024440765381
17 5 -0.242432177066803 0.263822257518768 3.19744181632996
17 6 -0.443517446517944 0.387901425361633 3.13251662254334
17 7 -0.492218017578125 0.666656613349915 3.07005524635315
17 8 -0.500911355018616 0.732254981994629 3.07449960708618
17 9 0.124368607997894 0.264455676078796 3.18196868896484
17 10 0.390308409929276 0.266240566968918 3.13929462432861
17 11 0.605650305747986 0.331032454967499 3.1017005443573
17 12 0.666486620903015 0.313770711421967 3.08171463012695
17 13 -0.121794149279594 -0.133973747491837 3.09219789505005
17 14 -0.151992648839951 -0.585900962352753 3.03982830047607
17 15 -0.142813101410866 -0.962851107120514 3.04367661476135
17 16 -0.146662414073944 -1.05279469490051 2.96913266181946
17 17 0.0435646250844002 -0.131772235035896 3.10083723068237
17 18 0.104422971606255 -0.574031531810761 3.00343561172485
17 19 0.0983042865991592 -0.955842137336731 3.01698780059814
17 20 0.106884822249413 -1.0497921705246 2.94974780082703
18 1 -0.0420007631182671 -0.0528125837445259 3.11733484268188
18 2 -0.0419943928718567 0.00446267612278461 3.18040657043457
18 3 -0.0572064071893692 0.368652582168579 3.21373677253723
18 4 -0.0592636354267597 0.559552490711212 3.22076535224915
18 5 -0.243731781840324 0.263309478759766 3.20007705688477
18 6 -0.443930923938751 0.387187302112579 3.13287091255188
18 7 -0.491987407207489 0.666128635406494 3.07032537460327
18 8 -0.50051611661911 0.731991171836853 3.07599020004272
18 9 0.122995004057884 0.264565289020538 3.18324995040894
18 10 0.386135160923004 0.264953076839447 3.14004898071289
18 11 0.606025218963623 0.331617265939713 3.09994530677795
18 12 0.66765034198761 0.31434091925621 3.08132863044739
18 13 -0.122044876217842 -0.133947491645813 3.09272646903992
18 14 -0.151723355054855 -0.585672438144684 3.04028034210205
18 15 -0.143245011568069 -0.960831999778748 3.04812240600586
18 16 -0.14549694955349 -1.05168986320496 2.96575260162354
18 17 0.0432092398405075 -0.131533235311508 3.10099506378174
18 18 0.104061737656593 -0.572612524032593 3.00325894355774
18 19 0.0986452549695969 -0.952652990818024 3.02100658416748
18 20 0.10607248544693 -1.04788064956665 2.94909977912903
19 1 -0.0427156314253807 -0.0522486679255962 3.11773228645325
19 2 -0.0427463352680206 0.00478886626660824 3.18075227737427
19 3 -0.058382123708725 0.367581695318222 3.21290469169617
19 4 -0.0623247474431992 0.559309661388397 3.22078609466553
19 5 -0.244858101010323 0.26348802447319 3.20148658752441
19 6 -0.446720778942108 0.388692170381546 3.1336932182312
19 7 -0.493180751800537 0.669755339622498 3.07339715957642
19 8 -0.501479506492615 0.735988616943359 3.07825374603271
19 9 0.122119165956974 0.264551609754562 3.18391013145447
19 10 0.380219370126724 0.264727562665939 3.14007258415222
19 11 0.603196859359741 0.330947011709213 3.09995627403259
19 12 0.670052289962769 0.327877312898636 3.10044074058533
19 13 -0.12258879840374 -0.133784666657448 3.09340667724609
19 14 -0.151724994182587 -0.586168825626373 3.04079246520996
19 15 -0.143027931451797 -0.961056530475616 3.04892444610596
19 16 -0.147496268153191 -1.05069148540497 2.96634960174561
19 17 0.0424675978720188 -0.131111443042755 3.10087966918945
19 18 0.103517472743988 -0.573410928249359 3.00314140319824
19 19 0.0983094498515129 -0.956968665122986 3.01623773574829
19 20 0.105449818074703 -1.04989242553711 2.94790053367615
20 1 -0.0429205633699894 -0.0522981137037277 3.11790251731873
20 2 -0.0428834855556488 0.00463677570223808 3.18088936805725
20 3 -0.0571052618324757 0.366571694612503 3.21299505233765
20 4 -0.0627586022019386 0.559543311595917 3.22388315200806
20 5 -0.245089739561081 0.263216584920883 3.20177316665649
20 6 -0.451087117195129 0.395830482244492 3.13001132011414
20 7 -0.49188506603241 0.667687594890594 3.06986355781555
20 8 -0.500044047832489 0.734260439872742 3.07413649559021
20 9 0.122377976775169 0.264753222465515 3.18413996696472
20 10 0.381152480840683 0.265080392360687 3.1407687664032
20 11 0.607361495494843 0.332722693681717 3.10058045387268
20 12 0.674511253833771 0.330158710479736 3.09952569007874
20 13 -0.122955858707428 -0.13381116092205 3.09368133544922
20 14 -0.152466967701912 -0.584420919418335 3.04042983055115
20 15 -0.142667323350906 -0.964145183563232 3.0483820438385
20 16 -0.145000338554382 -1.050421833992 2.96542382240295
20 17 0.0423255786299706 -0.13109278678894 3.10097599029541
20 18 0.102872684597969 -0.573091089725494 3.00197577476501
20 19 0.0978542864322662 -0.957219123840332 3.01573729515076
20 20 0.105661608278751 -1.04885709285736 2.94639348983765
