1 1 -0.0262846872210503 -0.0154478512704372 3.07082629203796
1 2 -0.0284909196197987 0.0384761393070221 3.13773012161255
1 3 -0.0400296002626419 0.402654647827148 3.18493413925171
1 4 -0.035083569586277 0.636782467365265 3.18873715400696
1 5 -0.230325996875763 0.339889824390411 3.18556952476501
1 6 -0.42954421043396 0.501381278038025 3.1904284954071
1 7 -0.395648121833801 0.735575139522552 3.17565107345581
1 8 -0.341488927602768 0.834734678268433 3.19795513153076
1 9 0.163514703512192 0.27784875035286 3.16470670700073
1 10 0.458739399909973 0.257430344820023 3.15432095527649
1 11 0.691797614097595 0.282475709915161 3.15041661262512
1 12 0.711216270923615 0.248089700937271 3.1395308971405
1 13 -0.110532470047474 -0.09947769343853 3.0412495136261
1 14 -0.0931932851672173 -0.663679599761963 3.03392744064331
1 15 -0.0655667334794998 -1.01590347290039 2.98426747322083
1 16 -0.0828901752829552 -1.06555306911469 2.92570972442627
1 17 0.0643852353096008 -0.103059872984886 3.04853987693787
1 18 0.0720048993825912 -0.65387761592865 3.00593757629395
1 19 0.0429288893938065 -1.00124835968018 2.98466110229492
1 20 0.0651724189519882 -1.06046283245087 2.91100931167603
2 1 -0.0235406421124935 -0.0143199115991592 3.07394599914551
2 2 -0.0259713362902403 0.0398069210350513 3.14116907119751
2 3 -0.036327701061964 0.405923157930374 3.19016146659851
2 4 -0.0315541923046112 0.638108432292938 3.19658732414246
2 5 -0.228509455919266 0.34173047542572 3.18556928634644
2 6 -0.428705632686615 0.50146895647049 3.18749856948853
2 7 -0.393601834774017 0.736975193023682 3.17832803726196
2 8 -0.338057786226273 0.834774196147919 3.196133852005
2 9 0.165703177452087 0.280095487833023 3.16865992546082
2 10 0.458125203847885 0.258822023868561 3.15868878364563
2 11 0.690768837928772 0.288378566503525 3.15450572967529
2 12 0.709503710269928 0.252255171537399 3.14368867874146
2 13 -0.108877658843994 -0.0978455394506454 3.04286980628967
2 14 -0.0936527997255325 -0.652941405773163 3.03587651252747
2 15 -0.066841259598732 -1.00981175899506 2.99309325218201
2 16 -0.0938509330153465 -1.06628465652466 2.94539213180542
2 17 0.0672938898205757 -0.102356374263763 3.05253338813782
2 18 0.0761702656745911 -0.644350290298462 3.00838851928711
2 19 0.0445701368153095 -0.995342493057251 2.9932062625885
2 20 0.0708341002464294 -1.04606986045837 2.93767714500427
3 1 -0.0225237142294645 -0.0143994428217411 3.07506346702576
3 2 -0.0249294210225344 0.0399323999881744 3.14218378067017
3 3 -0.0335383340716362 0.406097292900085 3.19036221504211
3 4 -0.0315202251076698 0.64091956615448 3.2044882774353
3 5 -0.228203892707825 0.341331630945206 3.18555784225464
3 6 -0.426416486501694 0.499281108379364 3.18736124038696
3 7 -0.381622552871704 0.766371130943298 3.18129658699036
3 8 -0.32661384344101 0.863314568996429 3.2125563621521
3 9 0.167091473937035 0.280741453170776 3.17092609405518
3 10 0.453626781702042 0.265775978565216 3.16080904006958
3 11 0.686743915081024 0.286445885896683 3.15982222557068
3 12 0.715617477893829 0.254482448101044 3.14843225479126
3 13 -0.108365766704082 -0.0977949947118759 3.04460048675537
3 14 -0.0936826542019844 -0.653806328773499 3.03716254234314
3 15 -0.0637717396020889 -1.01098191738129 2.99149394035339
3 16 -0.0966254770755768 -1.06417202949524 2.94085741043091
3 17 0.0678689181804657 -0.102746836841106 3.05325388908386
3 18 0.0749372616410255 -0.643664956092834 3.00933384895325
3 19 0.0447607450187206 -0.996471583843231 2.99203085899353
3 20 0.0668081417679787 -1.04760026931763 2.93395853042603
4 1 -0.0225202925503254 -0.0146615626290441 3.07591009140015
4 2 -0.0248991679400206 0.0399123281240463 3.14299750328064
4 3 -0.0346231758594513 0.407572448253632 3.19107699394226
4 4 -0.0296238716691732 0.64434152841568 3.20941352844238
4 5 -0.227053165435791 0.340809613466263 3.18576622009277
4 6 -0.427018940448761 0.500378668308258 3.18649983406067
4 7 -0.380960464477539 0.773357331752777 3.1835458278656
4 8 -0.331436008214951 0.865055561065674 3.19794511795044
4 9 0.16720087826252 0.281560212373734 3.17090678215027
4 10 0.451090514659882 0.26456356048584 3.16182708740234
4 11 0.683596611022949 0.286648869514465 3.16006565093994
4 12 0.715805113315582 0.254529237747192 3.14909362792969
4 13 -0.108154870569706 -0.0979814529418945 3.0456976890564
4 14 -0.0936716049909592 -0.654821395874023 3.03676104545593
4 15 -0.0640614032745361 -1.00646996498108 2.99308466911316
4 16 -0.0926283597946167 -1.06347978115082 2.9412248134613
4 17 0.0678765028715134 -0.103013202548027 3.05457592010498
4 18 0.0750741437077522 -0.645668864250183 3.00929474830627
4 19 0.0423655994236469 -0.999141812324524 2.99342083930969
4 20 0.0742561593651772 -1.05123925209045 2.93123292922974
5 1 -0.0228491015732288 -0.0146545600146055 3.0771541595459
5 2 -0.0252562668174505 0.0402108952403069 3.14404463768005
5 3 -0.0353605039417744 0.407743096351624 3.19128131866455
5 4 -0.0341287329792976 0.644988656044006 3.20454883575439
5 5 -0.227283984422684 0.341012686491013 3.18595433235168
5 6 -0.427711188793182 0.499739438295364 3.18522310256958
5 7 -0.385155379772186 0.773023009300232 3.17914628982544
5 8 -0.328607022762299 0.850665926933289 3.18020486831665
5 9 0.167585968971252 0.282537937164307 3.17116141319275
5 10 0.449474185705185 0.264521896839142 3.16192173957825
5 11 0.681723237037659 0.28649440407753 3.15839314460754
5 12 0.71527111530304 0.254528671503067 3.14802312850952
5 13 -0.108674272894859 -0.0982674956321716 3.04705858230591
5 14 -0.0940317586064339 -0.655144691467285 3.03649210929871
5 15 -0.0668624266982079 -1.00843787193298 2.99260783195496
5 16 -0.0924478396773338 -1.07027518749237 2.94277334213257
5 17 0.067985899746418 -0.102854460477829 3.0559458732605
5 18 0.0747055038809776 -0.644448220729828 3.00925397872925
5 19 0.0420325696468353 -0.999774694442749 2.99276065826416
5 20 0.0732849091291428 -1.05268502235413 2.93631839752197
6 1 -0.0219031311571598 -0.0145096722990274 3.0774621963501
6 2 -0.0245058089494705 0.040346123278141 3.14425444602966
6 3 -0.034018486738205 0.407726883888245 3.19162654876709
6 4 -0.0338855050504208 0.64589935541153 3.20618486404419
6 5 -0.226835310459137 0.340921878814697 3.18598651885986
6 6 -0.428087562322617 0.499501496553421 3.18509960174561
6 7 -0.387626111507416 0.771182775497437 3.17549848556519
6 8 -0.331270694732666 0.836071908473969 3.1737232208252
6 9 0.168021351099014 0.282938331365585 3.17136240005493
6 10 0.45646670460701 0.268965035676956 3.1617157459259
6 11 0.688704252243042 0.285596698522568 3.15857934951782
6 12 0.714061439037323 0.254657477140427 3.14769339561462
6 13 -0.107406534254551 -0.0976783409714699 3.04697179794312
6 14 -0.0924967676401138 -0.654748439788818 3.03651642799377
6 15 -0.063681423664093 -1.0078661441803 2.99191641807556
6 16 -0.100723154842854 -1.07393002510071 2.95568037033081
6 17 0.0690257623791695 -0.102854035794735 3.05646133422852
6 18 0.0758389830589294 -0.643668174743652 3.00975060462952
6 19 0.0438251607120037 -0.994499981403351 2.99527335166931
6 20 0.0687397643923759 -1.04977738857269 2.93619680404663
7 1 -0.0220962092280388 -0.0146857956424356 3.07768774032593
7 2 -0.024439787492156 0.0402693711221218 3.14461970329285
7 3 -0.0332003533840179 0.408377021551132 3.19219946861267
7 4 -0.0336697027087212 0.647817432880402 3.21006464958191
7 5 -0.226062670350075 0.340003728866577 3.18625211715698
7 6 -0.428492695093155 0.499847859144211 3.1854944229126
7 7 -0.385704755783081 0.770242631435394 3.17329430580139
7 8 -0.323862224817276 0.843316912651062 3.17498850822449
7 9 0.169108584523201 0.283590018749237 3.17218804359436
7 10 0.445525944232941 0.267476737499237 3.16278052330017
7 11 0.67721962928772 0.285978078842163 3.16117882728577
7 12 0.717401146888733 0.255577206611633 3.1505811214447
7 13 -0.108013734221458 -0.09782425314188 3.04698419570923
7 14 -0.0916351899504662 -0.654390037059784 3.03811287879944
7 15 -0.0660305470228195 -1.00407469272614 2.9947292804718
7 16 -0.088165819644928 -1.0680079460144 2.94226288795471
7 17 0.0683518722653389 -0.103165991604328 3.05685377120972
7 18 0.0764691531658173 -0.644884467124939 3.01139163970947
7 19 0.0432043336331844 -0.993371486663818 2.99850058555603
7 20 0.0666008293628693 -1.0486261844635 2.9317524433136
8 1 -0.0221320502460003 -0.014202625490725 3.07813930511475
8 2 -0.0243771430104971 0.0405862592160702 3.14516854286194
8 3 -0.0323306396603584 0.407971560955048 3.19342708587646
8 4 -0.0312973856925964 0.648135662078857 3.21249294281006
8 5 -0.224117621779442 0.339711934328079 3.1869490146637
8 6 -0.427083253860474 0.499995529651642 3.18614959716797
8 7 -0.385209143161774 0.769681572914124 3.17224502563477
8 8 -0.324734270572662 0.852001547813416 3.17810821533203
8 9 0.17130933701992 0.283881098031998 3.17273759841919
8 10 0.448527604341507 0.269509375095367 3.16324377059937
8 11 0.68005359172821 0.285706043243408 3.16247367858887
8 12 0.719555079936981 0.255886375904083 3.15160489082336
8 13 -0.108464255928993 -0.0970555320382118 3.0475959777832
8 14 -0.0922485291957855 -0.654479742050171 3.03934979438782
8 15 -0.0635219439864159 -1.0049694776535 2.99342560768127
8 16 -0.0917342007160187 -1.0688419342041 2.94247579574585
8 17 0.0684417560696602 -0.10294421762228 3.05668711662292
8 18 0.0756570026278496 -0.643033802509308 3.01165580749512
8 19 0.0444473996758461 -0.993725121021271 2.99782299995422
8 20 0.0683532059192657 -1.04744040966034 2.93446159362793
9 1 -0.0208955351263285 -0.0136642623692751 3.07888412475586
9 2 -0.0232866182923317 0.0407440960407257 3.1459059715271
9 3 -0.0309158973395824 0.40708401799202 3.19407820701599
9 4 -0.030185604467988 0.646738648414612 3.20428824424744
9 5 -0.221615120768547 0.339676439762115 3.18700051307678
9 6 -0.425101101398468 0.497996896505356 3.18623518943787
9 7 -0.400579690933228 0.728678345680237 3.16553139686584
9 8 -0.347599774599075 0.831233143806458 3.17314696311951
9 9 0.175313010811806 0.283338755369186 3.17435359954834
9 10 0.446359664201736 0.269212365150452 3.16369557380676
9 11 0.677387356758118 0.286095768213272 3.16332125663757
9 12 0.721160888671875 0.256387770175934 3.15259432792664
9 13 -0.107893474400043 -0.0964908748865128 3.04774379730225
9 14 -0.0922869965434074 -0.653558135032654 3.03956341743469
9 15 -0.0666680186986923 -1.00621736049652 2.99288964271545
9 16 -0.0972299054265022 -1.07028925418854 2.94215369224548
9 17 0.0703007057309151 -0.103697061538696 3.05787563323975
9 18 0.077511377632618 -0.642567038536072 3.01225662231445
9 19 0.0448456555604935 -0.993303954601288 2.99567294120789
9 20 0.0690253674983978 -1.04856073856354 2.93262219429016
10 1 -0.0195796582847834 -0.0137417148798704 3.08014297485352
10 2 -0.0218666400760412 0.040691614151001 3.14698052406311
10 3 -0.0288890283554792 0.406067967414856 3.19366478919983
10 4 -0.0303342547267675 0.64647114276886 3.20706391334534
10 5 -0.221182197332382 0.33987158536911 3.18857955932617
10 6 -0.423329710960388 0.496164292097092 3.18789291381836
10 7 -0.403983056545258 0.726975619792938 3.16575622558594
10 8 -0.353040099143982 0.829879939556122 3.17384386062622
10 9 0.177618443965912 0.283036947250366 3.17508316040039
10 10 0.452604323625565 0.26995313167572 3.16314888000488
10 11 0.683398067951202 0.286571949720383 3.16166996955872
10 12 0.721347033977509 0.25650879740715 3.15090274810791
10 13 -0.107056424021721 -0.0971150621771812 3.04813861846924
10 14 -0.0921402126550674 -0.655776739120483 3.04074549674988
10 15 -0.0670542046427727 -1.00818347930908 2.99245309829712
10 16 -0.0933765470981598 -1.07257997989655 2.93947458267212
10 17 0.0724226608872414 -0.104106515645981 3.06043100357056
10 18 0.077107660472393 -0.642333626747131 3.01310706138611
10 19 0.0420452207326889 -0.995207130908966 2.99526715278625
10 20 0.0704792141914368 -1.04869401454926 2.93220233917236
11 1 -0.0188946630805731 -0.014379401691258 3.0804922580719
11 2 -0.0213080756366253 0.0402874760329723 3.14717793464661
11 3 -0.0292168017476797 0.405149668455124 3.1925356388092
11 4 -0.0303889364004135 0.646172642707825 3.2090220451355
11 5 -0.220323771238327 0.339219927787781 3.18900609016418
11 6 -0.42344930768013 0.495986968278885 3.18794965744019
11 7 -0.404716074466705 0.72640472650528 3.16237378120422
11 8 -0.357485830783844 0.830766022205353 3.16526985168457
11 9 0.178268402814865 0.283014804124832 3.17590475082397
11 10 0.45273032784462 0.270162761211395 3.16291475296021
11 11 0.683231890201569 0.286874562501907 3.16113638877869
11 12 0.720738351345062 0.256746768951416 3.15042781829834
11 13 -0.106243006885052 -0.0979803651571274 3.04820466041565
11 14 -0.0918082445859909 -0.655284821987152 3.04096508026123
11 15 -0.0660090520977974 -1.00813114643097 2.99363017082214
11 16 -0.0979629456996918 -1.07073414325714 2.94133377075195
11 17 0.0735380724072456 -0.104767039418221 3.06149125099182
11 18 0.077077142894268 -0.64280778169632 3.01357698440552
11 19 0.0432694554328918 -0.994887173175812 2.99504256248474
11 20 0.0703953579068184 -1.04934298992157 2.93200421333313
12 1 -0.0189314167946577 -0.0147733613848686 3.08094429969788
12 2 -0.0212504044175148 0.0399501994252205 3.14760112762451
12 3 -0.0300354063510895 0.405165165662766 3.19335341453552
12 4 -0.0273567046970129 0.646723210811615 3.21350812911987
12 5 -0.220291212201118 0.337856382131577 3.18954634666443
12 6 -0.423790752887726 0.495775371789932 3.1877281665802
12 7 -0.409677565097809 0.72634482383728 3.16745257377625
12 8 -0.380920380353928 0.836226046085358 3.17833709716797
12 9 0.178016737103462 0.283678561449051 3.17630314826965
12 10 0.44569143652916 0.270145803689957 3.16435289382935
12 11 0.67483389377594 0.290506213903427 3.17180132865906
12 12 0.725923418998718 0.260502845048904 3.15970158576965
12 13 -0.106415890157223 -0.0983832404017448 3.04861164093018
12 14 -0.0909060016274452 -0.656712710857391 3.0418701171875
12 15 -0.0616770312190056 -1.0107581615448 2.99264478683472
12 16 -0.0984952300786972 -1.064985871315 2.9348258972168
12 17 0.0734497383236885 -0.104599066078663 3.06170678138733
12 18 0.0785417705774307 -0.643493592739105 3.0145263671875
12 19 0.0429883971810341 -0.996778011322021 2.99576926231384
12 20 0.0690939947962761 -1.05032920837402 2.93181610107422
13 1 -0.0185036901384592 -0.0153215220198035 3.08146929740906
13 2 -0.0208700112998486 0.0393321216106415 3.14812302589417
13 3 -0.0306346081197262 0.404803693294525 3.19425773620605
13 4 -0.0285315718501806 0.646915376186371 3.21798300743103
13 5 -0.219956859946251 0.337813973426819 3.18971109390259
13 6 -0.425234615802765 0.496328830718994 3.18836188316345
13 7 -0.404764652252197 0.725994169712067 3.1647572517395
13 8 -0.35446035861969 0.827573418617249 3.17377281188965
13 9 0.17793670296669 0.283400654792786 3.17631053924561
13 10 0.447954028844833 0.270186454057693 3.16367053985596
13 11 0.676725447177887 0.290072619915009 3.17208981513977
13 12 0.724691867828369 0.259899228811264 3.15944814682007
13 13 -0.105569139122963 -0.0990093424916267 3.04873561859131
13 14 -0.0909367352724075 -0.656307399272919 3.04141759872437
13 15 -0.0619322322309017 -1.00826990604401 2.99245500564575
13 16 -0.0954398512840271 -1.06207835674286 2.93334889411926
13 17 0.0737462416291237 -0.105053968727589 3.0625376701355
13 18 0.0794684737920761 -0.643923997879028 3.01396179199219
13 19 0.0430162437260151 -0.995334327220917 2.99558639526367
13 20 0.0675158947706223 -1.05125379562378 2.93281507492065
14 1 -0.0187970288097858 -0.0151326637715101 3.08144450187683
14 2 -0.0210676286369562 0.0395323485136032 3.14806818962097
14 3 -0.0310249608010054 0.404682278633118 3.19370436668396
14 4 -0.0284432657063007 0.647071242332459 3.21836161613464
14 5 -0.221064358949661 0.337636768817902 3.18960309028625
14 6 -0.425527095794678 0.496665060520172 3.18860483169556
14 7 -0.40525957942009 0.726186275482178 3.16618132591248
14 8 -0.356356769800186 0.82761150598526 3.1792631149292
14 9 0.176432847976685 0.2836052775383 3.17595362663269
14 10 0.444544196128845 0.270600259304047 3.16492915153503
14 11 0.670908868312836 0.295994609594345 3.18621230125427
14 12 0.730077862739563 0.265670150518417 3.17210865020752
14 13 -0.106036603450775 -0.0985539853572845 3.04978609085083
14 14 -0.0920878574252129 -0.655074954032898 3.04125452041626
14 15 -0.0689467117190361 -1.00820457935333 2.99271583557129
14 16 -0.0954761207103729 -1.07351350784302 2.94198298454285
14 17 0.0733671635389328 -0.104468196630478 3.0615816116333
14 18 0.0776532739400864 -0.642303228378296 3.01293730735779
14 19 0.0408662036061287 -0.994190335273743 2.9914391040802
14 20 0.0643981695175171 -1.05287086963654 2.93189311027527
15 1 -0.0185417830944061 -0.0145893832668662 3.08186721801758
15 2 -0.0209512487053871 0.0401636809110641 3.14843034744263
15 3 -0.0313969925045967 0.40608474612236 3.194176197052
15 4 -0.0293901842087507 0.648638844490051 3.2179126739502
15 5 -0.222061052918434 0.337287187576294 3.19121408462524
15 6 -0.427701741456985 0.49877193570137 3.18942904472351
15 7 -0.405360817909241 0.727689743041992 3.16372919082642
15 8 -0.353214979171753 0.827737033367157 3.16992497444153
15 9 0.175491780042648 0.285452604293823 3.17741966247559
15 10 0.441962152719498 0.270144641399384 3.16710829734802
15 11 0.670128345489502 0.290261834859848 3.17656207084656
15 12 0.725017488002777 0.260629445314407 3.16437697410584
15 13 -0.105047047138214 -0.0982686728239059 3.05129718780518
15 14 -0.093434564769268 -0.65481960773468 3.04174613952637
15 15 -0.0679461658000946 -1.00440227985382 2.9929141998291
15 16 -0.0939799100160599 -1.07128536701202 2.94304156303406
15 17 0.0733727440237999 -0.103333935141563 3.06080913543701
15 18 0.0762488692998886 -0.642054796218872 3.01250147819519
15 19 0.0422594472765923 -0.993116676807404 2.99309301376343
15 20 0.0609671473503113 -1.05347847938538 2.93272042274475
16 1 -0.0189402047544718 -0.0149671779945493 3.08284783363342
16 2 -0.0216703303158283 0.0395860858261585 3.14939975738525
16 3 -0.0335364304482937 0.404276162385941 3.19547486305237
16 4 -0.0291156284511089 0.647023975849152 3.21926498413086
16 5 -0.223482429981232 0.336865693330765 3.19164252281189
16 6 -0.430366516113281 0.499575138092041 3.18769240379334
16 7 -0.405546963214874 0.728029549121857 3.16171717643738
16 8 -0.349584877490997 0.824455320835114 3.17998504638672
16 9 0.173600271344185 0.283996164798737 3.17782020568848
16 10 0.442530691623688 0.26955309510231 3.16748738288879
16 11 0.670920670032501 0.289082586765289 3.17311239242554
16 12 0.724173426628113 0.259440124034882 3.16160726547241
16 13 -0.104526117444038 -0.0990599393844604 3.05297207832336
16 14 -0.0935130417346954 -0.65603232383728 3.04206514358521
16 15 -0.0701822638511658 -1.00608944892883 2.99233269691467
16 16 -0.0946450755000114 -1.07371139526367 2.94187998771667
16 17 0.073066234588623 -0.103312537074089 3.06116986274719
16 18 0.0756828114390373 -0.641823887825012 3.01291346549988
16 19 0.0411058031022549 -0.992465138435364 2.99227118492126
16 20 0.0659204870462418 -1.05020225048065 2.93089294433594
17 1 -0.0194522850215435 -0.0156963001936674 3.08440041542053
17 2 -0.0227057579904795 0.0387110561132431 3.15099263191223
17 3 -0.0355630069971085 0.403260618448257 3.19761919975281
17 4 -0.0321456640958786 0.645856261253357 3.21717023849487
17 5 -0.224326997995377 0.336393743753433 3.1917097568512
17 6 -0.430722385644913 0.49804162979126 3.18655490875244
17 7 -0.405527949333191 0.726384401321411 3.16172099113464
17 8 -0.348000913858414 0.823249459266663 3.16968989372253
17 9 0.172614544630051 0.283700048923492 3.17947435379028
17 10 0.44660621881485 0.270941376686096 3.16788387298584
17 11 0.673976421356201 0.292073100805283 3.18075895309448
17 12 0.724711358547211 0.261821776628494 3.16732382774353
17 13 -0.104753859341145 -0.0999524593353271 3.0547776222229
17 14 -0.0936099290847778 -0.657047986984253 3.04300713539124
17 15 -0.0688788294792175 -1.00531244277954 2.99358654022217
17 16 -0.0959781408309937 -1.06987845897675 2.93986511230469
17 17 0.0726561993360519 -0.10386723279953 3.06230926513672
17 18 0.0756939649581909 -0.642040848731995 3.01318669319153
17 19 0.0438279174268246 -0.992141485214233 2.99501848220825
17 20 0.059683732688427 -1.05217862129211 2.93230247497559
18 1 -0.0218251403421164 -0.0160594005137682 3.08549284934998
18 2 -0.0253042224794626 0.0383183360099792 3.15209770202637
18 3 -0.0391174964606762 0.402523219585419 3.19816207885742
18 4 -0.03208914026618 0.645233988761902 3.21846008300781
18 5 -0.22651943564415 0.336160808801651 3.19164180755615
18 6 -0.434649854898453 0.498828500509262 3.18370485305786
18 7 -0.403579235076904 0.726433515548706 3.1633517742157
18 8 -0.346614867448807 0.823588013648987 3.16679930686951
18 9 0.170104220509529 0.283301442861557 3.18030834197998
18 10 0.441465735435486 0.27520015835762 3.16934943199158
18 11 0.668091833591461 0.294978827238083 3.18747639656067
18 12 0.724771916866302 0.265546441078186 3.17364501953125
18 13 -0.107127487659454 -0.100405283272266 3.05549240112305
18 14 -0.0947406738996506 -0.655727624893188 3.04281711578369
18 15 -0.067996121942997 -1.0036633014679 2.99296116828918
18 16 -0.0937978625297546 -1.06694173812866 2.9379026889801
18 17 0.0702475607395172 -0.104304946959019 3.06372737884521
18 18 0.0744713097810745 -0.644014000892639 3.01300239562988
18 19 0.0429164730012417 -0.992618381977081 2.99345946311951
18 20 0.0628843605518341 -1.05008482933044 2.93021202087402
19 1 -0.0235227923840284 -0.0162388384342194 3.08561730384827
19 2 -0.0269160289317369 0.0384666919708252 3.15230107307434
19 3 -0.0411982536315918 0.404543101787567 3.19855260848999
19 4 -0.037355899810791 0.646924197673798 3.21320271492004
19 5 -0.227717861533165 0.335922449827194 3.19102668762207
19 6 -0.437226325273514 0.499685287475586 3.18444752693176
19 7 -0.405583292245865 0.727112770080566 3.16117143630981
19 8 -0.351406395435333 0.825500011444092 3.16690421104431
19 9 0.167887583374977 0.283757895231247 3.18017411231995
19 10 0.442299604415894 0.275193810462952 3.16706776618958
19 11 0.667300581932068 0.299759536981583 3.19240593910217
19 12 0.728273570537567 0.269765764474869 3.17777633666992
19 13 -0.108779989182949 -0.10057544708252 3.05591917037964
19 14 -0.0951340571045876 -0.656335949897766 3.04245781898499
19 15 -0.064423605799675 -1.00921046733856 2.99084830284119
19 16 -0.0979375094175339 -1.07385051250458 2.94212746620178
19 17 0.0681602731347084 -0.104200214147568 3.06360125541687
19 18 0.0735180154442787 -0.644476473331451 3.01273345947266
19 19 0.0411089919507504 -0.995535492897034 2.99184918403625
19 20 0.0669910982251167 -1.04860639572144 2.92712783813477
20 1 -0.026496721431613 -0.0163706056773663 3.08492302894592
20 2 -0.029882874339819 0.0382726117968559 3.15187191963196
20 3 -0.0439288057386875 0.405183345079422 3.19976377487183
20 4 -0.0411699824035168 0.647805631160736 3.21550059318542
20 5 -0.228816509246826 0.335742294788361 3.19105124473572
20 6 -0.437836766242981 0.499401122331619 3.18579244613647
20 7 -0.408970534801483 0.727121472358704 3.16257262229919
20 8 -0.386258691549301 0.798968613147736 3.16171383857727
20 9 0.164638340473175 0.283777952194214 3.18000745773315
20 10 0.439209640026093 0.276343882083893 3.16659069061279
20 11 0.664575815200806 0.299881994724274 3.18998599052429
20 12 0.726415872573853 0.270181179046631 3.17588305473328
20 13 -0.111897215247154 -0.0999816209077835 3.05460286140442
20 14 -0.0952063798904419 -0.655924379825592 3.04160904884338
20 15 -0.0689567774534225 -1.00882863998413 2.99202394485474
20 16 -0.096225418150425 -1.06939494609833 2.9351282119751
20 17 0.0650635063648224 -0.103874176740646 3.06273198127747
20 18 0.0734772458672524 -0.643820703029633 3.01144313812256
20 19 0.0409083738923073 -0.994655013084412 2.9926290512085
20 20 0.0617035143077374 -1.05155634880066 2.92955160140991
