1 1 -0.181869655847549 -0.0787235796451569 3.1533842086792
1 2 -0.184557422995567 -0.0208562407642603 3.21622347831726
1 3 -0.188605278730392 0.344430953264236 3.24477386474609
1 4 -0.18314716219902 0.538366317749023 3.26218938827515
1 5 -0.37810292840004 0.238813132047653 3.23716402053833
1 6 -0.607600688934326 0.293111801147461 3.17771601676941
1 7 -0.645859360694885 0.511675715446472 3.14494681358337
1 8 -0.657223582267761 0.642193078994751 3.14715886116028
1 9 -0.0123893171548843 0.232608959078789 3.24657726287842
1 10 0.207007899880409 0.170052379369736 3.20928907394409
1 11 0.432665646076202 0.262107133865356 3.14585161209106
1 12 0.526187121868134 0.30167943239212 3.14250826835632
1 13 -0.262607127428055 -0.157080069184303 3.12694835662842
1 14 -0.300037562847137 -0.602905511856079 3.07103681564331
1 15 -0.300719439983368 -0.970082759857178 3.06747436523438
1 16 -0.307560622692108 -1.07461750507355 3.0047652721405
1 17 -0.0984572172164917 -0.160222232341766 3.13994312286377
1 18 -0.0428278520703316 -0.60735684633255 3.0708122253418
1 19 -0.0618766024708748 -0.978954792022705 3.08779907226563
1 20 -0.0408113934099674 -1.08141624927521 3.02292609214783
2 1 -0.181639447808266 -0.0784728825092316 3.15291404724121
2 2 -0.184278041124344 -0.0204733703285456 3.21569395065308
2 3 -0.186838641762733 0.345418870449066 3.2440505027771
2 4 -0.183034300804138 0.538729965686798 3.26025533676147
2 5 -0.377681434154511 0.238947495818138 3.23626232147217
2 6 -0.608505070209503 0.294671148061752 3.17410778999329
2 7 -0.645987570285797 0.513850629329681 3.1352744102478
2 8 -0.654035568237305 0.639589786529541 3.13686037063599
2 9 -0.0124528855085373 0.231794357299805 3.24645328521729
2 10 0.20804238319397 0.167488142848015 3.20769262313843
2 11 0.433060139417648 0.258081436157227 3.14441180229187
2 12 0.530969440937042 0.296602189540863 3.13451552391052
2 13 -0.26262292265892 -0.156101420521736 3.12646698951721
2 14 -0.299940437078476 -0.603055357933044 3.0704505443573
2 15 -0.299868911504745 -0.975871324539185 3.06452631950378
2 16 -0.307263940572739 -1.07305443286896 3.00315260887146
2 17 -0.0987441539764404 -0.159431636333466 3.1392285823822
2 18 -0.0426329709589481 -0.607785284519196 3.07016730308533
2 19 -0.0613980330526829 -0.974206447601318 3.09115219116211
2 20 -0.0422489456832409 -1.07816779613495 3.02028036117554
3 1 -0.180958032608032 -0.0781528800725937 3.15300607681274
3 2 -0.183902859687805 -0.0203628093004227 3.2156925201416
3 3 -0.185394212603569 0.344375938177109 3.24511456489563
3 4 -0.182385012507439 0.538111090660095 3.25563406944275
3 5 -0.37674343585968 0.239783853292465 3.23587799072266
3 6 -0.600305140018463 0.293789863586426 3.17132592201233
3 7 -0.643789708614349 0.509238600730896 3.13166689872742
3 8 -0.653014481067657 0.639745354652405 3.13675379753113
3 9 -0.0101446667686105 0.23134146630764 3.24860811233521
3 10 0.212784394621849 0.162806540727615 3.21000337600708
3 11 0.432711571455002 0.252237319946289 3.14152598381042
3 12 0.529229700565338 0.292941182851791 3.13508296012878
3 13 -0.26169216632843 -0.15627047419548 3.12648129463196
3 14 -0.299826264381409 -0.602790951728821 3.07037329673767
3 15 -0.299440264701843 -0.970348834991455 3.0659646987915
3 16 -0.30961948633194 -1.0786395072937 3.00798106193542
3 17 -0.0980195626616478 -0.159952417016029 3.13956832885742
3 18 -0.043470174074173 -0.608510494232178 3.07015943527222
3 19 -0.0614848472177982 -0.97783237695694 3.08736562728882
3 20 -0.0423925444483757 -1.07872307300568 3.018803358078
4 1 -0.179475918412209 -0.0783352479338646 3.15407419204712
4 2 -0.183312237262726 -0.0212255995720625 3.2171311378479
4 3 -0.183852285146713 0.342974841594696 3.25058078765869
4 4 -0.182131662964821 0.537581562995911 3.25806522369385
4 5 -0.375087857246399 0.239650994539261 3.2349259853363
4 6 -0.595767974853516 0.289728999137878 3.17400145530701
4 7 -0.641561925411224 0.507851004600525 3.12919235229492
4 8 -0.650510013103485 0.638954043388367 3.12946105003357
4 9 -0.00753369089215994 0.230788335204124 3.2542417049408
4 10 0.211224317550659 0.158876419067383 3.21500277519226
4 11 0.436315178871155 0.248379439115524 3.14175629615784
4 12 0.528756499290466 0.286424487829208 3.13154029846191
4 13 -0.260060101747513 -0.156384468078613 3.12666511535645
4 14 -0.299526512622833 -0.602443516254425 3.07061290740967
4 15 -0.299361675977707 -0.970560312271118 3.06797218322754
4 16 -0.306583940982819 -1.07493758201599 3.00709581375122
4 17 -0.0966596603393555 -0.160157233476639 3.1404869556427
4 18 -0.0430210568010807 -0.608288526535034 3.07190442085266
4 19 -0.0624359734356403 -0.971872210502625 3.08944010734558
4 20 -0.0433620400726795 -1.07794535160065 3.0189163684845
5 1 -0.178259819746017 -0.0787149518728256 3.15552425384521
5 2 -0.182065367698669 -0.0221523344516754 3.21933031082153
5 3 -0.182120785117149 0.341290444135666 3.25415182113647
5 4 -0.181113660335541 0.537826120853424 3.2603018283844
5 5 -0.373696237802505 0.240350529551506 3.23771715164185
5 6 -0.57879376411438 0.281333118677139 3.18072581291199
5 7 -0.639352977275848 0.506593465805054 3.1302764415741
5 8 -0.648855865001678 0.641728043556213 3.13650369644165
5 9 -0.00672502489760518 0.230490133166313 3.2595853805542
5 10 0.203908398747444 0.155331686139107 3.22348022460938
5 11 0.435685336589813 0.241831824183464 3.14131760597229
5 12 0.528113067150116 0.281734824180603 3.13178420066834
5 13 -0.258914202451706 -0.156693026423454 3.12765669822693
5 14 -0.298933982849121 -0.602633118629456 3.0714693069458
5 15 -0.29932689666748 -0.976134657859802 3.06389570236206
5 16 -0.308569937944412 -1.07534801959991 3.00591039657593
5 17 -0.0951811075210571 -0.160889193415642 3.14265823364258
5 18 -0.0427429340779781 -0.608021438121796 3.07243466377258
5 19 -0.0611424744129181 -0.972318828105927 3.08792757987976
5 20 -0.0423634685575962 -1.07790899276733 3.0151379108429
6 1 -0.176481634378433 -0.0797193571925163 3.15783953666687
6 2 -0.181007727980614 -0.0233930759131908 3.22130036354065
6 3 -0.183172583580017 0.339632928371429 3.25780940055847
6 4 -0.17823950946331 0.536274909973145 3.26464223861694
6 5 -0.373117387294769 0.240281447768211 3.23933243751526
6 6 -0.587586104869843 0.284065991640091 3.17930221557617
6 7 -0.638202488422394 0.505906522274017 3.13159394264221
6 8 -0.649101197719574 0.641209900379181 3.14269733428955
6 9 -0.0056347050704062 0.229577139019966 3.26153421401978
6 10 0.20732855796814 0.155013412237167 3.22300910949707
6 11 0.436418563127518 0.24136608839035 3.14101815223694
6 12 0.529518008232117 0.281090676784515 3.13291430473328
6 13 -0.257082849740982 -0.157650381326675 3.12861108779907
6 14 -0.299128741025925 -0.602875292301178 3.07189130783081
6 15 -0.299201965332031 -0.972458720207214 3.06525659561157
6 16 -0.307389974594116 -1.07297790050507 3.00373768806458
6 17 -0.0931510925292969 -0.161837622523308 3.14465761184692
6 18 -0.0426463633775711 -0.608201384544373 3.07325959205627
6 19 -0.0610405243933201 -0.974162578582764 3.08588933944702
6 20 -0.0421836636960506 -1.07749783992767 3.01509833335876
7 1 -0.174980789422989 -0.0806426405906677 3.15948462486267
7 2 -0.179792061448097 -0.0242975596338511 3.22307085990906
7 3 -0.18310084939003 0.339135646820068 3.25975823402405
7 4 -0.166598528623581 0.533784866333008 3.26280522346497
7 5 -0.370166629552841 0.239417150616646 3.24219179153442
7 6 -0.589612483978271 0.282402098178864 3.17943692207336
7 7 -0.64404422044754 0.519465446472168 3.1323664188385
7 8 -0.650686025619507 0.637367904186249 3.12449479103088
7 9 -0.0029359795153141 0.229776695370674 3.26467752456665
7 10 0.206891506910324 0.154161989688873 3.22385716438293
7 11 0.435827046632767 0.238761022686958 3.13765645027161
7 12 0.528837561607361 0.269858688116074 3.12479686737061
7 13 -0.254738539457321 -0.158535674214363 3.13000416755676
7 14 -0.298495680093765 -0.603329122066498 3.07336783409119
7 15 -0.299127906560898 -0.973536014556885 3.06508851051331
7 16 -0.310039460659027 -1.0760110616684 3.00389814376831
7 17 -0.0908261314034462 -0.16293877363205 3.14717221260071
7 18 -0.0429944768548012 -0.608304262161255 3.07354927062988
7 19 -0.06048933416605 -0.97458153963089 3.09064197540283
7 20 -0.0434354953467846 -1.07576811313629 3.01565670967102
8 1 -0.172348767518997 -0.0814676657319069 3.1604061126709
8 2 -0.177832052111626 -0.0251772925257683 3.22403979301453
8 3 -0.182130515575409 0.338333398103714 3.26094532012939
8 4 -0.162561655044556 0.530247807502747 3.2642650604248
8 5 -0.36452904343605 0.238100528717041 3.2413444519043
8 6 -0.601374089717865 0.283542782068253 3.16732358932495
8 7 -0.646714568138123 0.503790616989136 3.13240146636963
8 8 -0.651622533798218 0.573423266410828 3.12935757637024
8 9 0.00138562393840402 0.228895798325539 3.26601314544678
8 10 0.207087680697441 0.154026716947556 3.22154641151428
8 11 0.431121975183487 0.236395627260208 3.14051365852356
8 12 0.527022123336792 0.274231940507889 3.1271378993988
8 13 -0.251154154539108 -0.15892331302166 3.12928891181946
8 14 -0.29779851436615 -0.603182673454285 3.07423424720764
8 15 -0.299541860818863 -0.97331964969635 3.06501269340515
8 16 -0.307237446308136 -1.07492017745972 3.00233316421509
8 17 -0.0881219431757927 -0.164138525724411 3.14832234382629
8 18 -0.0415361225605011 -0.609161794185638 3.07503414154053
8 19 -0.0613590106368065 -0.974682092666626 3.09097933769226
8 20 -0.0433643944561481 -1.07752680778503 3.01751351356506
9 1 -0.170510962605476 -0.0831848829984665 3.15960788726807
9 2 -0.176749289035797 -0.026607058942318 3.22355628013611
9 3 -0.18123497068882 0.338778614997864 3.2613468170166
9 4 -0.160937279462814 0.530513226985931 3.26607298851013
9 5 -0.359555661678314 0.236254587769508 3.23860049247742
9 6 -0.608475267887115 0.283095300197601 3.16923236846924
9 7 -0.646863341331482 0.518921375274658 3.13067269325256
9 8 -0.646514654159546 0.573768734931946 3.13096761703491
9 9 0.00461447658017278 0.225158676505089 3.26637268066406
9 10 0.209312677383423 0.15290105342865 3.2222728729248
9 11 0.433119207620621 0.233585357666016 3.13993048667908
9 12 0.504497110843658 0.261081486940384 3.13517093658447
9 13 -0.249480694532394 -0.159950271248817 3.1273934841156
9 14 -0.297294795513153 -0.60418576002121 3.07411742210388
9 15 -0.297956168651581 -0.974146842956543 3.06450319290161
9 16 -0.309873253107071 -1.07746028900146 3.00808334350586
9 17 -0.0864594504237175 -0.165861845016479 3.14826512336731
9 18 -0.0410256534814835 -0.609650790691376 3.07500290870667
9 19 -0.0625028312206268 -0.967244744300842 3.09344410896301
9 20 -0.0419934131205082 -1.07336783409119 3.0203058719635
10 1 -0.170071840286255 -0.0837972685694695 3.1593873500824
10 2 -0.176408469676971 -0.0272754170000553 3.22352504730225
10 3 -0.181416735053062 0.338848471641541 3.26297640800476
10 4 -0.157677993178368 0.53184974193573 3.26788997650146
10 5 -0.358163684606552 0.234714090824127 3.23820209503174
10 6 -0.601408004760742 0.277726471424103 3.1709132194519
10 7 -0.651188015937805 0.510640740394592 3.13549613952637
10 8 -0.643736779689789 0.578628301620483 3.12736368179321
10 9 0.00637241872027516 0.223901778459549 3.26658916473389
10 10 0.213165283203125 0.152685657143593 3.22360348701477
10 11 0.432571947574615 0.223258957266808 3.13624262809753
10 12 0.489051789045334 0.273294299840927 3.12855935096741
10 13 -0.249152392148972 -0.160397261381149 3.12697863578796
10 14 -0.296825617551804 -0.603408396244049 3.07213234901428
10 15 -0.298417806625366 -0.972106039524078 3.0672435760498
10 16 -0.307835549116135 -1.07495224475861 3.00342535972595
10 17 -0.0859984010457993 -0.166661500930786 3.14773941040039
10 18 -0.0406407676637173 -0.60806530714035 3.07471299171448
10 19 -0.0602823160588741 -0.972457706928253 3.08985877037048
10 20 -0.0435115396976471 -1.07365643978119 3.01582336425781
11 1 -0.169916868209839 -0.0842350199818611 3.15911912918091
11 2 -0.17614983022213 -0.0278837904334068 3.22341990470886
11 3 -0.18206849694252 0.339303225278854 3.2652416229248
11 4 -0.159379780292511 0.532698333263397 3.26582431793213
11 5 -0.358558028936386 0.235052764415741 3.23835515975952
11 6 -0.604304254055023 0.279276192188263 3.1714038848877
11 7 -0.64836049079895 0.541333556175232 3.13789629936218
11 8 -0.651027321815491 0.616258382797241 3.13329458236694
11 9 0.00549441622570157 0.224606543779373 3.2655611038208
11 10 0.212674260139465 0.152371495962143 3.22485899925232
11 11 0.432985901832581 0.216734752058983 3.13588881492615
11 12 0.506829619407654 0.214730620384216 3.12228322029114
11 13 -0.24911305308342 -0.16094197332859 3.12685680389404
11 14 -0.296552032232285 -0.603239357471466 3.0720329284668
11 15 -0.298300087451935 -0.974865078926086 3.06510782241821
11 16 -0.30549430847168 -1.07621490955353 3.00415992736816
11 17 -0.0858419984579086 -0.166677534580231 3.14709067344666
11 18 -0.0403964817523956 -0.609023869037628 3.0746910572052
11 19 -0.0600288957357407 -0.972807705402374 3.09214401245117
11 20 -0.0417526103556156 -1.07691073417664 3.02079820632935
12 1 -0.170310631394386 -0.0841449424624443 3.15884232521057
12 2 -0.175624459981918 -0.0273038148880005 3.22321724891663
12 3 -0.180707529187202 0.340450882911682 3.26112151145935
12 4 -0.16372936964035 0.534172773361206 3.2601056098938
12 5 -0.360669881105423 0.235006541013718 3.23823714256287
12 6 -0.601102530956268 0.27717188000679 3.17198872566223
12 7 -0.647821068763733 0.518629729747772 3.12935447692871
12 8 -0.652041018009186 0.594722867012024 3.13329744338989
12 9 0.00193733256310225 0.228086814284325 3.26107311248779
12 10 0.219724833965302 0.158384278416634 3.21805167198181
12 11 0.444003582000732 0.221232399344444 3.1384916305542
12 12 0.544901192188263 0.23287470638752 3.14105176925659
12 13 -0.249741733074188 -0.161072596907616 3.12735795974731
12 14 -0.295804738998413 -0.603206276893616 3.07358503341675
12 15 -0.299822002649307 -0.963226437568665 3.06895661354065
12 16 -0.306829035282135 -1.0737019777298 3.00297212600708
12 17 -0.08686563372612 -0.165877118706703 3.14605593681335
12 18 -0.040514811873436 -0.609813451766968 3.07449817657471
12 19 -0.059761144220829 -0.9730544090271 3.09099006652832
12 20 -0.039866030216217 -1.07862770557404 3.02536034584045
13 1 -0.170891806483269 -0.0841218754649162 3.15820288658142
13 2 -0.175609573721886 -0.0270245000720024 3.222571849823
13 3 -0.181106582283974 0.341146230697632 3.25951457023621
13 4 -0.166296184062958 0.534751892089844 3.25858974456787
13 5 -0.361417770385742 0.23478764295578 3.23744678497314
13 6 -0.603168547153473 0.277685761451721 3.171147108078
13 7 -0.647485971450806 0.502014338970184 3.13699984550476
13 8 -0.648669004440308 0.574445724487305 3.1352710723877
13 9 0.00074131740257144 0.230733811855316 3.25765705108643
13 10 0.219707638025284 0.159887358546257 3.21831774711609
13 11 0.448275864124298 0.223791748285294 3.13968825340271
13 12 0.54914391040802 0.233482971787453 3.14176726341248
13 13 -0.250405609607697 -0.1612518876791 3.12742161750793
13 14 -0.295770764350891 -0.603038370609283 3.07459497451782
13 15 -0.298591941595078 -0.972123742103577 3.06630706787109
13 16 -0.309459000825882 -1.07677137851715 3.00823974609375
13 17 -0.0876444205641747 -0.16535359621048 3.14459490776062
13 18 -0.0401313342154026 -0.609266400337219 3.07437062263489
13 19 -0.0613735616207123 -0.978273570537567 3.08768701553345
13 20 -0.0412806458771229 -1.07935047149658 3.02243733406067
14 1 -0.171260252594948 -0.083879642188549 3.15728497505188
14 2 -0.175954535603523 -0.0265767090022564 3.22144770622253
14 3 -0.182256683707237 0.341275274753571 3.25658464431763
14 4 -0.169238954782486 0.536191582679749 3.25977611541748
14 5 -0.362866044044495 0.234660401940346 3.23688220977783
14 6 -0.605743408203125 0.275727272033691 3.16945028305054
14 7 -0.647934317588806 0.488906472921371 3.13719320297241
14 8 -0.649483382701874 0.573263585567474 3.13543009757996
14 9 -0.000870793592184782 0.232047885656357 3.25679802894592
14 10 0.220343083143234 0.159684538841248 3.21660923957825
14 11 0.440674066543579 0.214948803186417 3.14380764961243
14 12 0.541396081447601 0.229391187429428 3.14256525039673
14 13 -0.250661432743073 -0.161237880587578 3.12715697288513
14 14 -0.29577249288559 -0.60247415304184 3.07500576972961
14 15 -0.299105674028397 -0.97097909450531 3.06610798835754
14 16 -0.310048848390579 -1.07494580745697 3.00606393814087
14 17 -0.0878503173589706 -0.164964199066162 3.14387607574463
14 18 -0.0396205596625805 -0.609766185283661 3.07347178459167
14 19 -0.0609242990612984 -0.979378283023834 3.09233021736145
14 20 -0.0420213006436825 -1.07949209213257 3.02139759063721
15 1 -0.172017320990562 -0.0840012282133102 3.15619969367981
15 2 -0.176472276449203 -0.0264162607491016 3.22031188011169
15 3 -0.181827336549759 0.341815382242203 3.2547128200531
15 4 -0.171330094337463 0.536377012729645 3.25771427154541
15 5 -0.36383467912674 0.234225556254387 3.23546481132507
15 6 -0.608793258666992 0.276361644268036 3.16920256614685
15 7 -0.645363390445709 0.478546351194382 3.1306746006012
15 8 -0.646651983261108 0.576241374015808 3.1320321559906
15 9 -0.00177797675132751 0.231524735689163 3.25510096549988
15 10 0.220628380775452 0.15978892147541 3.21411466598511
15 11 0.442597091197968 0.215867847204208 3.14173674583435
15 12 0.544413924217224 0.230135604739189 3.1437292098999
15 13 -0.251794070005417 -0.16135960817337 3.12628889083862
15 14 -0.295936346054077 -0.602741003036499 3.07502722740173
15 15 -0.298498898744583 -0.967131316661835 3.06930470466614
15 16 -0.311410009860992 -1.07542955875397 3.00908303260803
15 17 -0.0888014882802963 -0.165038153529167 3.14271330833435
15 18 -0.0397500433027744 -0.609893918037415 3.07385945320129
15 19 -0.061984296888113 -0.979036509990692 3.089688539505
15 20 -0.0442143082618713 -1.08219051361084 3.02250647544861
16 1 -0.172526985406876 -0.0839369520545006 3.15508770942688
16 2 -0.17666257917881 -0.0262161400169134 3.21897888183594
16 3 -0.182134166359901 0.34209468960762 3.25256538391113
16 4 -0.1729746311903 0.536189138889313 3.25791454315186
16 5 -0.364964485168457 0.234234854578972 3.23554372787476
16 6 -0.603803277015686 0.273843258619308 3.16968989372253
16 7 -0.643461346626282 0.473802924156189 3.12844133377075
16 8 -0.644791483879089 0.576061964035034 3.12775373458862
16 9 -0.00284490105696023 0.231817930936813 3.25344085693359
16 10 0.220245331525803 0.160901352763176 3.20994067192078
16 11 0.445406705141068 0.219683334231377 3.13965392112732
16 12 0.548593580722809 0.229972451925278 3.14069199562073
16 13 -0.252198070287704 -0.161487177014351 3.12591862678528
16 14 -0.295871496200562 -0.603640496730804 3.07443952560425
16 15 -0.298371613025665 -0.972640812397003 3.06720280647278
16 16 -0.309075117111206 -1.07421255111694 3.00553202629089
16 17 -0.0894151255488396 -0.164879143238068 3.14156603813171
16 18 -0.0395309999585152 -0.610669195652008 3.0745747089386
16 19 -0.0616914257407188 -0.978853344917297 3.08785939216614
16 20 -0.0435173511505127 -1.07958555221558 3.02269124984741
17 1 -0.173562005162239 -0.0838079005479813 3.15420889854431
17 2 -0.177203059196472 -0.0263018179684877 3.21819806098938
17 3 -0.182710394263268 0.342232555150986 3.25357723236084
17 4 -0.175279155373573 0.536301851272583 3.25807070732117
17 5 -0.366053551435471 0.23380945622921 3.23470854759216
17 6 -0.609928131103516 0.277259945869446 3.16844916343689
17 7 -0.65343576669693 0.509703159332275 3.11940360069275
17 8 -0.645491421222687 0.573529601097107 3.12630820274353
17 9 -0.0041481894440949 0.232577502727509 3.25026416778564
17 10 0.218541070818901 0.161281004548073 3.20496034622192
17 11 0.447301775217056 0.221673116087914 3.13456320762634
17 12 0.550588488578796 0.229440852999687 3.13719344139099
17 13 -0.253395110368729 -0.161485016345978 3.12557101249695
17 14 -0.296232640743256 -0.603191792964935 3.07411623001099
17 15 -0.298586636781693 -0.968131899833679 3.06632328033447
17 16 -0.308441132307053 -1.07211923599243 3.00368976593018
17 17 -0.0907735750079155 -0.164253011345863 3.13978028297424
17 18 -0.0409627370536327 -0.611175715923309 3.07314276695251
17 19 -0.0618196427822113 -0.982216894626617 3.08694672584534
17 20 -0.0423483029007912 -1.07937526702881 3.01970195770264
18 1 -0.174514353275299 -0.0832682773470879 3.1526792049408
18 2 -0.177941218018532 -0.0257981345057487 3.21679210662842
18 3 -0.18280878663063 0.342554837465286 3.25229740142822
18 4 -0.174764752388 0.538459360599518 3.2567720413208
18 5 -0.366436004638672 0.234746724367142 3.23251724243164
18 6 -0.607052385807037 0.275831907987595 3.16576266288757
18 7 -0.650308847427368 0.54154098033905 3.13194489479065
18 8 -0.643804848194122 0.617024123668671 3.12058329582214
18 9 -0.00451748911291361 0.232509642839432 3.24731016159058
18 10 0.216493397951126 0.162076279520988 3.20083379745483
18 11 0.446554273366928 0.220781177282333 3.13003015518188
18 12 0.549674034118652 0.231198951601982 3.12910461425781
18 13 -0.254422843456268 -0.160807549953461 3.12439823150635
18 14 -0.296727746725082 -0.603200435638428 3.07288193702698
18 15 -0.299224019050598 -0.975597977638245 3.06271243095398
18 16 -0.308182090520859 -1.07420861721039 3.00447726249695
18 17 -0.0917846411466599 -0.16376556456089 3.13817405700684
18 18 -0.0408852621912956 -0.610744893550873 3.0724413394928
18 19 -0.0612293630838394 -0.975117862224579 3.08903169631958
18 20 -0.0465142093598843 -1.07832777500153 3.0173602104187
19 1 -0.175014331936836 -0.0827378779649735 3.15068936347961
19 2 -0.178242519497871 -0.0249808840453625 3.2143497467041
19 3 -0.181777998805046 0.343353807926178 3.24717831611633
19 4 -0.175744488835335 0.540537893772125 3.25350165367126
19 5 -0.366411954164505 0.236054822802544 3.23034167289734
19 6 -0.606348037719727 0.274374008178711 3.16778016090393
19 7 -0.648124039173126 0.503967642784119 3.13111543655396
19 8 -0.649067044258118 0.571372985839844 3.12984132766724
19 9 -0.00476915203034878 0.232390478253365 3.24435949325562
19 10 0.214853540062904 0.16135185956955 3.19832158088684
19 11 0.443453639745712 0.218050971627235 3.12632060050964
19 12 0.545658111572266 0.227263689041138 3.12252807617188
19 13 -0.25522455573082 -0.160263180732727 3.12234020233154
19 14 -0.297630548477173 -0.603160440921783 3.07239627838135
19 15 -0.298061817884445 -0.975941896438599 3.06371665000916
19 16 -0.309754103422165 -1.07706153392792 3.00950694084167
19 17 -0.0922334790229797 -0.163373589515686 3.13649654388428
19 18 -0.0411151461303234 -0.609412312507629 3.07111144065857
19 19 -0.0615914091467857 -0.975344359874725 3.08998346328735
19 20 -0.0418784841895103 -1.0764673948288 3.01737976074219
20 1 -0.175302788615227 -0.0830048322677612 3.14902353286743
20 2 -0.178506836295128 -0.0250186268240213 3.21282243728638
20 3 -0.181502312421799 0.343463599681854 3.24522495269775
20 4 -0.175141647458076 0.541317522525787 3.25296068191528
20 5 -0.365851074457169 0.236436456441879 3.22882986068726
20 6 -0.60927140712738 0.280297428369522 3.16311621665955
20 7 -0.648379802703857 0.510806024074554 3.1263062953949
20 8 -0.646232783794403 0.576651811599731 3.12311935424805
20 9 -0.00449329940602183 0.230932414531708 3.2424156665802
20 10 0.217050403356552 0.160308182239532 3.19639086723328
20 11 0.440365105867386 0.215375453233719 3.12579774856567
20 12 0.542445957660675 0.227487415075302 3.12727904319763
20 13 -0.255356550216675 -0.160305216908455 3.12150979042053
20 14 -0.297394812107086 -0.603288233280182 3.07084679603577
20 15 -0.299192190170288 -0.976138055324554 3.0636944770813
20 16 -0.308515280485153 -1.07161927223206 3.00407385826111
20 17 -0.0926585346460342 -0.163452222943306 3.13477492332459
20 18 -0.0414947867393494 -0.610251367092133 3.06974005699158
20 19 -0.0614902265369892 -0.976790070533752 3.08884072303772
20 20 -0.0442497618496418 -1.07694566249847 3.0178530216217
