1 1 -0.0360554158687592 -0.0926788970828056 3.0689845085144
1 2 -0.0284495316445827 -0.0384016968309879 3.13022637367249
1 3 -0.0218383446335793 0.31077253818512 3.16468024253845
1 4 -0.0262207705527544 0.500724136829376 3.17934012413025
1 5 -0.225430145859718 0.258555084466934 3.20024156570435
1 6 -0.390175938606262 0.405749320983887 3.19975066184998
1 7 -0.310406416654587 0.685323596000671 3.20191287994385
1 8 -0.305063188076019 0.743791222572327 3.19914531707764
1 9 0.173725977540016 0.218302175402641 3.14535021781921
1 10 0.463153541088104 0.285355389118195 3.07017946243286
1 11 0.672764420509338 0.35441642999649 3.02837634086609
1 12 0.748526096343994 0.378381460905075 3.03145027160645
1 13 -0.128430441021919 -0.179733797907829 3.05284023284912
1 14 -0.106117367744446 -0.652798891067505 3.03766059875488
1 15 -0.100319854915142 -0.991908729076386 2.98459458351135
1 16 -0.124001689255238 -1.0497545003891 2.9224054813385
1 17 0.0499520823359489 -0.181457996368408 3.03755497932434
1 18 0.0550107471644878 -0.646665632724762 2.99959564208984
1 19 0.0585811026394367 -0.980732202529907 2.96302652359009
1 20 0.0750769376754761 -1.03851461410522 2.88631844520569
2 1 -0.0355897322297096 -0.0935185700654984 3.06820559501648
2 2 -0.0278132446110249 -0.0391035377979279 3.12957954406738
2 3 -0.0202148202806711 0.31077179312706 3.1626558303833
2 4 -0.025762902572751 0.499137252569199 3.17160224914551
2 5 -0.224745601415634 0.258334010839462 3.19966244697571
2 6 -0.387311786413193 0.407557338476181 3.19664907455444
2 7 -0.308907181024551 0.684278309345245 3.19888544082642
2 8 -0.302690863609314 0.741320073604584 3.19229388237
2 9 0.174378901720047 0.218209326267242 3.14492201805115
2 10 0.462660938501358 0.285499811172485 3.06764531135559
2 11 0.672705352306366 0.35310360789299 3.02997207641602
2 12 0.747447788715363 0.375672698020935 3.03318476676941
2 13 -0.128156214952469 -0.180277615785599 3.05221700668335
2 14 -0.104481227695942 -0.653571367263794 3.03725171089172
2 15 -0.104579411447048 -0.993506073951721 2.98029851913452
2 16 -0.125850081443787 -1.05288088321686 2.91598796844482
2 17 0.050557367503643 -0.18224772810936 3.03686237335205
2 18 0.0557726509869099 -0.645482182502747 3.00010132789612
2 19 0.0564697682857513 -0.973525047302246 2.96544480323792
2 20 0.0725763887166977 -1.03537368774414 2.8875732421875
3 1 -0.0349911972880363 -0.0939988940954208 3.06807112693787
3 2 -0.0274208169430494 -0.0396409779787064 3.12962698936462
3 3 -0.0204389020800591 0.309701383113861 3.16207480430603
3 4 -0.0246076844632626 0.499894559383392 3.16867280006409
3 5 -0.224031552672386 0.258833825588226 3.19972038269043
3 6 -0.387717634439468 0.406051605939865 3.19675803184509
3 7 -0.309288620948792 0.680413722991943 3.19375514984131
3 8 -0.302568256855011 0.737482905387878 3.19777297973633
3 9 0.177289053797722 0.218870207667351 3.14597177505493
3 10 0.465066075325012 0.284541338682175 3.06766963005066
3 11 0.674978494644165 0.350701749324799 3.02944397926331
3 12 0.749647974967957 0.372841656208038 3.0322892665863
3 13 -0.127765446901321 -0.180748715996742 3.0523521900177
3 14 -0.103828333318233 -0.652521371841431 3.03705453872681
3 15 -0.101312547922134 -0.991549015045166 2.98193335533142
3 16 -0.125848606228828 -1.054802775383 2.91648292541504
3 17 0.0515508279204369 -0.183390781283379 3.03659057617188
3 18 0.0557818897068501 -0.647515654563904 2.99988079071045
3 19 0.0538336411118507 -0.976254820823669 2.96483612060547
3 20 0.0746635943651199 -1.03651976585388 2.88469815254211
4 1 -0.0338366329669952 -0.0949350446462631 3.06834197044373
4 2 -0.0265271551907063 -0.0406283289194107 3.12994694709778
4 3 -0.0203454624861479 0.30877548456192 3.16211438179016
4 4 -0.0248021055012941 0.499024599790573 3.16981244087219
4 5 -0.224297806620598 0.25888866186142 3.199627161026
4 6 -0.387361943721771 0.406047880649567 3.19685888290405
4 7 -0.308811515569687 0.681821823120117 3.19211030006409
4 8 -0.29987296462059 0.737942636013031 3.19519138336182
4 9 0.177545368671417 0.219136476516724 3.14559364318848
4 10 0.464785784482956 0.284498959779739 3.06758213043213
4 11 0.674595713615417 0.349528253078461 3.02970051765442
4 12 0.748409509658813 0.370986580848694 3.03414678573608
4 13 -0.125539720058441 -0.182962447404861 3.05209064483643
4 14 -0.102976620197296 -0.65290230512619 3.03716778755188
4 15 -0.103914625942707 -0.993597328662872 2.98226189613342
4 16 -0.119426280260086 -1.05190658569336 2.92254948616028
4 17 0.053656317293644 -0.184151321649551 3.037672996521
4 18 0.0556835383176804 -0.647379279136658 3.00020885467529
4 19 0.0567097663879395 -0.975651621818542 2.96553063392639
4 20 0.0726740211248398 -1.03519034385681 2.88766884803772
5 1 -0.033937644213438 -0.096197709441185 3.06850600242615
5 2 -0.0264566708356142 -0.0416054055094719 3.1301965713501
5 3 -0.0211940705776215 0.308955848217011 3.16218852996826
5 4 -0.0254873633384705 0.49910631775856 3.17109107971191
5 5 -0.224788263440132 0.257978647947311 3.20016145706177
5 6 -0.387257218360901 0.404926240444183 3.1953227519989
5 7 -0.308451652526855 0.680755436420441 3.19047379493713
5 8 -0.302644550800323 0.73669844865799 3.19009351730347
5 9 0.176527053117752 0.218668445944786 3.14531707763672
5 10 0.462309122085571 0.282039761543274 3.07172846794128
5 11 0.671230733394623 0.346339285373688 3.03152894973755
5 12 0.744053483009338 0.368188202381134 3.03470349311829
5 13 -0.126341491937637 -0.183844417333603 3.05303978919983
5 14 -0.102583609521389 -0.64908903837204 3.03712344169617
5 15 -0.103425480425358 -0.990070223808289 2.9828839302063
5 16 -0.120070911943913 -1.04906952381134 2.92671751976013
5 17 0.0530444048345089 -0.184916034340858 3.03730821609497
5 18 0.0571434423327446 -0.646228551864624 2.99945473670959
5 19 0.0551821701228619 -0.975858688354492 2.96441888809204
5 20 0.0695297494530678 -1.03511714935303 2.88867330551147
6 1 -0.0339764133095741 -0.0968312695622444 3.06822180747986
6 2 -0.026725772768259 -0.0421053804457188 3.12997531890869
6 3 -0.0225717611610889 0.30893737077713 3.16143178939819
6 4 -0.0267278514802456 0.499809771776199 3.17418742179871
6 5 -0.22408752143383 0.258266597986221 3.19905757904053
6 6 -0.386692583560944 0.403851181268692 3.19574093818665
6 7 -0.30910712480545 0.680693089962006 3.1895215511322
6 8 -0.302171677350998 0.736018896102905 3.18620538711548
6 9 0.175512343645096 0.21838341653347 3.14555764198303
6 10 0.457761168479919 0.27835413813591 3.07476210594177
6 11 0.672982454299927 0.345124423503876 3.03646206855774
6 12 0.744840562343597 0.368522435426712 3.03630447387695
6 13 -0.125843167304993 -0.184602797031403 3.05254316329956
6 14 -0.103825435042381 -0.649794340133667 3.03671145439148
6 15 -0.10563237965107 -0.992552101612091 2.98105335235596
6 16 -0.121130138635635 -1.0527675151825 2.911541223526
6 17 0.0527561195194721 -0.185240387916565 3.03748416900635
6 18 0.0570281147956848 -0.644696652889252 2.9989116191864
6 19 0.0533808097243309 -0.977784633636475 2.96641707420349
6 20 0.0731726363301277 -1.03517913818359 2.88818264007568
7 1 -0.0347081273794174 -0.0975103974342346 3.06744885444641
7 2 -0.0278332531452179 -0.0426481626927853 3.12910175323486
7 3 -0.0267322771251202 0.308017492294312 3.15935015678406
7 4 -0.0300379376858473 0.498038858175278 3.17250633239746
7 5 -0.225398883223534 0.258158177137375 3.19923329353333
7 6 -0.38775634765625 0.403686136007309 3.19243025779724
7 7 -0.309044241905212 0.682671904563904 3.18070220947266
7 8 -0.301012426614761 0.737368524074554 3.18434357643127
7 9 0.174000322818756 0.218188807368279 3.1455192565918
7 10 0.460328578948975 0.278464943170547 3.07474684715271
7 11 0.668103098869324 0.34251070022583 3.03559517860413
7 12 0.739420533180237 0.365583002567291 3.03576898574829
7 13 -0.126560270786285 -0.185597494244576 3.05182957649231
7 14 -0.104355789721012 -0.652482509613037 3.0367546081543
7 15 -0.105749025940895 -0.996304094791412 2.97776865959167
7 16 -0.12648543715477 -1.0524765253067 2.91649293899536
7 17 0.0519831106066704 -0.185734212398529 3.03660345077515
7 18 0.0555333532392979 -0.64772367477417 2.99928450584412
7 19 0.0535209476947784 -0.978085041046143 2.96287250518799
7 20 0.0707158148288727 -1.03717720508575 2.88892269134521
8 1 -0.0368609391152859 -0.0973341464996338 3.06652069091797
8 2 -0.0300135556608438 -0.0425242409110069 3.12800526618958
8 3 -0.0289850328117609 0.307256251573563 3.15697336196899
8 4 -0.0322392322123051 0.499069452285767 3.17029476165771
8 5 -0.228056758642197 0.259550452232361 3.19896149635315
8 6 -0.387967944145203 0.407490253448486 3.18853187561035
8 7 -0.310959696769714 0.686420440673828 3.18032789230347
8 8 -0.302222937345505 0.74077832698822 3.18024563789368
8 9 0.172949194908142 0.217756390571594 3.14544224739075
8 10 0.457078099250793 0.27780345082283 3.07400941848755
8 11 0.668011426925659 0.342168092727661 3.03588676452637
8 12 0.73933219909668 0.36331894993782 3.03966879844666
8 13 -0.128582864999771 -0.185311645269394 3.05163431167603
8 14 -0.104452133178711 -0.649815618991852 3.03597927093506
8 15 -0.104696378111839 -0.992029845714569 2.98057818412781
8 16 -0.121329620480537 -1.04923105239868 2.92264819145203
8 17 0.0503618940711021 -0.186194121837616 3.03558993339539
8 18 0.0559642277657986 -0.649814665317535 2.99912118911743
8 19 0.0531279221177101 -0.979832470417023 2.9618763923645
8 20 0.0756756812334061 -1.04074609279633 2.87904620170593
9 1 -0.0389957167208195 -0.0975366905331612 3.06602120399475
9 2 -0.0320325754582882 -0.0427890159189701 3.12747573852539
9 3 -0.0302612762898207 0.306422591209412 3.15626645088196
9 4 -0.0377941802144051 0.499207615852356 3.17461657524109
9 5 -0.230564832687378 0.260022282600403 3.19895577430725
9 6 -0.391180723905563 0.406829059123993 3.18491721153259
9 7 -0.312863051891327 0.682046055793762 3.17418956756592
9 8 -0.302652657032013 0.735108733177185 3.18232417106628
9 9 0.170017078518867 0.21754452586174 3.14443182945251
9 10 0.454050123691559 0.276746094226837 3.07551097869873
9 11 0.665669202804565 0.34096485376358 3.03665971755981
9 12 0.736482560634613 0.362089067697525 3.0389142036438
9 13 -0.131439387798309 -0.185146480798721 3.05113101005554
9 14 -0.106354005634785 -0.648586392402649 3.03505396842957
9 15 -0.102379888296127 -0.990048468112946 2.98133301734924
9 16 -0.119576826691628 -1.04769730567932 2.92362427711487
9 17 0.0478848107159138 -0.186444818973541 3.03449654579163
9 18 0.0568673014640808 -0.649462223052979 2.99892449378967
9 19 0.0546583831310272 -0.978484034538269 2.96347212791443
9 20 0.0714700073003769 -1.03782749176025 2.88788366317749
10 1 -0.0403890088200569 -0.0976229980587959 3.06512069702148
10 2 -0.0331149771809578 -0.0430242940783501 3.1266028881073
10 3 -0.0298325307667255 0.306342840194702 3.15504741668701
10 4 -0.0388188250362873 0.497335195541382 3.17428469657898
10 5 -0.231434613466263 0.259897977113724 3.19858336448669
10 6 -0.395065933465958 0.403052717447281 3.18338966369629
10 7 -0.314567983150482 0.685998558998108 3.18518376350403
10 8 -0.303123891353607 0.740757465362549 3.18512678146362
10 9 0.169377028942108 0.217545941472054 3.14396262168884
10 10 0.454367846250534 0.278360098600388 3.07371354103088
10 11 0.66161060333252 0.339785188436508 3.03370094299316
10 12 0.733700513839722 0.362147301435471 3.03930306434631
10 13 -0.132812827825546 -0.185458868741989 3.05060863494873
10 14 -0.107433572411537 -0.650260388851166 3.03486490249634
10 15 -0.104162640869617 -0.991543531417847 2.97999048233032
10 16 -0.12489153444767 -1.05218780040741 2.90978193283081
10 17 0.0466035157442093 -0.186423599720001 3.03368353843689
10 18 0.0557541064918041 -0.649590730667114 2.99894142150879
10 19 0.0510061904788017 -0.97575831413269 2.96521997451782
10 20 0.0753673240542412 -1.03804516792297 2.88202881813049
11 1 -0.0415456555783749 -0.0980286598205566 3.06457781791687
11 2 -0.0345194786787033 -0.0434612222015858 3.1260814666748
11 3 -0.0315308645367622 0.305714339017868 3.15465211868286
11 4 -0.0410034656524658 0.495590001344681 3.17326021194458
11 5 -0.232124492526054 0.257461488246918 3.19668984413147
11 6 -0.393172919750214 0.403138905763626 3.18421697616577
11 7 -0.312794476747513 0.685764014720917 3.189772605896
11 8 -0.30485612154007 0.741475105285645 3.17911267280579
11 9 0.168951794505119 0.21759495139122 3.14372444152832
11 10 0.45332133769989 0.280364453792572 3.07297778129578
11 11 0.668382823467255 0.344666481018066 3.034099817276
11 12 0.743000388145447 0.36539214849472 3.03678894042969
11 13 -0.133761644363403 -0.185872539877892 3.05025196075439
11 14 -0.10741101205349 -0.651763916015625 3.03519916534424
11 15 -0.105242028832436 -0.994800925254822 2.98022794723511
11 16 -0.126650467514992 -1.05298614501953 2.91665315628052
11 17 0.0457115657627583 -0.186696112155914 3.03300070762634
11 18 0.0553409978747368 -0.648115277290344 2.99808883666992
11 19 0.0528928190469742 -0.975969076156616 2.96386909484863
11 20 0.0750270336866379 -1.03577566146851 2.88348889350891
12 1 -0.0412777923047543 -0.0981125682592392 3.06420087814331
12 2 -0.0343315117061138 -0.0435274243354797 3.12562084197998
12 3 -0.0322677381336689 0.305498093366623 3.15370202064514
12 4 -0.0434299185872078 0.495330333709717 3.17067551612854
12 5 -0.234812945127487 0.257548391819 3.19816493988037
12 6 -0.395240366458893 0.403950989246368 3.1864378452301
12 7 -0.323741793632507 0.688497364521027 3.19903326034546
12 8 -0.30889293551445 0.74445366859436 3.19189596176147
12 9 0.168029442429543 0.217800870537758 3.14338254928589
12 10 0.452436149120331 0.281682431697845 3.0737841129303
12 11 0.664698481559753 0.343552619218826 3.03579306602478
12 12 0.740505695343018 0.365288615226746 3.03879117965698
12 13 -0.13318632543087 -0.186441242694855 3.04943513870239
12 14 -0.10759561508894 -0.650764226913452 3.03516793251038
12 15 -0.103906899690628 -0.99303412437439 2.98075270652771
12 16 -0.124224200844765 -1.05407238006592 2.92558550834656
12 17 0.0469633042812347 -0.186834037303925 3.03336381912231
12 18 0.0558975860476494 -0.646443545818329 2.99767160415649
12 19 0.0528438687324524 -0.979387879371643 2.96296405792236
12 20 0.0730960518121719 -1.03721654415131 2.88735127449036
13 1 -0.0417000651359558 -0.0981414914131165 3.06404542922974
13 2 -0.034585002809763 -0.0436741821467876 3.12535166740417
13 3 -0.0333372689783573 0.30423641204834 3.15278196334839
13 4 -0.0447209849953651 0.495803833007813 3.17028570175171
13 5 -0.236454054713249 0.257834434509277 3.19967913627625
13 6 -0.396345764398575 0.404931664466858 3.18758249282837
13 7 -0.350374937057495 0.617649376392365 3.18187737464905
13 8 -0.331577301025391 0.693454086780548 3.20344734191895
13 9 0.166944488883018 0.217819288372993 3.14302349090576
13 10 0.45150762796402 0.280624151229858 3.072425365448
13 11 0.664682507514954 0.343488067388535 3.03525257110596
13 12 0.74241840839386 0.36602047085762 3.03904604911804
13 13 -0.133755147457123 -0.186740785837173 3.04934644699097
13 14 -0.108027577400208 -0.64854371547699 3.03533601760864
13 15 -0.102945245802402 -0.992914617061615 2.98184108734131
13 16 -0.125418484210968 -1.05346834659576 2.92510890960693
13 17 0.046609029173851 -0.186916351318359 3.03330588340759
13 18 0.0576766543090343 -0.641633331775665 2.996337890625
13 19 0.0535665936768055 -0.970615684986115 2.96579122543335
13 20 0.0697646290063858 -1.02868163585663 2.89807462692261
14 1 -0.0420557633042336 -0.0985653176903725 3.06450915336609
14 2 -0.0351584181189537 -0.0440020076930523 3.12575721740723
14 3 -0.0351182743906975 0.30481281876564 3.15393090248108
14 4 -0.0458030477166176 0.497238993644714 3.17300605773926
14 5 -0.236874967813492 0.257195264101028 3.19894623756409
14 6 -0.396909534931183 0.40400367975235 3.1878924369812
14 7 -0.351994454860687 0.61696594953537 3.18119740486145
14 8 -0.328764617443085 0.694614946842194 3.19971060752869
14 9 0.165951102972031 0.218079060316086 3.14274215698242
14 10 0.450252950191498 0.282473385334015 3.07291388511658
14 11 0.660191118717194 0.341465950012207 3.03557872772217
14 12 0.739894509315491 0.364711791276932 3.03990626335144
14 13 -0.133639276027679 -0.187520310282707 3.05018329620361
14 14 -0.107600882649422 -0.651633977890015 3.03544545173645
14 15 -0.102449484169483 -0.993474304676056 2.98334455490112
14 16 -0.12489952892065 -1.05396461486816 2.93233942985535
14 17 0.0464011691510677 -0.187180727720261 3.03356838226318
14 18 0.0565731041133404 -0.647579729557037 2.99802803993225
14 19 0.0587476380169392 -0.982891201972961 2.96026873588562
14 20 0.0782997533679008 -1.03661370277405 2.88085865974426
15 1 -0.0421194285154343 -0.0982047766447067 3.06486248970032
15 2 -0.0356233604252338 -0.0438722372055054 3.12610244750977
15 3 -0.0389195866882801 0.30532968044281 3.15562415122986
15 4 -0.0463727191090584 0.497395724058151 3.17185425758362
15 5 -0.237543910741806 0.257760167121887 3.19903683662415
15 6 -0.397781491279602 0.404498845338821 3.18701577186584
15 7 -0.353147238492966 0.617585778236389 3.17928767204285
15 8 -0.327763676643372 0.696556329727173 3.19736695289612
15 9 0.165495365858078 0.21833173930645 3.1426682472229
15 10 0.450263559818268 0.282096177339554 3.07473945617676
15 11 0.662004470825195 0.34450501203537 3.03483057022095
15 12 0.741094410419464 0.367628246545792 3.0408148765564
15 13 -0.133273556828499 -0.187317550182343 3.05062818527222
15 14 -0.107941769063473 -0.647812485694885 3.03584957122803
15 15 -0.102743476629257 -0.991518020629883 2.98615312576294
15 16 -0.122594073414803 -1.05036318302155 2.92961668968201
15 17 0.0470116920769215 -0.186735406517982 3.03368878364563
15 18 0.0562796331942081 -0.646385908126831 2.9991192817688
15 19 0.0567503422498703 -0.977909743785858 2.96222114562988
15 20 0.0691189244389534 -1.03640687465668 2.89008831977844
16 1 -0.0424872674047947 -0.0985807999968529 3.06496334075928
16 2 -0.036302849650383 -0.0441805645823479 3.12631011009216
16 3 -0.0404713302850723 0.305282711982727 3.15597367286682
16 4 -0.0476507321000099 0.497470080852509 3.17098999023438
16 5 -0.237564906477928 0.256917029619217 3.19826316833496
16 6 -0.397992134094238 0.403405576944351 3.18751382827759
16 7 -0.354766339063644 0.6169273853302 3.17528653144836
16 8 -0.327668070793152 0.697408258914948 3.19155931472778
16 9 0.164005413651466 0.218919724225998 3.14218831062317
16 10 0.448542833328247 0.282645255327225 3.07203578948975
16 11 0.655676066875458 0.345193296670914 3.03081750869751
16 12 0.739063680171967 0.368664681911469 3.03516674041748
16 13 -0.132679551839828 -0.187195554375648 3.050288438797
16 14 -0.108968257904053 -0.647713422775269 3.03613495826721
16 15 -0.100710704922676 -0.990404427051544 2.98491454124451
16 16 -0.123665906488895 -1.05177438259125 2.92601633071899
16 17 0.047640148550272 -0.186654552817345 3.03371834754944
16 18 0.0572147592902184 -0.647839963436127 2.99958372116089
16 19 0.0551577247679234 -0.982533991336823 2.96107792854309
16 20 0.0709399059414864 -1.03908658027649 2.88608765602112
17 1 -0.0421283394098282 -0.098423033952713 3.06481170654297
17 2 -0.0362143106758595 -0.0440724678337574 3.12626338005066
17 3 -0.0414172038435936 0.305426359176636 3.15658402442932
17 4 -0.0477484874427319 0.495496869087219 3.16699028015137
17 5 -0.237874686717987 0.257467687129974 3.19837260246277
17 6 -0.398498952388763 0.404241621494293 3.18497061729431
17 7 -0.354974329471588 0.617849946022034 3.17381572723389
17 8 -0.32631927728653 0.699739575386047 3.19003796577454
17 9 0.163755774497986 0.219545096158981 3.14184880256653
17 10 0.447420209646225 0.284979522228241 3.06729245185852
17 11 0.655289232730865 0.346244782209396 3.02968621253967
17 12 0.739601790904999 0.372160106897354 3.03284454345703
17 13 -0.132285237312317 -0.18720680475235 3.0499062538147
17 14 -0.109013743698597 -0.650558412075043 3.03488922119141
17 15 -0.104335837066174 -0.992386758327484 2.98221135139465
17 16 -0.124290525913239 -1.05253314971924 2.92147064208984
17 17 0.0477854870259762 -0.186501696705818 3.03366780281067
17 18 0.0561705231666565 -0.646314322948456 2.99919939041138
17 19 0.0574495233595371 -0.983872413635254 2.9590847492218
17 20 0.0733658373355865 -1.04012942314148 2.88081169128418
18 1 -0.0425141043961048 -0.0983548536896706 3.06432199478149
18 2 -0.0367125645279884 -0.0437989458441734 3.12576580047607
18 3 -0.0420029908418655 0.305895447731018 3.15510368347168
18 4 -0.0491817817091942 0.495409697294235 3.16925430297852
18 5 -0.238232895731926 0.257728815078735 3.19720029830933
18 6 -0.398791313171387 0.404772222042084 3.18483138084412
18 7 -0.356489211320877 0.618829131126404 3.17376255989075
18 8 -0.328393459320068 0.701815843582153 3.19271183013916
18 9 0.162851229310036 0.219835788011551 3.14116239547729
18 10 0.446620941162109 0.286772668361664 3.06765651702881
18 11 0.654326677322388 0.34848153591156 3.02802228927612
18 12 0.739938914775848 0.374879598617554 3.03100895881653
18 13 -0.132657915353775 -0.187128484249115 3.04954481124878
18 14 -0.109839551150799 -0.650883793830872 3.0349063873291
18 15 -0.103041455149651 -0.994334638118744 2.98185610771179
18 16 -0.122896403074265 -1.05119943618774 2.92072415351868
18 17 0.0473809167742729 -0.186324298381805 3.03321599960327
18 18 0.0571307092905045 -0.644075393676758 2.99837422370911
18 19 0.0535985678434372 -0.984617650508881 2.96156644821167
18 20 0.0702297240495682 -1.04170083999634 2.88428115844727
19 1 -0.0430737659335136 -0.0984626635909081 3.06389832496643
19 2 -0.0372394360601902 -0.043763305991888 3.12531352043152
19 3 -0.0431312173604965 0.305317252874374 3.1534686088562
19 4 -0.0491102188825607 0.493777811527252 3.16632914543152
19 5 -0.238470882177353 0.258186817169189 3.19676566123962
19 6 -0.397369056940079 0.407166361808777 3.18640971183777
19 7 -0.358035743236542 0.622052669525146 3.17301678657532
19 8 -0.342397630214691 0.7099529504776 3.18850135803223
19 9 0.162596613168716 0.21997132897377 3.14049816131592
19 10 0.44675225019455 0.286845117807388 3.06716799736023
19 11 0.654530644416809 0.34943100810051 3.02818059921265
19 12 0.741110920906067 0.375957310199738 3.03149485588074
19 13 -0.1331787109375 -0.18740439414978 3.04935789108276
19 14 -0.109735898673534 -0.648986995220184 3.03487873077393
19 15 -0.10188851505518 -0.992531418800354 2.98311901092529
19 16 -0.121150434017181 -1.04977703094482 2.92822527885437
19 17 0.0467730350792408 -0.186208173632622 3.03261303901672
19 18 0.0577641986310482 -0.646200478076935 2.99880933761597
19 19 0.0529051795601845 -0.983873248100281 2.95976138114929
19 20 0.0731300786137581 -1.04148638248444 2.88216209411621
20 1 -0.0432964526116848 -0.0980179384350777 3.06347489356995
20 2 -0.0374030508100986 -0.0433241203427315 3.12487721443176
20 3 -0.0431675165891647 0.305927693843842 3.15263986587524
20 4 -0.0511912927031517 0.494995206594467 3.16667246818542
20 5 -0.238853111863136 0.258594393730164 3.19735670089722
20 6 -0.397315740585327 0.408332467079163 3.18780899047852
20 7 -0.360174924135208 0.623877763748169 3.17450022697449
20 8 -0.344808518886566 0.713029980659485 3.18513751029968
20 9 0.162293881177902 0.220239624381065 3.14009094238281
20 10 0.446686893701553 0.287422716617584 3.0663731098175
20 11 0.656867682933807 0.352780610322952 3.02996420860291
20 12 0.740755915641785 0.378945082426071 3.03452754020691
20 13 -0.13328592479229 -0.187126651406288 3.049241065979
20 14 -0.109186351299286 -0.649366021156311 3.03508257865906
20 15 -0.100302338600159 -0.991111218929291 2.98412823677063
20 16 -0.124969020485878 -1.05266189575195 2.92814159393311
20 17 0.0464713498950005 -0.185516193509102 3.03190112113953
20 18 0.0582392141222954 -0.647993147373199 2.99841523170471
20 19 0.0574895516037941 -0.982538223266602 2.96048927307129
20 20 0.0736054480075836 -1.03978431224823 2.88166356086731
