1 1 -0.0312236715108156 -0.0732797160744667 3.0553834438324
1 2 -0.0260566342622042 -0.0225073471665382 3.11291003227234
1 3 -0.0209328271448612 0.301981180906296 3.14032435417175
1 4 -0.0248845107853413 0.487541854381561 3.12478709220886
1 5 -0.209885314106941 0.276436686515808 3.19320774078369
1 6 -0.362611651420593 0.445574045181274 3.20212364196777
1 7 -0.335334897041321 0.697780847549438 3.20651936531067
1 8 -0.317196547985077 0.77153742313385 3.23266696929932
1 9 0.176742792129517 0.226975977420807 3.15041494369507
1 10 0.451232880353928 0.270307421684265 3.11681914329529
1 11 0.66211348772049 0.333464622497559 3.08038282394409
1 12 0.762598752975464 0.374087035655975 3.08837795257568
1 13 -0.120620869100094 -0.155218869447708 3.03503036499023
1 14 -0.107630625367165 -0.664039194583893 3.02428603172302
1 15 -0.102082446217537 -1.00259375572205 2.98248744010925
1 16 -0.123582229018211 -1.05536198616028 2.92338633537292
1 17 0.054184153676033 -0.161419719457626 3.02984380722046
1 18 0.0577958337962627 -0.655525207519531 2.99009537696838
1 19 0.061317041516304 -0.988733768463135 2.96935510635376
1 20 0.0762016922235489 -1.04369533061981 2.88906836509705
2 1 -0.031451877206564 -0.0724893882870674 3.05392670631409
2 2 -0.0266484208405018 -0.0216017626225948 3.11136913299561
2 3 -0.0227246675640345 0.3037189245224 3.13790678977966
2 4 -0.0271389428526163 0.489523470401764 3.12234568595886
2 5 -0.211903616786003 0.275923371315002 3.1911449432373
2 6 -0.364085167646408 0.440820753574371 3.19821286201477
2 7 -0.342434078454971 0.694922924041748 3.1994571685791
2 8 -0.319707572460175 0.767058074474335 3.22266244888306
2 9 0.176706612110138 0.227790638804436 3.15029883384705
2 10 0.451905012130737 0.270776838064194 3.11911487579346
2 11 0.661627173423767 0.333398371934891 3.07895827293396
2 12 0.759867787361145 0.374160915613174 3.09091639518738
2 13 -0.121167108416557 -0.154839694499969 3.03393268585205
2 14 -0.106539666652679 -0.664632022380829 3.02369594573975
2 15 -0.102618612349033 -1.00402176380157 2.98127770423889
2 16 -0.121667042374611 -1.05681121349335 2.91816759109497
2 17 0.0542923100292683 -0.160982027649879 3.02872848510742
2 18 0.0582736618816853 -0.659135758876801 2.99051809310913
2 19 0.0585628896951675 -1.00080668926239 2.96225023269653
2 20 0.0789806321263313 -1.04716777801514 2.88526058197021
3 1 -0.0324135422706604 -0.0704411342740059 3.0524435043335
3 2 -0.0276217348873615 -0.0196589082479477 3.10981702804565
3 3 -0.0243261512368917 0.305706292390823 3.13605403900146
3 4 -0.029387416318059 0.491090714931488 3.11992907524109
3 5 -0.217498779296875 0.276979088783264 3.19125366210938
3 6 -0.367699533700943 0.443289786577225 3.19168972969055
3 7 -0.347333580255508 0.692330718040466 3.19326210021973
3 8 -0.330666601657867 0.767423868179321 3.20935773849487
3 9 0.175971686840057 0.228450760245323 3.14907789230347
3 10 0.45146444439888 0.272705286741257 3.11797142028809
3 11 0.657724022865295 0.33793169260025 3.06612253189087
3 12 0.754779100418091 0.377993255853653 3.08285403251648
3 13 -0.122663699090481 -0.153819933533669 3.03299355506897
3 14 -0.106528349220753 -0.665500283241272 3.02392816543579
3 15 -0.102358728647232 -1.00613176822662 2.97997426986694
3 16 -0.131314799189568 -1.05851781368256 2.89489960670471
3 17 0.0541462115943432 -0.159582749009132 3.02691626548767
3 18 0.0585019923746586 -0.656389772891998 2.99075484275818
3 19 0.0598568692803383 -0.993984460830688 2.96557974815369
3 20 0.0763778686523438 -1.04564929008484 2.88966774940491
4 1 -0.0336107462644577 -0.0707875788211823 3.05096817016602
4 2 -0.0293027274310589 -0.0199891030788422 3.10819482803345
4 3 -0.0281305313110352 0.303830027580261 3.13314366340637
4 4 -0.0293970536440611 0.492181211709976 3.11998414993286
4 5 -0.218502134084702 0.275238573551178 3.18768215179443
4 6 -0.370103091001511 0.442386418581009 3.19207453727722
4 7 -0.351791709661484 0.693169474601746 3.18839502334595
4 8 -0.321410030126572 0.754816770553589 3.22529268264771
4 9 0.173421859741211 0.228988587856293 3.14808058738709
4 10 0.450785338878632 0.27443191409111 3.11891031265259
4 11 0.655194759368896 0.342015564441681 3.06457948684692
4 12 0.750999212265015 0.381125509738922 3.0853157043457
4 13 -0.12396140396595 -0.154018580913544 3.03124332427979
4 14 -0.107280924916267 -0.663076877593994 3.02246165275574
4 15 -0.101716101169586 -1.00264716148376 2.98185062408447
4 16 -0.127195224165916 -1.05816066265106 2.92103719711304
4 17 0.0530860424041748 -0.159517496824265 3.02555274963379
4 18 0.0567682906985283 -0.657906234264374 2.98953819274902
4 19 0.0628705248236656 -0.992642462253571 2.9611291885376
4 20 0.0793819427490234 -1.04757106304169 2.88118386268616
5 1 -0.0352293998003006 -0.0708441585302353 3.04993152618408
5 2 -0.0310420747846365 -0.0201133582741022 3.10710263252258
5 3 -0.0308521594852209 0.303893148899078 3.132728099823
5 4 -0.0300716552883387 0.494622945785522 3.12372398376465
5 5 -0.220143377780914 0.274927943944931 3.18712115287781
5 6 -0.37315571308136 0.441774249076843 3.1905791759491
5 7 -0.353349477052689 0.69210559129715 3.18817281723022
5 8 -0.317391574382782 0.756494104862213 3.21464896202087
5 9 0.172132134437561 0.229400664567947 3.14795207977295
5 10 0.44491320848465 0.273703455924988 3.11771607398987
5 11 0.650536954402924 0.33981192111969 3.06946325302124
5 12 0.747994482517242 0.379049956798553 3.08364391326904
5 13 -0.125125348567963 -0.154176890850067 3.03037595748901
5 14 -0.107458122074604 -0.663423776626587 3.02258920669556
5 15 -0.103932455182076 -1.0035982131958 2.98011326789856
5 16 -0.127676948904991 -1.05665862560272 2.91554188728333
5 17 0.0515987053513527 -0.159719437360764 3.02471351623535
5 18 0.0574051514267921 -0.661592841148376 2.98913192749023
5 19 0.0663291662931442 -0.996830701828003 2.95523500442505
5 20 0.0777683407068253 -1.04904794692993 2.88017654418945
6 1 -0.0361833162605762 -0.0709192156791687 3.04971170425415
6 2 -0.0320470258593559 -0.0202757306396961 3.10705542564392
6 3 -0.033074427396059 0.304506331682205 3.13437271118164
6 4 -0.0349871180951595 0.493217319250107 3.12366771697998
6 5 -0.222684442996979 0.274387866258621 3.18709087371826
6 6 -0.376403659582138 0.443355441093445 3.18793845176697
6 7 -0.355417102575302 0.689573764801025 3.18275809288025
6 8 -0.313414573669434 0.750947237014771 3.21129274368286
6 9 0.169343680143356 0.229535102844238 3.14734411239624
6 10 0.445085763931274 0.274411827325821 3.11998796463013
6 11 0.649869620800018 0.338738948106766 3.0664541721344
6 12 0.748857736587524 0.378296077251434 3.08229899406433
6 13 -0.12602810561657 -0.154729589819908 3.03015065193176
6 14 -0.108141370117664 -0.6649569272995 3.02165126800537
6 15 -0.103216834366322 -1.00575411319733 2.98128271102905
6 16 -0.123687900602818 -1.05755913257599 2.91662907600403
6 17 0.0510112009942532 -0.159331068396568 3.02431583404541
6 18 0.0566468387842178 -0.658208131790161 2.98995399475098
6 19 0.0599129945039749 -0.997870564460754 2.96334266662598
6 20 0.0752493962645531 -1.04809355735779 2.88788723945618
7 1 -0.0373786576092243 -0.071324348449707 3.04996967315674
7 2 -0.0331421941518784 -0.0207381770014763 3.10730791091919
7 3 -0.033805999904871 0.303854137659073 3.13447022438049
7 4 -0.0384672731161118 0.492672353982925 3.1209728717804
7 5 -0.224227502942085 0.273324191570282 3.18720483779907
7 6 -0.377419292926788 0.444402009248734 3.18645429611206
7 7 -0.355742931365967 0.687736511230469 3.18158626556396
7 8 -0.305159121751785 0.747002005577087 3.20074462890625
7 9 0.168738916516304 0.229900568723679 3.1476263999939
7 10 0.44919815659523 0.276860475540161 3.12099528312683
7 11 0.656489849090576 0.337469309568405 3.07569599151611
7 12 0.756383001804352 0.378009885549545 3.08844518661499
7 13 -0.127544462680817 -0.155349686741829 3.03065133094788
7 14 -0.109157875180244 -0.666867613792419 3.02249813079834
7 15 -0.103850804269314 -1.00435638427734 2.97938585281372
7 16 -0.115420162677765 -1.05628645420074 2.92407631874084
7 17 0.0499752499163151 -0.159714713692665 3.02460217475891
7 18 0.056794460862875 -0.660135984420776 2.99081802368164
7 19 0.059605959802866 -1.00103044509888 2.95901894569397
7 20 0.0782521739602089 -1.04938340187073 2.88086342811584
8 1 -0.0379594601690769 -0.070930652320385 3.05052709579468
8 2 -0.0337271429598331 -0.0203585214912891 3.10791492462158
8 3 -0.034185878932476 0.304271519184113 3.13510203361511
8 4 -0.0395925752818584 0.492628931999207 3.12338209152222
8 5 -0.226401150226593 0.274336040019989 3.18853211402893
8 6 -0.378564268350601 0.444537281990051 3.18541121482849
8 7 -0.355550676584244 0.687804996967316 3.17917227745056
8 8 -0.306967794895172 0.748995244503021 3.19855904579163
8 9 0.168143630027771 0.229791164398193 3.14810395240784
8 10 0.450333774089813 0.276446968317032 3.12293314933777
8 11 0.656786441802979 0.341290205717087 3.08094692230225
8 12 0.756778836250305 0.382639080286026 3.09334945678711
8 13 -0.128157824277878 -0.155200287699699 3.03109335899353
8 14 -0.108677312731743 -0.668012022972107 3.02249145507813
8 15 -0.103819668292999 -1.00611400604248 2.98025345802307
8 16 -0.117207676172256 -1.05632531642914 2.91713881492615
8 17 0.0495967790484428 -0.159599497914314 3.02497506141663
8 18 0.0546719282865524 -0.659154951572418 2.99209046363831
8 19 0.0588600784540176 -0.996757984161377 2.9650993347168
8 20 0.076287180185318 -1.04442024230957 2.88627338409424
9 1 -0.0383274853229523 -0.0710872635245323 3.05124640464783
9 2 -0.034408301115036 -0.0207253284752369 3.10869169235229
9 3 -0.0354474596679211 0.303331881761551 3.13663101196289
9 4 -0.0418428145349026 0.492060869932175 3.12594866752625
9 5 -0.226164221763611 0.273568838834763 3.1885883808136
9 6 -0.378347307443619 0.443168818950653 3.18399357795715
9 7 -0.356078892946243 0.688716351985931 3.18187689781189
9 8 -0.384695529937744 0.758692562580109 3.15220975875854
9 9 0.167643994092941 0.230210527777672 3.14945149421692
9 10 0.445552974939346 0.274021655321121 3.12379360198975
9 11 0.652009129524231 0.336653113365173 3.07762861251831
9 12 0.752541065216064 0.37881675362587 3.09136486053467
9 13 -0.128113657236099 -0.155136346817017 3.03153872489929
9 14 -0.108563303947449 -0.666621267795563 3.02301621437073
9 15 -0.102383822202682 -1.00267362594604 2.98229002952576
9 16 -0.1245057284832 -1.05721044540405 2.91478109359741
9 17 0.0496208630502224 -0.159558087587357 3.02632141113281
9 18 0.055415190756321 -0.65959233045578 2.99263763427734
9 19 0.0668167173862457 -0.998232007026672 2.96138525009155
9 20 0.0767177492380142 -1.04574918746948 2.88375020027161
10 1 -0.0379469208419323 -0.0711146369576454 3.0525267124176
10 2 -0.0341465324163437 -0.0209955349564552 3.11004734039307
10 3 -0.03529092669487 0.303049385547638 3.1391453742981
10 4 -0.0419494584202766 0.490555763244629 3.12554287910461
10 5 -0.227457165718079 0.273730933666229 3.1899561882019
10 6 -0.378627151250839 0.442359626293182 3.18566823005676
10 7 -0.356531590223312 0.69123375415802 3.18433594703674
10 8 -0.321786969900131 0.744422733783722 3.23524737358093
10 9 0.167264550924301 0.230344831943512 3.15068435668945
10 10 0.445857465267181 0.274288862943649 3.12431144714355
10 11 0.652826547622681 0.336795479059219 3.08236980438232
10 12 0.753648996353149 0.379304766654968 3.09503674507141
10 13 -0.127741158008575 -0.155603989958763 3.03228640556335
10 14 -0.10887898504734 -0.665539145469666 3.02356672286987
10 15 -0.103583909571171 -1.00172543525696 2.98171544075012
10 16 -0.123191833496094 -1.0550262928009 2.91677570343018
10 17 0.0500780008733273 -0.159511640667915 3.02747631072998
10 18 0.0567191205918789 -0.658902764320374 2.99238610267639
10 19 0.0608958005905151 -0.992771565914154 2.96686363220215
10 20 0.0731766074895859 -1.04536354541779 2.89215683937073
11 1 -0.0369905307888985 -0.0715905874967575 3.05304384231567
11 2 -0.0335813462734222 -0.0213069617748261 3.11067247390747
11 3 -0.033807560801506 0.303684920072556 3.14016175270081
11 4 -0.041186798363924 0.490038126707077 3.12760663032532
11 5 -0.226027488708496 0.271209686994553 3.18795132637024
11 6 -0.37788787484169 0.443585336208344 3.18514370918274
11 7 -0.354826122522354 0.689960241317749 3.18451404571533
11 8 -0.311718434095383 0.758647918701172 3.1934814453125
11 9 0.168126344680786 0.230086520314217 3.15218567848206
11 10 0.450181603431702 0.275409311056137 3.12604141235352
11 11 0.656048953533173 0.339153707027435 3.07944297790527
11 12 0.756869256496429 0.380800157785416 3.09634137153625
11 13 -0.126595333218575 -0.156267210841179 3.03210210800171
11 14 -0.108219310641289 -0.667299091815948 3.02396845817566
11 15 -0.104139767587185 -1.00660479068756 2.98064208030701
11 16 -0.123167835175991 -1.05606985092163 2.91764402389526
11 17 0.05124232172966 -0.159876674413681 3.02853608131409
11 18 0.0549926459789276 -0.662701964378357 2.99394106864929
11 19 0.060207225382328 -1.00121521949768 2.95717859268188
11 20 0.0771744474768639 -1.04891443252563 2.88498902320862
12 1 -0.036183837801218 -0.072447806596756 3.05439972877502
12 2 -0.0328390263020992 -0.0222027041018009 3.11224508285522
12 3 -0.0327501073479652 0.303763687610626 3.14363646507263
12 4 -0.0405852198600769 0.489032864570618 3.12922120094299
12 5 -0.223843142390251 0.270329058170319 3.18822622299194
12 6 -0.376594185829163 0.440089464187622 3.1858012676239
12 7 -0.354499638080597 0.689616322517395 3.18443179130554
12 8 -0.317887842655182 0.756633937358856 3.21433234214783
12 9 0.167696267366409 0.229745104908943 3.15284729003906
12 10 0.449243307113647 0.275904625654221 3.12634658813477
12 11 0.654689908027649 0.341908752918243 3.08111810684204
12 12 0.756316661834717 0.383606284856796 3.09675788879395
12 13 -0.125390082597733 -0.1565021276474 3.03306031227112
12 14 -0.108031556010246 -0.667522251605988 3.02459955215454
12 15 -0.101163648068905 -1.00488460063934 2.98177289962769
12 16 -0.127744480967522 -1.05756485462189 2.9132239818573
12 17 0.0519129857420921 -0.16018208861351 3.03012728691101
12 18 0.0557730048894882 -0.659437298774719 2.99278211593628
12 19 0.0591755509376526 -0.99748969078064 2.96406364440918
12 20 0.0762075856328011 -1.04725551605225 2.88733792304993
13 1 -0.0345075838267803 -0.0709782987833023 3.05659151077271
13 2 -0.0312697179615498 -0.0207132734358311 3.1143901348114
13 3 -0.0308316852897406 0.304882615804672 3.14489579200745
13 4 -0.0327514931559563 0.493137866258621 3.13090515136719
13 5 -0.222558885812759 0.27396896481514 3.19234538078308
13 6 -0.373614549636841 0.437666833400726 3.18619322776794
13 7 -0.352681040763855 0.688228070735931 3.1827175617218
13 8 -0.317607551813126 0.752840936183929 3.22000241279602
13 9 0.169704988598824 0.230104044079781 3.15686774253845
13 10 0.450783133506775 0.27633598446846 3.12643575668335
13 11 0.656570971012115 0.341190695762634 3.08138823509216
13 12 0.758828938007355 0.382898062467575 3.09694218635559
13 13 -0.123799234628677 -0.15475369989872 3.0346953868866
13 14 -0.108535803854465 -0.663299679756165 3.02593398094177
13 15 -0.100439801812172 -1.00295650959015 2.98256802558899
13 16 -0.124339155852795 -1.05534636974335 2.92227530479431
13 17 0.0539223589003086 -0.15899658203125 3.0333240032196
13 18 0.056107833981514 -0.656526505947113 2.99349594116211
13 19 0.0585835911333561 -0.994786262512207 2.96584248542786
13 20 0.0748368129134178 -1.0449470281601 2.89326167106628
14 1 -0.0338143929839134 -0.0708535239100456 3.05880451202393
14 2 -0.0300671719014645 -0.0209189504384995 3.11669659614563
14 3 -0.0280172694474459 0.303217530250549 3.14792156219482
14 4 -0.0317499786615372 0.491301149129868 3.13241720199585
14 5 -0.222465097904205 0.275804668664932 3.19488096237183
14 6 -0.371519684791565 0.438271641731262 3.18526887893677
14 7 -0.347405880689621 0.690602421760559 3.18489789962769
14 8 -0.320373833179474 0.764018654823303 3.21133613586426
14 9 0.170259565114975 0.229784220457077 3.15741205215454
14 10 0.453880906105042 0.275269001722336 3.12504577636719
14 11 0.660907506942749 0.340602099895477 3.09193181991577
14 12 0.763826668262482 0.383347779512405 3.09990048408508
14 13 -0.123897396028042 -0.154320359230042 3.03629565238953
14 14 -0.108905613422394 -0.665772020816803 3.02697777748108
14 15 -0.102648749947548 -1.00767815113068 2.97879147529602
14 16 -0.12594473361969 -1.05623364448547 2.91541385650635
14 17 0.0542532503604889 -0.159517928957939 3.0354015827179
14 18 0.0555410720407963 -0.660201787948608 2.995201587677
14 19 0.0568033792078495 -0.997210502624512 2.96266412734985
14 20 0.0770227462053299 -1.04976212978363 2.88309335708618
15 1 -0.033697135746479 -0.070214070379734 3.06144595146179
15 2 -0.0300828963518143 -0.0202526841312647 3.11927652359009
15 3 -0.0277788229286671 0.304201632738113 3.15033459663391
15 4 -0.0312980487942696 0.490050256252289 3.13182163238525
15 5 -0.223039984703064 0.277039080858231 3.19648432731628
15 6 -0.371152281761169 0.439795434474945 3.18605089187622
15 7 -0.344181507825851 0.695192456245422 3.18754839897156
15 8 -0.319372087717056 0.770359754562378 3.21099972724915
15 9 0.170575797557831 0.229314789175987 3.1595458984375
15 10 0.45467546582222 0.275003671646118 3.12540197372437
15 11 0.662728786468506 0.336059480905533 3.0905749797821
15 12 0.764054775238037 0.382036596536636 3.10030937194824
15 13 -0.123433008790016 -0.153955608606339 3.03950643539429
15 14 -0.107573077082634 -0.666869163513184 3.02852439880371
15 15 -0.102361850440502 -1.00526988506317 2.98058819770813
15 16 -0.133140206336975 -1.0561488866806 2.89582347869873
15 17 0.0539736412465572 -0.159190163016319 3.03759455680847
15 18 0.0551500134170055 -0.656358957290649 2.99599647521973
15 19 0.056427925825119 -0.994741320610046 2.96832346916199
15 20 0.0762470215559006 -1.04454350471497 2.88632488250732
16 1 -0.0330367870628834 -0.07122652977705 3.06290817260742
16 2 -0.0296789016574621 -0.0210531707853079 3.12129044532776
16 3 -0.0287005044519901 0.303314685821533 3.1531457901001
16 4 -0.0329114943742752 0.488631546497345 3.13460612297058
16 5 -0.222841620445251 0.275478690862656 3.19711089134216
16 6 -0.371571630239487 0.439615964889526 3.18690419197083
16 7 -0.346597224473953 0.690406918525696 3.18317317962646
16 8 -0.314047783613205 0.762686371803284 3.20737075805664
16 9 0.170425057411194 0.228641286492348 3.16263031959534
16 10 0.457745045423508 0.273803204298019 3.1268937587738
16 11 0.664583086967468 0.339241325855255 3.09372711181641
16 12 0.766960084438324 0.384125590324402 3.10257482528687
16 13 -0.122362785041332 -0.154636606574059 3.04112648963928
16 14 -0.107446029782295 -0.666081786155701 3.03023648262024
16 15 -0.101122781634331 -1.00550663471222 2.9830150604248
16 16 -0.117559835314751 -1.05522394180298 2.92592644691467
16 17 0.0547380894422531 -0.159915372729301 3.03932189941406
16 18 0.0548523031175137 -0.660524010658264 2.99687623977661
16 19 0.0611710622906685 -0.989911019802094 2.97047019004822
16 20 0.0762555152177811 -1.04409277439117 2.8847599029541
17 1 -0.0327905714511871 -0.0725704506039619 3.06386113166809
17 2 -0.0296286847442389 -0.0222540628165007 3.12189555168152
17 3 -0.028540350496769 0.303340464830399 3.15270805358887
17 4 -0.0326294004917145 0.487064629793167 3.13475823402405
17 5 -0.221463263034821 0.272623330354691 3.19641089439392
17 6 -0.371903389692307 0.430424690246582 3.18849587440491
17 7 -0.353017061948776 0.68658322095871 3.18172860145569
17 8 -0.315777003765106 0.754352331161499 3.2119505405426
17 9 0.170869618654251 0.22768746316433 3.16326093673706
17 10 0.461472541093826 0.272899299860001 3.12763905525208
17 11 0.668862581253052 0.33655834197998 3.0949821472168
17 12 0.772997498512268 0.378031611442566 3.10225367546082
17 13 -0.122063346207142 -0.156362965703011 3.04149532318115
17 14 -0.106985546648502 -0.667568504810333 3.03069424629211
17 15 -0.100498773157597 -1.00442266464233 2.98168992996216
17 16 -0.125884413719177 -1.0595954656601 2.90052628517151
17 17 0.0549586750566959 -0.161198630928993 3.04018926620483
17 18 0.0550340190529823 -0.66374260187149 2.99744391441345
17 19 0.0622622482478619 -0.996199190616608 2.9607150554657
17 20 0.0779851824045181 -1.04620599746704 2.87895464897156
18 1 -0.0332981608808041 -0.0728880390524864 3.06386160850525
18 2 -0.0303587336093187 -0.0223273951560259 3.12188649177551
18 3 -0.0299781262874603 0.304498821496964 3.15189361572266
18 4 -0.0333960689604282 0.48935878276825 3.13525080680847
18 5 -0.222141951322556 0.27151694893837 3.19493889808655
18 6 -0.374630212783813 0.438372164964676 3.18856739997864
18 7 -0.354290962219238 0.686550915241241 3.18198823928833
18 8 -0.314895033836365 0.756338834762573 3.20417094230652
18 9 0.170492470264435 0.227148026227951 3.16322231292725
18 10 0.450735509395599 0.271076381206512 3.1257848739624
18 11 0.658326923847198 0.33351269364357 3.09194493293762
18 12 0.761836409568787 0.37704074382782 3.0988495349884
18 13 -0.122310988605022 -0.15672105550766 3.04149866104126
18 14 -0.107793256640434 -0.668766140937805 3.03108620643616
18 15 -0.100806273519993 -1.00421965122223 2.98451733589172
18 16 -0.1277035176754 -1.05868005752563 2.91456437110901
18 17 0.0544323176145554 -0.161408320069313 3.0404794216156
18 18 0.0544780045747757 -0.661427319049835 2.99762153625488
18 19 0.0595472529530525 -0.994344055652618 2.96521759033203
18 20 0.0754718109965324 -1.04572486877441 2.88527464866638
19 1 -0.0354927256703377 -0.0726751312613487 3.06396675109863
19 2 -0.0324424542486668 -0.0224814210087061 3.12211179733276
19 3 -0.0327620469033718 0.302993774414063 3.15307068824768
19 4 -0.0407777950167656 0.487757235765457 3.1328911781311
19 5 -0.225955188274384 0.270642220973969 3.19506907463074
19 6 -0.378482490777969 0.439475536346436 3.18645024299622
19 7 -0.355441302061081 0.691187500953674 3.18758511543274
19 8 -0.317054510116577 0.756871819496155 3.22139406204224
19 9 0.169594764709473 0.227195471525192 3.16244554519653
19 10 0.449024736881256 0.268731653690338 3.1229100227356
19 11 0.65512627363205 0.332862854003906 3.08155107498169
19 12 0.758164584636688 0.376689553260803 3.09376621246338
19 13 -0.125527769327164 -0.156838104128838 3.04181671142578
19 14 -0.107011638581753 -0.669550180435181 3.03136110305786
19 15 -0.102393455803394 -1.00363171100616 2.98174428939819
19 16 -0.124247267842293 -1.05615174770355 2.91608238220215
19 17 0.0524850860238075 -0.161368116736412 3.03961300849915
19 18 0.0557160153985024 -0.661392331123352 2.99803018569946
19 19 0.0603754967451096 -0.992808699607849 2.96745204925537
19 20 0.0784489586949348 -1.04602217674255 2.8839807510376
20 1 -0.0363999716937542 -0.0719925165176392 3.06300354003906
20 2 -0.0329123884439468 -0.0219462253153324 3.12109780311584
20 3 -0.0327018462121487 0.303365141153336 3.1507465839386
20 4 -0.0447031632065773 0.486296653747559 3.13300609588623
20 5 -0.228814229369164 0.269751608371735 3.1948573589325
20 6 -0.379779785871506 0.438039481639862 3.18587255477905
20 7 -0.358237594366074 0.691869497299194 3.18729758262634
20 8 -0.393217146396637 0.754719734191895 3.14563822746277
20 9 0.166868105530739 0.226972013711929 3.15999436378479
20 10 0.449820518493652 0.269475609064102 3.12280440330505
20 11 0.657321512699127 0.329355269670486 3.0825982093811
20 12 0.76221764087677 0.367732375860214 3.09567427635193
20 13 -0.126803144812584 -0.156259655952454 3.04085397720337
20 14 -0.108171544969082 -0.666261732578278 3.03107714653015
20 15 -0.102332852780819 -1.00393128395081 2.9808132648468
20 16 -0.122178383171558 -1.05328869819641 2.92213010787964
20 17 0.0518030263483524 -0.16079868376255 3.03836965560913
20 18 0.0559777393937111 -0.660357356071472 2.99728465080261
20 19 0.0576247796416283 -0.992611467838287 2.96775317192078
20 20 0.07689218968153 -1.04502415657043 2.88840246200562
