1 1 -0.0419340543448925 -0.0514610894024372 3.10834527015686
1 2 -0.0388520583510399 0.00552835687994957 3.17123413085938
1 3 -0.0520642921328545 0.369236648082733 3.20360851287842
1 4 -0.0525386482477188 0.563158273696899 3.22601771354675
1 5 -0.238155141472816 0.266907840967178 3.20675706863403
1 6 -0.447065562009811 0.388121575117111 3.16446089744568
1 7 -0.483498811721802 0.606986522674561 3.14178538322449
1 8 -0.48487114906311 0.713944852352142 3.14739418029785
1 9 0.128007605671883 0.262166798114777 3.17179417610168
1 10 0.378990173339844 0.269675970077515 3.13086915016174
1 11 0.600262403488159 0.379804879426956 3.0744411945343
1 12 0.679869651794434 0.409328818321228 3.07994532585144
1 13 -0.122697040438652 -0.132341951131821 3.08884596824646
1 14 -0.147520780563354 -0.585671126842499 3.03239893913269
1 15 -0.141899362206459 -0.961376070976257 3.04631423950195
1 16 -0.145427778363228 -1.05305075645447 2.96457767486572
1 17 0.0423848815262318 -0.129957616329193 3.08562707901001
1 18 0.104086749255657 -0.568327069282532 2.9913547039032
1 19 0.0981445908546448 -0.948471188545227 3.00997519493103
1 20 0.108587302267551 -1.04536354541779 2.94166874885559
2 1 -0.0417924746870995 -0.0516441985964775 3.10864686965942
2 2 -0.0389713160693645 0.0054633030667901 3.17156600952148
2 3 -0.0526202693581581 0.369837820529938 3.20500540733337
2 4 -0.0516396127641201 0.563634812831879 3.22429132461548
2 5 -0.238077744841576 0.266178846359253 3.20625591278076
2 6 -0.448044300079346 0.382727563381195 3.16292953491211
2 7 -0.485316216945648 0.604860782623291 3.14165806770325
2 8 -0.48947137594223 0.713753759860992 3.14259028434753
2 9 0.128177866339684 0.262066453695297 3.17229390144348
2 10 0.382024586200714 0.266743183135986 3.12653255462646
2 11 0.599348902702332 0.369083613157272 3.0708863735199
2 12 0.664444506168365 0.396888643503189 3.06827044487
2 13 -0.122424997389317 -0.132571250200272 3.0891535282135
2 14 -0.147443056106567 -0.585505068302155 3.03201079368591
2 15 -0.143059432506561 -0.956541359424591 3.04722380638123
2 16 -0.144276663661003 -1.05072367191315 2.96462154388428
2 17 0.042669203132391 -0.130355596542358 3.08611798286438
2 18 0.104318059980869 -0.56777149438858 2.99136185646057
2 19 0.0982782542705536 -0.944851338863373 3.00909447669983
2 20 0.107721194624901 -1.04474794864655 2.93871402740479
3 1 -0.0416752696037292 -0.0521678179502487 3.10837697982788
3 2 -0.0389108471572399 0.00513391476124525 3.17130160331726
3 3 -0.0526059493422508 0.369411170482636 3.2041802406311
3 4 -0.0496833100914955 0.564610362052917 3.22717213630676
3 5 -0.237407028675079 0.265691071748734 3.20600271224976
3 6 -0.447808891534805 0.386232018470764 3.16244530677795
3 7 -0.485754549503326 0.605160117149353 3.14197635650635
3 8 -0.4898302257061 0.714422225952148 3.14583039283752
3 9 0.128882557153702 0.26094052195549 3.17171955108643
3 10 0.380593419075012 0.260611891746521 3.12431979179382
3 11 0.598761200904846 0.365464419126511 3.06923627853394
3 12 0.682992577552795 0.393628835678101 3.07269287109375
3 13 -0.122194267809391 -0.132968157529831 3.08871459960938
3 14 -0.14717897772789 -0.585659682750702 3.03208661079407
3 15 -0.142576560378075 -0.956876575946808 3.04389381408691
3 16 -0.145001143217087 -1.05068004131317 2.9657621383667
3 17 0.0428897477686405 -0.131012141704559 3.086186170578
3 18 0.104364536702633 -0.567735493183136 2.99201655387878
3 19 0.0990872085094452 -0.948284089565277 3.00538849830627
3 20 0.107392340898514 -1.04462873935699 2.93747520446777
4 1 -0.0414284393191338 -0.05238201841712 3.10817313194275
4 2 -0.038577601313591 0.00416400749236345 3.17122864723206
4 3 -0.0491259880363941 0.36608624458313 3.20697569847107
4 4 -0.0488136895000935 0.563507914543152 3.22604870796204
4 5 -0.236480087041855 0.26542854309082 3.20506525039673
4 6 -0.444154143333435 0.374714314937592 3.16025996208191
4 7 -0.483519583940506 0.603918671607971 3.13782954216003
4 8 -0.48268461227417 0.714504480361938 3.14390134811401
4 9 0.131039783358574 0.25922816991806 3.17186498641968
4 10 0.380963742733002 0.259979754686356 3.12408995628357
4 11 0.596763670444489 0.359069794416428 3.06233763694763
4 12 0.685691058635712 0.39275336265564 3.0716438293457
4 13 -0.121987544000149 -0.13309371471405 3.08831381797791
4 14 -0.147030860185623 -0.585917294025421 3.03152990341187
4 15 -0.14249986410141 -0.957398295402527 3.04697561264038
4 16 -0.144977033138275 -1.04998338222504 2.9642391204834
4 17 0.0433136634528637 -0.131628587841988 3.08589196205139
4 18 0.104166522622108 -0.567423045635223 2.99195599555969
4 19 0.098270408809185 -0.947043120861053 3.0067663192749
4 20 0.10569030046463 -1.04412508010864 2.93781805038452
5 1 -0.0406977981328964 -0.0527018420398235 3.10831093788147
5 2 -0.0382173843681812 0.00400856509804726 3.17134284973145
5 3 -0.0490611493587494 0.366052716970444 3.20620179176331
5 4 -0.0491097494959831 0.561310827732086 3.22517967224121
5 5 -0.235930517315865 0.265313595533371 3.20408272743225
5 6 -0.447391897439957 0.38094887137413 3.15943765640259
5 7 -0.483273684978485 0.60194730758667 3.1375036239624
5 8 -0.485193848609924 0.713708639144897 3.14248871803284
5 9 0.132018819451332 0.258160680532455 3.17215585708618
5 10 0.391705989837646 0.262925207614899 3.12104845046997
5 11 0.598365128040314 0.358409762382507 3.06070637702942
5 12 0.682580828666687 0.389353692531586 3.07434988021851
5 13 -0.121429517865181 -0.133364289999008 3.0881621837616
5 14 -0.146494999527931 -0.587172746658325 3.03130841255188
5 15 -0.142962232232094 -0.959315061569214 3.04884004592896
5 16 -0.143274322152138 -1.04790568351746 2.9633800983429
5 17 0.0442471317946911 -0.132089957594872 3.08646965026855
5 18 0.104120701551437 -0.567511379718781 2.99243140220642
5 19 0.0986941754817963 -0.947234213352203 3.00850939750671
5 20 0.10512812435627 -1.04350066184998 2.93772554397583
6 1 -0.0400222837924957 -0.052977692335844 3.1094913482666
6 2 -0.0376647301018238 0.00357633363455534 3.17259669303894
6 3 -0.0486089661717415 0.365304291248322 3.20796275138855
6 4 -0.0476940833032131 0.56240701675415 3.22845602035522
6 5 -0.235646426677704 0.265154927968979 3.20446825027466
6 6 -0.446624457836151 0.380880326032639 3.15850377082825
6 7 -0.482914239168167 0.601527214050293 3.13451838493347
6 8 -0.484040915966034 0.713632106781006 3.13625192642212
6 9 0.132698655128479 0.257932871580124 3.17340683937073
6 10 0.38758572936058 0.261182248592377 3.12567019462585
6 11 0.600730836391449 0.359665364027023 3.06447148323059
6 12 0.682427525520325 0.389195263385773 3.07338333129883
6 13 -0.120646506547928 -0.133579596877098 3.08971738815308
6 14 -0.145494922995567 -0.588191986083984 3.03195381164551
6 15 -0.142907217144966 -0.958154082298279 3.05006647109985
6 16 -0.142823979258537 -1.05064749717712 2.96242260932922
6 17 0.0446035638451576 -0.132458463311195 3.08741855621338
6 18 0.104799836874008 -0.574113667011261 2.99312710762024
6 19 0.0985753089189529 -0.949536740779877 3.01087188720703
6 20 0.103485383093357 -1.04458463191986 2.94449949264526
7 1 -0.039098933339119 -0.0532798431813717 3.11115574836731
7 2 -0.0367641262710094 0.00347661878913641 3.17402577400208
7 3 -0.0479879416525364 0.36539414525032 3.20797562599182
7 4 -0.0476096756756306 0.561878681182861 3.22868132591248
7 5 -0.235005080699921 0.264501214027405 3.20524978637695
7 6 -0.44679182767868 0.377630084753037 3.15806317329407
7 7 -0.483473420143127 0.604932606220245 3.13697481155396
7 8 -0.483876615762711 0.716537237167358 3.13858580589294
7 9 0.132634103298187 0.257818430662155 3.1739022731781
7 10 0.391405284404755 0.261348873376846 3.12230277061462
7 11 0.597413539886475 0.351686596870422 3.06019330024719
7 12 0.657584190368652 0.380717843770981 3.0553286075592
7 13 -0.119295254349709 -0.134261876344681 3.09291839599609
7 14 -0.144429117441177 -0.588122725486755 3.03184080123901
7 15 -0.14293210208416 -0.958180785179138 3.0471727848053
7 16 -0.144746765494347 -1.0520613193512 2.96392869949341
7 17 0.0456904321908951 -0.132629469037056 3.08958601951599
7 18 0.104890018701553 -0.571856200695038 2.99549007415771
7 19 0.0982207134366035 -0.944022119045258 3.00947093963623
7 20 0.105666495859623 -1.04331707954407 2.93878984451294
8 1 -0.0376951992511749 -0.0531021021306515 3.11364817619324
8 2 -0.0352392271161079 0.00419522449374199 3.17630791664124
8 3 -0.0458736233413219 0.368169188499451 3.20840287208557
8 4 -0.045560035854578 0.562348365783691 3.22996234893799
8 5 -0.2342279702425 0.264883071184158 3.20626378059387
8 6 -0.448168396949768 0.371535122394562 3.15911817550659
8 7 -0.483835071325302 0.607172906398773 3.13888597488403
8 8 -0.486521571874619 0.717483341693878 3.14034605026245
8 9 0.13321153819561 0.258024394512177 3.17491316795349
8 10 0.392501085996628 0.261175096035004 3.11906290054321
8 11 0.595216333866119 0.347958743572235 3.06035923957825
8 12 0.68321681022644 0.381483554840088 3.06233763694763
8 13 -0.118277832865715 -0.134037286043167 3.09514021873474
8 14 -0.143540173768997 -0.587525486946106 3.03285455703735
8 15 -0.141758695244789 -0.958147585391998 3.051438331604
8 16 -0.145312651991844 -1.05282485485077 2.96637797355652
8 17 0.0467995330691338 -0.13224296271801 3.0917489528656
8 18 0.10499981790781 -0.570406138896942 2.99699473381042
8 19 0.0993673428893089 -0.94653195142746 3.00782322883606
8 20 0.107873186469078 -1.04488122463226 2.9398775100708
9 1 -0.0365562587976456 -0.0534444600343704 3.11500597000122
9 2 -0.0342190638184547 0.00380043964833021 3.17761659622192
9 3 -0.0455137640237808 0.367040604352951 3.20946335792542
9 4 -0.0457949042320251 0.561464130878448 3.23003649711609
9 5 -0.23326650261879 0.264559864997864 3.2070095539093
9 6 -0.447634130716324 0.37368905544281 3.15974283218384
9 7 -0.48089325428009 0.599367439746857 3.12804937362671
9 8 -0.483454525470734 0.711247563362122 3.12682294845581
9 9 0.133683413267136 0.258088052272797 3.17594242095947
9 10 0.38760507106781 0.259886622428894 3.1176061630249
9 11 0.593445181846619 0.345678836107254 3.055330991745
9 12 0.67912095785141 0.380159139633179 3.05455851554871
9 13 -0.116948366165161 -0.134622871875763 3.09657192230225
9 14 -0.143094047904015 -0.589323282241821 3.0337245464325
9 15 -0.141672044992447 -0.96355128288269 3.04808378219604
9 16 -0.144136786460876 -1.055300116539 2.96484112739563
9 17 0.0477802790701389 -0.13213786482811 3.09286308288574
9 18 0.104964256286621 -0.569647908210754 2.9975700378418
9 19 0.0993904769420624 -0.944173693656921 3.0089282989502
9 20 0.107489347457886 -1.04302453994751 2.93922209739685
10 1 -0.0360379964113235 -0.0531503669917583 3.11496496200562
10 2 -0.0335403755307198 0.00435179006308317 3.17748475074768
10 3 -0.0443720519542694 0.367359936237335 3.20727157592773
10 4 -0.0434369519352913 0.561350882053375 3.23168134689331
10 5 -0.233037739992142 0.264659762382507 3.20736885070801
10 6 -0.448780953884125 0.373542875051498 3.15798664093018
10 7 -0.480009496212006 0.597007393836975 3.12730932235718
10 8 -0.481434285640717 0.708378195762634 3.12516927719116
10 9 0.134606465697289 0.258402466773987 3.17610859870911
10 10 0.389106869697571 0.258904427289963 3.1148087978363
10 11 0.592346012592316 0.34255188703537 3.05353713035584
10 12 0.697501182556152 0.378427714109421 3.06162309646606
10 13 -0.116692885756493 -0.134432211518288 3.09651947021484
10 14 -0.143035650253296 -0.586300730705261 3.0332818031311
10 15 -0.142871245741844 -0.958762168884277 3.04976987838745
10 16 -0.14455558359623 -1.05316305160522 2.96493196487427
10 17 0.0484001524746418 -0.132040724158287 3.09294319152832
10 18 0.104921743273735 -0.569000482559204 2.99789762496948
10 19 0.100279770791531 -0.945923089981079 3.00966477394104
10 20 0.10728445649147 -1.0448237657547 2.94336080551147
11 1 -0.0352167263627052 -0.0532724782824516 3.11485981941223
11 2 -0.0332018658518791 0.00427986029535532 3.17737030982971
11 3 -0.0441070608794689 0.367295324802399 3.2071704864502
11 4 -0.0429949276149273 0.561900019645691 3.23336148262024
11 5 -0.232490032911301 0.264556288719177 3.20684218406677
11 6 -0.448632895946503 0.373966455459595 3.15254855155945
11 7 -0.479899764060974 0.597729027271271 3.11444568634033
11 8 -0.482594102621078 0.708246052265167 3.12196016311646
11 9 0.134997427463531 0.258743286132813 3.17835760116577
11 10 0.378490179777145 0.259058564901352 3.13352346420288
11 11 0.603957891464233 0.35332190990448 3.07637095451355
11 12 0.673282384872437 0.387590974569321 3.04940342903137
11 13 -0.11554542183876 -0.134427800774574 3.09542679786682
11 14 -0.142828166484833 -0.586540579795837 3.03300285339355
11 15 -0.14276297390461 -0.959172248840332 3.05056953430176
11 16 -0.144511252641678 -1.05251097679138 2.96728849411011
11 17 0.0497100539505482 -0.132283866405487 3.09390163421631
11 18 0.105184353888035 -0.571198761463165 3.00109314918518
11 19 0.099835529923439 -0.947112679481506 3.01491498947144
11 20 0.107219487428665 -1.04725933074951 2.94580054283142
12 1 -0.0344819650053978 -0.0534535087645054 3.1148829460144
12 2 -0.0328153297305107 0.00407477747648954 3.17743349075317
12 3 -0.0441347509622574 0.368041604757309 3.20859503746033
12 4 -0.0450157448649406 0.562260925769806 3.23533463478088
12 5 -0.232356429100037 0.264570772647858 3.20571517944336
12 6 -0.445544868707657 0.370201528072357 3.14369463920593
12 7 -0.481134176254272 0.609271466732025 3.10998797416687
12 8 -0.483203649520874 0.707466840744019 3.11213493347168
12 9 0.134646624326706 0.258863389492035 3.17993760108948
12 10 0.367004632949829 0.230794027447701 3.13009548187256
12 11 0.605323910713196 0.353959232568741 3.08214712142944
12 12 0.652385115623474 0.37777179479599 3.06659340858459
12 13 -0.114562481641769 -0.134358361363411 3.09421229362488
12 14 -0.142233535647392 -0.586749792098999 3.0326669216156
12 15 -0.1430853754282 -0.959920763969421 3.04973864555359
12 16 -0.144486591219902 -1.0509672164917 2.96564793586731
12 17 0.0504277236759663 -0.132512167096138 3.09521532058716
12 18 0.105337329208851 -0.571723580360413 3.00362586975098
12 19 0.100474864244461 -0.947969615459442 3.01548218727112
12 20 0.1058599203825 -1.04793119430542 2.9440906047821
13 1 -0.0343807078897953 -0.0533708706498146 3.11503219604492
13 2 -0.032824445515871 0.00404097884893417 3.17763900756836
13 3 -0.0434913747012615 0.367398172616959 3.20913028717041
13 4 -0.0455111861228943 0.561392545700073 3.23576164245605
13 5 -0.232420921325684 0.264029294252396 3.20508408546448
13 6 -0.443359822034836 0.362176150083542 3.14396190643311
13 7 -0.481548577547073 0.607185423374176 3.10636687278748
13 8 -0.484994828701019 0.703149139881134 3.10151076316834
13 9 0.133792653679848 0.258234977722168 3.18022894859314
13 10 0.347213119268417 0.221049696207047 3.12643432617188
13 11 0.600227355957031 0.34934389591217 3.08045887947083
13 12 0.651781618595123 0.37375196814537 3.06689524650574
13 13 -0.114518642425537 -0.134220793843269 3.0936222076416
13 14 -0.14240089058876 -0.587124466896057 3.03209686279297
13 15 -0.142839327454567 -0.958332061767578 3.05132007598877
13 16 -0.147772669792175 -1.05351495742798 2.97436380386353
13 17 0.0503025241196156 -0.132403165102005 3.09568333625793
13 18 0.105334416031837 -0.571069002151489 3.00374865531921
13 19 0.0997068807482719 -0.949062287807465 3.01685476303101
13 20 0.107258960604668 -1.04672658443451 2.94527530670166
14 1 -0.0346109047532082 -0.0535295791924 3.11516785621643
14 2 -0.0331586897373199 0.00378646608442068 3.17788743972778
14 3 -0.044322706758976 0.36747807264328 3.21012830734253
14 4 -0.0461647734045982 0.560791254043579 3.23373317718506
14 5 -0.232722729444504 0.263839840888977 3.20515036582947
14 6 -0.445032238960266 0.363215804100037 3.14466452598572
14 7 -0.482334941625595 0.607069492340088 3.10673713684082
14 8 -0.487195789813995 0.705551087856293 3.10517311096191
14 9 0.133808970451355 0.258165806531906 3.18113970756531
14 10 0.377719849348068 0.256911188364029 3.1364209651947
14 11 0.603695809841156 0.354031920433044 3.08118557929993
14 12 0.670687913894653 0.389053106307983 3.05642008781433
14 13 -0.114927366375923 -0.134265050292015 3.09356164932251
14 14 -0.142809495329857 -0.58747524023056 3.0319709777832
14 15 -0.142036959528923 -0.956488728523254 3.048832654953
14 16 -0.143816366791725 -1.05167961120605 2.96691632270813
14 17 0.0497999750077724 -0.132789626717567 3.09584593772888
14 18 0.104930371046066 -0.571149230003357 3.00303339958191
14 19 0.0986321941018105 -0.954965889453888 3.01858115196228
14 20 0.105218201875687 -1.0494943857193 2.94810199737549
15 1 -0.0348651818931103 -0.05378732457757 3.11560916900635
15 2 -0.0336515046656132 0.0033165579661727 3.17854571342468
15 3 -0.0463871359825134 0.367114037275314 3.21214556694031
15 4 -0.0461670234799385 0.561187088489532 3.23488521575928
15 5 -0.233061552047729 0.263510465621948 3.20567846298218
15 6 -0.443798899650574 0.358087629079819 3.14751863479614
15 7 -0.48465558886528 0.604086816310883 3.10839366912842
15 8 -0.48956686258316 0.702073693275452 3.10376477241516
15 9 0.133734732866287 0.258104503154755 3.18211531639099
15 10 0.38656085729599 0.259979784488678 3.13273906707764
15 11 0.605137348175049 0.356019794940948 3.08032464981079
15 12 0.653940260410309 0.383276283740997 3.06473851203918
15 13 -0.115270040929317 -0.13451823592186 3.09377813339233
15 14 -0.142786532640457 -0.587429881095886 3.03208184242249
15 15 -0.142609387636185 -0.95457649230957 3.04701972007751
15 16 -0.143222495913506 -1.05061674118042 2.9661283493042
15 17 0.0497572161257267 -0.132977306842804 3.09620690345764
15 18 0.104502402245998 -0.570697546005249 3.00347995758057
15 19 0.0996756553649902 -0.95384281873703 3.01737427711487
15 20 0.105932101607323 -1.04896855354309 2.94790530204773
16 1 -0.0347976833581924 -0.0537776648998261 3.1161150932312
16 2 -0.0335670597851276 0.00335837155580521 3.17930197715759
16 3 -0.0457649230957031 0.369662642478943 3.21493005752563
16 4 -0.0475862808525562 0.562395095825195 3.23432850837708
16 5 -0.233363777399063 0.263778954744339 3.20565366744995
16 6 -0.44199675321579 0.358607590198517 3.14883208274841
16 7 -0.48763707280159 0.598474264144897 3.10528206825256
16 8 -0.491612941026688 0.701723158359528 3.1017050743103
16 9 0.13301408290863 0.258437603712082 3.18205547332764
16 10 0.416589021682739 0.268135040998459 3.12652373313904
16 11 0.606473565101624 0.357232272624969 3.07678651809692
16 12 0.685373842716217 0.392355501651764 3.08295345306396
16 13 -0.115108855068684 -0.134493172168732 3.09414315223694
16 14 -0.142705485224724 -0.587376296520233 3.03249907493591
16 15 -0.144086986780167 -0.954344391822815 3.04816937446594
16 16 -0.145586848258972 -1.04973423480988 2.96358346939087
16 17 0.0497153662145138 -0.132817104458809 3.09681057929993
16 18 0.104655250906944 -0.57120281457901 3.00394177436829
16 19 0.100957214832306 -0.951133012771606 3.018150806427
16 20 0.104032471776009 -1.04972696304321 2.94748568534851
17 1 -0.0350182168185711 -0.0537230372428894 3.11643981933594
17 2 -0.0338842794299126 0.00392404943704605 3.17953634262085
17 3 -0.0472920723259449 0.369793325662613 3.21091556549072
17 4 -0.0568089596927166 0.55555522441864 3.23155951499939
17 5 -0.235660329461098 0.26289513707161 3.20428538322449
17 6 -0.441829413175583 0.359281182289124 3.14761686325073
17 7 -0.489527463912964 0.599704384803772 3.10185766220093
17 8 -0.493920356035233 0.705602526664734 3.10189127922058
17 9 0.130841657519341 0.259551227092743 3.18139338493347
17 10 0.384325414896011 0.259984970092773 3.13668727874756
17 11 0.605270624160767 0.358210444450378 3.07442688941956
17 12 0.657138705253601 0.383542776107788 3.06156635284424
17 13 -0.115257188677788 -0.134665235877037 3.09483408927917
17 14 -0.142555177211761 -0.587422013282776 3.03289651870728
17 15 -0.142106771469116 -0.957862854003906 3.04921984672546
17 16 -0.145621970295906 -1.04926383495331 2.96663570404053
17 17 0.0494675114750862 -0.132718041539192 3.09728670120239
17 18 0.105244472622871 -0.572178244590759 3.00428342819214
17 19 0.100407794117928 -0.950086951255798 3.01802110671997
17 20 0.106263786554337 -1.04793155193329 2.94551539421082
18 1 -0.0352528132498264 -0.0539879538118839 3.11659789085388
18 2 -0.0342879965901375 0.00383596681058407 3.17962121963501
18 3 -0.0482924692332745 0.369826406240463 3.21046209335327
18 4 -0.0569895282387733 0.554309546947479 3.2309136390686
18 5 -0.236790031194687 0.262313783168793 3.20305204391479
18 6 -0.442551821470261 0.361667275428772 3.14520788192749
18 7 -0.488521218299866 0.597241282463074 3.09845376014709
18 8 -0.49431511759758 0.70317667722702 3.10078716278076
18 9 0.130200400948524 0.259361356496811 3.18084526062012
18 10 0.379074931144714 0.258399903774261 3.13576817512512
18 11 0.605488300323486 0.359387099742889 3.07312202453613
18 12 0.684053421020508 0.392980337142944 3.07731771469116
18 13 -0.11557100713253 -0.135130554437637 3.09511399269104
18 14 -0.142754748463631 -0.587600767612457 3.03298306465149
18 15 -0.143430173397064 -0.958247125148773 3.04852247238159
18 16 -0.145975485444069 -1.05158710479736 2.96885371208191
18 17 0.0494420789182186 -0.132883742451668 3.09751772880554
18 18 0.106081634759903 -0.573740720748901 3.00500869750977
18 19 0.10051316767931 -0.950137794017792 3.0182511806488
18 20 0.10626482963562 -1.04833900928497 2.94668531417847
19 1 -0.0348451361060143 -0.0541711486876011 3.11598920822144
19 2 -0.0339674241840839 0.00364718865603209 3.17899775505066
19 3 -0.045119185000658 0.370010733604431 3.21079158782959
19 4 -0.049025435000658 0.563350081443787 3.23075222969055
19 5 -0.233922809362411 0.263676106929779 3.20165729522705
19 6 -0.443696528673172 0.361850082874298 3.14460444450378
19 7 -0.487959057092667 0.596536576747894 3.09924292564392
19 8 -0.49376654624939 0.702343285083771 3.09709525108337
19 9 0.131626456975937 0.259811580181122 3.181067943573
19 10 0.388467729091644 0.260336816310883 3.13160347938538
19 11 0.605443775653839 0.35930147767067 3.07095742225647
19 12 0.678541004657745 0.387158006429672 3.0667417049408
19 13 -0.11504065990448 -0.134790182113647 3.09384918212891
19 14 -0.142851665616035 -0.58795964717865 3.03335738182068
19 15 -0.1429682970047 -0.958993792533875 3.04862880706787
19 16 -0.144198223948479 -1.05086147785187 2.96625447273254
19 17 0.0493860803544521 -0.133207902312279 3.09726738929749
19 18 0.105317287147045 -0.57231342792511 3.00396776199341
19 19 0.0998223423957825 -0.952256798744202 3.01804065704346
19 20 0.106289356946945 -1.049236536026 2.94659805297852
20 1 -0.0340617671608925 -0.0542994812130928 3.1150906085968
20 2 -0.0332655608654022 0.00362087693065405 3.17797112464905
20 3 -0.0426016338169575 0.369438499212265 3.20843315124512
20 4 -0.0453757047653198 0.561239182949066 3.2320454120636
20 5 -0.232491686940193 0.264231473207474 3.20021080970764
20 6 -0.444766640663147 0.365475982427597 3.14372158050537
20 7 -0.485265552997589 0.599488735198975 3.09981656074524
20 8 -0.490723222494125 0.701633274555206 3.09592604637146
20 9 0.134261026978493 0.258333832025528 3.18146681785584
20 10 0.374212443828583 0.242647230625153 3.1325957775116
20 11 0.604825615882874 0.352968841791153 3.07116150856018
20 12 0.704811751842499 0.383570909500122 3.08777093887329
20 13 -0.114500142633915 -0.134704992175102 3.09194111824036
20 14 -0.143423214554787 -0.587659358978271 3.03220868110657
20 15 -0.141886427998543 -0.959247291088104 3.04793190956116
20 16 -0.146377459168434 -1.05291032791138 2.9643018245697
20 17 0.0500845834612846 -0.133680403232574 3.09714221954346
20 18 0.104779116809368 -0.57060968875885 3.003098487854
20 19 0.0993047505617142 -0.94901442527771 3.01953530311584
20 20 0.104614578187466 -1.04937207698822 2.94884872436523
