1 1 -0.0278330836445093 -0.0429115332663059 3.06426548957825
1 2 -0.029176102951169 0.0162047110497952 3.13303661346436
1 3 -0.0380846597254276 0.401367038488388 3.17466759681702
1 4 -0.0399954877793789 0.595120370388031 3.18332409858704
1 5 -0.23334413766861 0.339395463466644 3.17181038856506
1 6 -0.429754167795181 0.511842131614685 3.18439936637878
1 7 -0.392710775136948 0.768786191940308 3.17827987670898
1 8 -0.355894893407822 0.855087757110596 3.19092154502869
1 9 0.169034630060196 0.274767369031906 3.15190076828003
1 10 0.468615740537643 0.261970043182373 3.14573216438293
1 11 0.704490303993225 0.280572056770325 3.15156865119934
1 12 0.803479611873627 0.293729186058044 3.20324015617371
1 13 -0.115004025399685 -0.128441691398621 3.03526759147644
1 14 -0.0922566279768944 -0.643457353115082 3.03520250320435
1 15 -0.0616530030965805 -1.00489640235901 2.99347186088562
1 16 -0.062313124537468 -1.06399893760681 2.9391667842865
1 17 0.0632294565439224 -0.134633973240852 3.04400372505188
1 18 0.0609057322144508 -0.629894495010376 3.00598692893982
1 19 0.0386224091053009 -0.991693794727325 2.99426674842834
1 20 0.0555369332432747 -1.05381226539612 2.92846298217773
2 1 -0.0288581363856792 -0.0439239628612995 3.06449913978577
2 2 -0.0306485611945391 0.0151777174323797 3.13361692428589
2 3 -0.0403926260769367 0.404009133577347 3.177983045578
2 4 -0.0402463003993034 0.591684520244598 3.18722629547119
2 5 -0.235059008002281 0.339375019073486 3.16996335983276
2 6 -0.430638879537582 0.509933471679688 3.18137288093567
2 7 -0.400263488292694 0.760560274124146 3.1699800491333
2 8 -0.374558687210083 0.860923528671265 3.19346356391907
2 9 0.164574816823006 0.276804447174072 3.15275192260742
2 10 0.469049870967865 0.263330608606339 3.14814853668213
2 11 0.70560896396637 0.281541585922241 3.15470433235168
2 12 0.803129136562347 0.299777418375015 3.20297360420227
2 13 -0.11603968590498 -0.129083380103111 3.03440070152283
2 14 -0.0940635353326797 -0.633237063884735 3.03452181816101
2 15 -0.061174213886261 -0.99097615480423 2.99815559387207
2 16 -0.0798433870077133 -1.05563449859619 2.95343708992004
2 17 0.062375009059906 -0.135192975401878 3.04460406303406
2 18 0.0629363805055618 -0.626710712909698 3.00682044029236
2 19 0.0382950082421303 -0.987811863422394 2.99763774871826
2 20 0.0497074313461781 -1.0545449256897 2.93390440940857
3 1 -0.0290430299937725 -0.0448571443557739 3.06345343589783
3 2 -0.0315868407487869 0.0146432183682919 3.13305854797363
3 3 -0.0434252880513668 0.404075235128403 3.17711210250854
3 4 -0.0418002121150494 0.589074432849884 3.18895840644836
3 5 -0.237022012472153 0.339457839727402 3.16887283325195
3 6 -0.432372093200684 0.506730556488037 3.17949652671814
3 7 -0.402221292257309 0.762198925018311 3.17034912109375
3 8 -0.384724527597427 0.861046075820923 3.1911838054657
3 9 0.163605764508247 0.277653127908707 3.15256667137146
3 10 0.466158866882324 0.264638185501099 3.14690947532654
3 11 0.702556312084198 0.283877938985825 3.15691018104553
3 12 0.803532183170319 0.292539149522781 3.19909119606018
3 13 -0.115166768431664 -0.130101814866066 3.03129816055298
3 14 -0.0922205820679665 -0.632689774036407 3.03416442871094
3 15 -0.0612777732312679 -0.988691031932831 3.00072908401489
3 16 -0.0743140429258347 -1.05474889278412 2.95180463790894
3 17 0.063519574701786 -0.136146083474159 3.04443693161011
3 18 0.061140850186348 -0.623977839946747 3.00773882865906
3 19 0.0404310822486877 -0.986599624156952 3.00018072128296
3 20 0.0533241666853428 -1.04996156692505 2.93423533439636
4 1 -0.0316593088209629 -0.0456762388348579 3.06140995025635
4 2 -0.0338418111205101 0.0139993624761701 3.13134407997131
4 3 -0.0440337471663952 0.404601633548737 3.17574000358582
4 4 -0.0435660481452942 0.588793337345123 3.19457125663757
4 5 -0.238444536924362 0.33995395898819 3.16693949699402
4 6 -0.434634774923325 0.505490064620972 3.1783652305603
4 7 -0.405693113803864 0.760230302810669 3.16834950447083
4 8 -0.386968731880188 0.859952569007874 3.18881916999817
4 9 0.162535905838013 0.278697937726974 3.15174245834351
4 10 0.464893877506256 0.265831679105759 3.14544987678528
4 11 0.701721906661987 0.285360455513 3.15247869491577
4 12 0.801878750324249 0.294750154018402 3.19418263435364
4 13 -0.11960693448782 -0.130227148532867 3.02867913246155
4 14 -0.0943852066993713 -0.634374499320984 3.03296947479248
4 15 -0.0637295767664909 -0.991287291049957 2.99684381484985
4 16 -0.0796487480401993 -1.05854535102844 2.94015169143677
4 17 0.0608163438737392 -0.137180015444756 3.04285883903503
4 18 0.0662650763988495 -0.623415052890778 3.00610709190369
4 19 0.0398205630481243 -0.98963075876236 2.99759697914124
4 20 0.0648364350199699 -1.0500340461731 2.92554116249084
5 1 -0.0345012433826923 -0.046051386743784 3.05967354774475
5 2 -0.0361337810754776 0.0137086734175682 3.12968850135803
5 3 -0.0441895835101604 0.405025333166122 3.17398428916931
5 4 -0.0437273606657982 0.587470769882202 3.19285178184509
5 5 -0.238935500383377 0.340401858091354 3.16554260253906
5 6 -0.435537397861481 0.503698766231537 3.17547416687012
5 7 -0.407935619354248 0.760473132133484 3.16653823852539
5 8 -0.386582434177399 0.862155973911285 3.18260049819946
5 9 0.16144685447216 0.279270529747009 3.15003561973572
5 10 0.465471386909485 0.26945698261261 3.14260149002075
5 11 0.703088104724884 0.284726232290268 3.14520168304443
5 12 0.801768481731415 0.303209662437439 3.18513321876526
5 13 -0.122754938900471 -0.130019351840019 3.02797293663025
5 14 -0.0955305397510529 -0.634081542491913 3.03270983695984
5 15 -0.0626400113105774 -0.993930339813232 2.99647307395935
5 16 -0.0697443932294846 -1.05553245544434 2.94847869873047
5 17 0.0566774792969227 -0.137721464037895 3.04023003578186
5 18 0.0592966005206108 -0.620905160903931 3.00586462020874
5 19 0.037320539355278 -0.99395078420639 2.99608373641968
5 20 0.0552060231566429 -1.05335748195648 2.93086266517639
6 1 -0.0353756882250309 -0.0472760759294033 3.05866861343384
6 2 -0.0372803248465061 0.0131609737873077 3.12876558303833
6 3 -0.0451567843556404 0.406566083431244 3.17286205291748
6 4 -0.0446236208081245 0.590991199016571 3.19108557701111
6 5 -0.238805934786797 0.340451240539551 3.16301083564758
6 6 -0.435811758041382 0.502303957939148 3.17165350914001
6 7 -0.406687825918198 0.764821290969849 3.16254901885986
6 8 -0.387574434280396 0.862403631210327 3.17891526222229
6 9 0.16085983812809 0.280306130647659 3.14901614189148
6 10 0.454473614692688 0.274431824684143 3.14081859588623
6 11 0.69208025932312 0.283971428871155 3.14725947380066
6 12 0.796122670173645 0.293360501527786 3.17697834968567
6 13 -0.123383939266205 -0.131028383970261 3.02613997459412
6 14 -0.0965385138988495 -0.634961307048798 3.03297400474548
6 15 -0.0663811340928078 -0.989207983016968 2.99790644645691
6 16 -0.0653766319155693 -1.05490040779114 2.94776368141174
6 17 0.0561045594513416 -0.139160603284836 3.04068040847778
6 18 0.0584567859768867 -0.624686300754547 3.00597286224365
6 19 0.0367736108601093 -0.990743219852448 2.99668955802917
6 20 0.0596973672509193 -1.05240821838379 2.93050146102905
7 1 -0.0345027633011341 -0.0480254478752613 3.05800938606262
7 2 -0.0365200787782669 0.0125764580443501 3.12821006774902
7 3 -0.0441847443580627 0.406628489494324 3.1725025177002
7 4 -0.0449084080755711 0.588471472263336 3.19099569320679
7 5 -0.238519102334976 0.340026080608368 3.16213941574097
7 6 -0.43625396490097 0.502478003501892 3.17110228538513
7 7 -0.407088905572891 0.767190217971802 3.16279482841492
7 8 -0.38568502664566 0.866397738456726 3.1874463558197
7 9 0.161065772175789 0.279886513948441 3.14818811416626
7 10 0.462382048368454 0.274501472711563 3.14032459259033
7 11 0.698756694793701 0.287408411502838 3.15523505210876
7 12 0.797434866428375 0.302388072013855 3.19896340370178
7 13 -0.12291631102562 -0.13181483745575 3.02573084831238
7 14 -0.0954646170139313 -0.634709894657135 3.03274416923523
7 15 -0.0644971504807472 -0.996722280979156 2.99441003799438
7 16 -0.0821129754185677 -1.05575120449066 2.94671082496643
7 17 0.057538315653801 -0.139599844813347 3.03957295417786
7 18 0.0558369904756546 -0.623214721679688 3.00548481941223
7 19 0.0352486222982407 -0.993221521377563 2.99407434463501
7 20 0.0508148968219757 -1.05167555809021 2.93426895141602
8 1 -0.0341492332518101 -0.047814030200243 3.05735421180725
8 2 -0.0362743735313416 0.0124772479757667 3.12756371498108
8 3 -0.0438740253448486 0.406064093112946 3.17201781272888
8 4 -0.0444987490773201 0.586681962013245 3.18931674957275
8 5 -0.238804697990417 0.340040624141693 3.16191935539246
8 6 -0.436849027872086 0.502855181694031 3.17053437232971
8 7 -0.409218788146973 0.763826847076416 3.16179394721985
8 8 -0.386140048503876 0.864217221736908 3.17823100090027
8 9 0.161086693406105 0.280005395412445 3.14801859855652
8 10 0.463798433542252 0.27472522854805 3.14220428466797
8 11 0.700105249881744 0.292700529098511 3.15522313117981
8 12 0.798288762569427 0.308525383472443 3.20036363601685
8 13 -0.122355848550797 -0.131463870406151 3.02469038963318
8 14 -0.0948109850287437 -0.631957292556763 3.03182530403137
8 15 -0.0608858317136765 -0.989254355430603 2.99704384803772
8 16 -0.0814919099211693 -1.05248475074768 2.95762062072754
8 17 0.0582943633198738 -0.139501705765724 3.0388708114624
8 18 0.0590639710426331 -0.621037006378174 3.00486326217651
8 19 0.0366965085268021 -0.990757942199707 2.99550914764404
8 20 0.0495618879795074 -1.04992985725403 2.93816208839417
9 1 -0.0346266180276871 -0.0472332835197449 3.05621647834778
9 2 -0.0367921143770218 0.0128967659547925 3.12634491920471
9 3 -0.0442305207252502 0.405722171068192 3.16975021362305
9 4 -0.0445814579725266 0.585367798805237 3.18789935112
9 5 -0.239252209663391 0.341374963521957 3.16070175170898
9 6 -0.436601728200912 0.501862823963165 3.16864800453186
9 7 -0.408027112483978 0.764047265052795 3.15694046020508
9 8 -0.385855317115784 0.862034380435944 3.17253398895264
9 9 0.160879045724869 0.28062516450882 3.14744734764099
9 10 0.464057862758636 0.275124102830887 3.14151072502136
9 11 0.699817955493927 0.294152498245239 3.15811681747437
9 12 0.798288285732269 0.306571304798126 3.20270228385925
9 13 -0.122848212718964 -0.131048411130905 3.02417325973511
9 14 -0.0948846563696861 -0.631836771965027 3.03090858459473
9 15 -0.0620932467281818 -0.990089774131775 2.99660682678223
9 16 -0.0815722271800041 -1.05258870124817 2.95582222938538
9 17 0.0575344301760197 -0.138742253184319 3.03754210472107
9 18 0.0581130906939507 -0.620129704475403 3.00467157363892
9 19 0.0362981408834457 -0.990165710449219 2.99565052986145
9 20 0.04978097230196 -1.04989123344421 2.93789052963257
10 1 -0.0333739742636681 -0.0469065681099892 3.05625224113464
10 2 -0.0359412878751755 0.0132615379989147 3.12621235847473
10 3 -0.0440396964550018 0.406030893325806 3.16907930374146
10 4 -0.0451095923781395 0.588009178638458 3.18707966804504
10 5 -0.239528730511665 0.341468274593353 3.15931224822998
10 6 -0.436306804418564 0.501790583133698 3.16781497001648
10 7 -0.407227337360382 0.764635741710663 3.15491104125977
10 8 -0.384932219982147 0.862541973590851 3.16922545433044
10 9 0.161069959402084 0.281260102987289 3.14674282073975
10 10 0.458193719387054 0.276501625776291 3.14364981651306
10 11 0.693879127502441 0.29677939414978 3.15829992294312
10 12 0.79264110326767 0.308582752943039 3.20100593566895
10 13 -0.121325045824051 -0.131286218762398 3.02421164512634
10 14 -0.0944256410002708 -0.634296655654907 3.03103971481323
10 15 -0.0623563192784786 -0.991239070892334 2.99613237380981
10 16 -0.072313092648983 -1.05419933795929 2.9506049156189
10 17 0.0593814440071583 -0.138249695301056 3.0382821559906
10 18 0.0588841289281845 -0.622654557228088 3.00480842590332
10 19 0.0387466512620449 -0.988786458969116 2.99573826789856
10 20 0.0497711226344109 -1.0525267124176 2.93503594398499
11 1 -0.0334802493453026 -0.0470095910131931 3.0559549331665
11 2 -0.0359116867184639 0.013136874884367 3.12599921226501
11 3 -0.0433060601353645 0.406685560941696 3.16964554786682
11 4 -0.0462558753788471 0.587908983230591 3.18697595596313
11 5 -0.239394530653954 0.341142386198044 3.15848708152771
11 6 -0.436397969722748 0.502586126327515 3.16703867912292
11 7 -0.407543331384659 0.764173567295074 3.15421438217163
11 8 -0.385390758514404 0.864168345928192 3.16932511329651
11 9 0.16134038567543 0.281311243772507 3.14653038978577
11 10 0.458358198404312 0.275450140237808 3.14000010490417
11 11 0.693573772907257 0.29751268029213 3.15614557266235
11 12 0.78802353143692 0.314085930585861 3.20534586906433
11 13 -0.121520645916462 -0.13129460811615 3.02323937416077
11 14 -0.0938948318362236 -0.632869601249695 3.03118491172791
11 15 -0.0627874061465263 -0.993740975856781 2.99718427658081
11 16 -0.0798448622226715 -1.05642747879028 2.9520103931427
11 17 0.0588474124670029 -0.13860447704792 3.03834199905396
11 18 0.0592003986239433 -0.623165786266327 3.00490260124207
11 19 0.0377248525619507 -0.993954241275787 2.99411249160767
11 20 0.0576893016695976 -1.0557975769043 2.92615246772766
12 1 -0.0332988426089287 -0.0467356853187084 3.05595374107361
12 2 -0.0348172299563885 0.0132306162267923 3.12585401535034
12 3 -0.0417042300105095 0.405259549617767 3.16813516616821
12 4 -0.0438119024038315 0.586804389953613 3.18555545806885
12 5 -0.23888236284256 0.341304123401642 3.15811944007874
12 6 -0.436274796724319 0.503135561943054 3.16689515113831
12 7 -0.408334761857986 0.764518022537231 3.15457057952881
12 8 -0.386029154062271 0.865953028202057 3.1714084148407
12 9 0.162014111876488 0.28111743927002 3.14641141891479
12 10 0.46352630853653 0.276163071393967 3.1387722492218
12 11 0.697933971881866 0.30007141828537 3.15894341468811
12 12 0.79423451423645 0.314254492521286 3.2040741443634
12 13 -0.121131531894207 -0.131147295236588 3.02401089668274
12 14 -0.0894474387168884 -0.63457202911377 3.03197884559631
12 15 -0.0643307268619537 -0.992267191410065 2.99747061729431
12 16 -0.0790189057588577 -1.05680501461029 2.94468092918396
12 17 0.0599299781024456 -0.138423874974251 3.03785872459412
12 18 0.0605265162885189 -0.622685849666595 3.00453472137451
12 19 0.0375599078834057 -0.990136623382568 2.99594736099243
12 20 0.051314327865839 -1.049884557724 2.9362645149231
13 1 -0.0320486724376678 -0.0474502369761467 3.05551218986511
13 2 -0.0343062244355679 0.0126307206228375 3.12562465667725
13 3 -0.0411195158958435 0.405265271663666 3.16914534568787
13 4 -0.0436113961040974 0.587934970855713 3.18228983879089
13 5 -0.23865482211113 0.341125786304474 3.15871286392212
13 6 -0.436603873968124 0.50362628698349 3.1666316986084
13 7 -0.409586876630783 0.763914823532104 3.15663862228394
13 8 -0.386371314525604 0.866796851158142 3.17323899269104
13 9 0.162273079156876 0.281300157308578 3.14636206626892
13 10 0.465047955513 0.277047276496887 3.13897800445557
13 11 0.699537038803101 0.300390958786011 3.15911197662354
13 12 0.794771432876587 0.316197335720062 3.20510768890381
13 13 -0.120991297066212 -0.131969511508942 3.02205467224121
13 14 -0.095046728849411 -0.637933969497681 3.0307891368866
13 15 -0.0655072629451752 -0.992177546024323 2.99642992019653
13 16 -0.0753646194934845 -1.05787622928619 2.93710398674011
13 17 0.0602758750319481 -0.138892740011215 3.03808403015137
13 18 0.0607511624693871 -0.622133791446686 3.00369644165039
13 19 0.0356487408280373 -0.989249467849731 2.99722003936768
13 20 0.0559228956699371 -1.0500077009201 2.93303990364075
14 1 -0.0321964845061302 -0.0474704466760159 3.05570816993713
14 2 -0.0342084802687168 0.0125006334856153 3.12563014030457
14 3 -0.0414206683635712 0.403045684099197 3.16804885864258
14 4 -0.0422707945108414 0.585140347480774 3.18220353126526
14 5 -0.238689124584198 0.340750455856323 3.15974926948547
14 6 -0.436206966638565 0.5032839179039 3.16706490516663
14 7 -0.40878838300705 0.766194045543671 3.15716409683228
14 8 -0.387244194746017 0.86602509021759 3.17253875732422
14 9 0.162365779280663 0.28077757358551 3.14589190483093
14 10 0.467605739831924 0.276910811662674 3.1398446559906
14 11 0.701856195926666 0.299739807844162 3.16235423088074
14 12 0.797403812408447 0.313839137554169 3.20744490623474
14 13 -0.120779797434807 -0.132186442613602 3.02425241470337
14 14 -0.0961142405867577 -0.638171195983887 3.03088450431824
14 15 -0.0633219629526138 -0.996878147125244 2.99146270751953
14 16 -0.0821478441357613 -1.05868244171143 2.94073104858398
14 17 0.0597539618611336 -0.138727515935898 3.03745532035828
14 18 0.0617699436843395 -0.62099689245224 3.00261831283569
14 19 0.0339564681053162 -0.989776909351349 2.99530148506165
14 20 0.0553553514182568 -1.05124378204346 2.93063831329346
15 1 -0.0324421562254429 -0.0482130236923695 3.05493450164795
15 2 -0.0345543026924133 0.0116912443190813 3.12493133544922
15 3 -0.041490089148283 0.402781754732132 3.16781330108643
15 4 -0.041951946914196 0.583608567714691 3.18281292915344
15 5 -0.237625896930695 0.340412497520447 3.15937566757202
15 6 -0.436087399721146 0.50359433889389 3.16697597503662
15 7 -0.410947293043137 0.764343023300171 3.156329870224
15 8 -0.388515651226044 0.865952372550964 3.17120409011841
15 9 0.16276590526104 0.281377762556076 3.1467297077179
15 10 0.468374162912369 0.275958120822906 3.13963532447815
15 11 0.702824175357819 0.298605978488922 3.1617317199707
15 12 0.79820841550827 0.312252402305603 3.20654940605164
15 13 -0.120462536811829 -0.132515728473663 3.02293658256531
15 14 -0.0963575094938278 -0.63437408208847 3.03110122680664
15 15 -0.0632381364703178 -0.993719637393951 2.99412059783936
15 16 -0.0688623338937759 -1.0601966381073 2.93823432922363
15 17 0.0593366585671902 -0.139431074261665 3.03702878952026
15 18 0.0602966584265232 -0.621693730354309 3.00135135650635
15 19 0.0341027230024338 -0.989531397819519 2.99462723731995
15 20 0.0502862632274628 -1.0494704246521 2.93452262878418
16 1 -0.0322363935410976 -0.0484354346990585 3.05490875244141
16 2 -0.0343912951648235 0.0116578796878457 3.1247832775116
16 3 -0.0411564260721207 0.403149664402008 3.167076587677
16 4 -0.041009820997715 0.582822322845459 3.18018078804016
16 5 -0.237003937363625 0.339980244636536 3.15918064117432
16 6 -0.436396569013596 0.503871321678162 3.16717672348022
16 7 -0.412380993366241 0.763871550559998 3.15634632110596
16 8 -0.390614002943039 0.866013526916504 3.16960716247559
16 9 0.163098752498627 0.281233996152878 3.14683771133423
16 10 0.467965185642242 0.275183528661728 3.14069652557373
16 11 0.702633321285248 0.294311463832855 3.16405725479126
16 12 0.799815595149994 0.312895476818085 3.20271015167236
16 13 -0.120282880961895 -0.132656842470169 3.02268671989441
16 14 -0.0963251665234566 -0.6331587433815 3.03076338768005
16 15 -0.0611962787806988 -0.991837620735168 2.9951012134552
16 16 -0.0615479126572609 -1.05548417568207 2.947105884552
16 17 0.0595787055790424 -0.139566451311111 3.03739738464355
16 18 0.0577622056007385 -0.621449053287506 3.0015881061554
16 19 0.0354654043912888 -0.987138390541077 2.99438834190369
16 20 0.05280801653862 -1.05101978778839 2.92880392074585
17 1 -0.0322152525186539 -0.0485562942922115 3.05446267127991
17 2 -0.0338564775884151 0.0115495659410954 3.12428402900696
17 3 -0.0376354828476906 0.40262970328331 3.16593265533447
17 4 -0.0390414744615555 0.584194540977478 3.17909669876099
17 5 -0.235497429966927 0.339452981948853 3.15876626968384
17 6 -0.435603380203247 0.503495216369629 3.16711401939392
17 7 -0.412169694900513 0.762498319149017 3.1558735370636
17 8 -0.389091521501541 0.860627889633179 3.167720079422
17 9 0.164261862635612 0.280702501535416 3.14618921279907
17 10 0.468018025159836 0.275580435991287 3.14068126678467
17 11 0.702724397182465 0.298906087875366 3.16204977035522
17 12 0.798452973365784 0.314140826463699 3.20555973052979
17 13 -0.121284082531929 -0.132520496845245 3.02247858047485
17 14 -0.097959391772747 -0.633391737937927 3.03123807907104
17 15 -0.0615159794688225 -0.992347717285156 2.99453473091125
17 16 -0.0718239545822144 -1.05854344367981 2.94209456443787
17 17 0.0591563209891319 -0.140009388327599 3.03684639930725
17 18 0.0603846497833729 -0.622748017311096 3.00161051750183
17 19 0.0360716730356216 -0.988670229911804 2.99179577827454
17 20 0.0528469756245613 -1.0522255897522 2.92704033851624
18 1 -0.0299692507833242 -0.048831008374691 3.054279088974
18 2 -0.0321374759078026 0.0112894047051668 3.12400507926941
18 3 -0.0368745252490044 0.401408702135086 3.16436648368835
18 4 -0.0385554656386375 0.583315134048462 3.17766427993774
18 5 -0.234658002853394 0.339379876852036 3.15784907341003
18 6 -0.4357008934021 0.503196179866791 3.16738033294678
18 7 -0.411800056695938 0.763104915618896 3.15598607063293
18 8 -0.389022946357727 0.862005591392517 3.16821789741516
18 9 0.165177851915359 0.280345112085342 3.14615225791931
18 10 0.469859302043915 0.275809347629547 3.14012789726257
18 11 0.704870820045471 0.299717366695404 3.15973973274231
18 12 0.800257623195648 0.31461238861084 3.2049241065979
18 13 -0.118387281894684 -0.133169680833817 3.02174782752991
18 14 -0.0972893387079239 -0.633498191833496 3.03134727478027
18 15 -0.0641877129673958 -0.991477072238922 2.99473118782043
18 16 -0.0774727538228035 -1.05740487575531 2.94144463539124
18 17 0.0623710304498672 -0.140367746353149 3.03745150566101
18 18 0.0611016228795052 -0.623754858970642 3.00110459327698
18 19 0.0349026210606098 -0.98768937587738 2.99564504623413
18 20 0.0560186617076397 -1.05275940895081 2.92974472045898
19 1 -0.0292496252804995 -0.0487831644713879 3.05428910255432
19 2 -0.0311808306723833 0.0114568509161472 3.1238386631012
19 3 -0.0342813767492771 0.4013911485672 3.16223096847534
19 4 -0.0375830754637718 0.58330249786377 3.17626762390137
19 5 -0.234099864959717 0.338891446590424 3.15699219703674
19 6 -0.435547322034836 0.503039717674255 3.16697788238525
19 7 -0.410764902830124 0.763598203659058 3.1533031463623
19 8 -0.389333367347717 0.866583049297333 3.16871905326843
19 9 0.16717341542244 0.280158549547195 3.14647626876831
19 10 0.470310539007187 0.275595843791962 3.13998794555664
19 11 0.705541133880615 0.299738705158234 3.15859580039978
19 12 0.800953149795532 0.314267307519913 3.20318627357483
19 13 -0.118309289216995 -0.133323386311531 3.02211117744446
19 14 -0.0953185707330704 -0.634598612785339 3.03059577941895
19 15 -0.0615933239459991 -0.992759943008423 2.99341320991516
19 16 -0.0693257451057434 -1.05617332458496 2.94288444519043
19 17 0.0626924782991409 -0.140860617160797 3.0381178855896
19 18 0.0659615993499756 -0.622221887111664 2.99968862533569
19 19 0.0379341207444668 -0.986021280288696 2.99685597419739
19 20 0.0579500272870064 -1.0525951385498 2.92958498001099
20 1 -0.0279744565486908 -0.0487567707896233 3.05368256568909
20 2 -0.0300187934190035 0.011363978497684 3.12316560745239
20 3 -0.0333186462521553 0.401131600141525 3.1620945930481
20 4 -0.0378323122859001 0.582440912723541 3.17378497123718
20 5 -0.23380446434021 0.339324504137039 3.15677094459534
20 6 -0.435127526521683 0.503247380256653 3.16621518135071
20 7 -0.410261213779449 0.764498710632324 3.15238952636719
20 8 -0.389921605587006 0.867829203605652 3.16681671142578
20 9 0.168268486857414 0.279947459697723 3.14695429801941
20 10 0.471489161252975 0.276006996631622 3.14018392562866
20 11 0.706031203269959 0.300711065530777 3.1633620262146
20 12 0.801092505455017 0.314394325017929 3.20891571044922
20 13 -0.117361955344677 -0.133477851748466 3.02014088630676
20 14 -0.0956950709223747 -0.637763738632202 3.0310230255127
20 15 -0.0622185692191124 -0.993939101696014 2.99453997612
20 16 -0.0802879706025124 -1.05746352672577 2.93955397605896
20 17 0.0642032623291016 -0.140900135040283 3.03815340995789
20 18 0.0652049779891968 -0.61976569890976 2.99995756149292
20 19 0.0371665060520172 -0.986500799655914 2.9965660572052
20 20 0.0503260865807533 -1.0543966293335 2.92913937568665
