1 1 -0.0090720197185874 -0.0189849622547627 3.04434943199158
1 2 -0.0163214579224586 0.0361848436295986 3.11069750785828
1 3 -0.0383530482649803 0.401932179927826 3.14970016479492
1 4 -0.046701654791832 0.620723605155945 3.14383721351624
1 5 -0.220999866724014 0.285340368747711 3.12654876708984
1 6 -0.497134327888489 0.245902344584465 3.16825485229492
1 7 -0.743907570838928 0.295543164014816 3.13765144348145
1 8 -0.819261491298676 0.315771520137787 3.12081432342529
1 9 0.166659593582153 0.314567625522614 3.15134310722351
1 10 0.391994655132294 0.448872447013855 3.20621109008789
1 11 0.32783967256546 0.742977917194366 3.25733995437622
1 12 0.321831196546555 0.819310128688812 3.27988266944885
1 13 -0.0901293382048607 -0.106936603784561 3.007488489151
1 14 -0.0897522941231728 -0.654282569885254 3.02795767784119
1 15 -0.0668504312634468 -1.00924205780029 2.99159932136536
1 16 -0.0914798155426979 -1.06560409069061 2.94634437561035
1 17 0.0847006440162659 -0.100655190646648 3.03294062614441
1 18 0.0769634619355202 -0.643156290054321 2.99857711791992
1 19 0.0468483865261078 -0.994106411933899 2.98775887489319
1 20 0.0587621740996838 -1.04698431491852 2.93396973609924
2 1 -0.00742893666028976 -0.0176287516951561 3.0452184677124
2 2 -0.0155047513544559 0.0376621372997761 3.11094379425049
2 3 -0.0387863107025623 0.401792913675308 3.14780282974243
2 4 -0.0437947139143944 0.623338460922241 3.14141392707825
2 5 -0.220256254076958 0.285855233669281 3.12478041648865
2 6 -0.49514976143837 0.246604353189468 3.1644606590271
2 7 -0.739304840564728 0.284529060125351 3.12881517410278
2 8 -0.814529418945313 0.30472269654274 3.11200737953186
2 9 0.168102711439133 0.316303104162216 3.15321516990662
2 10 0.394042909145355 0.449030369520187 3.20772004127502
2 11 0.32708203792572 0.745172083377838 3.25559663772583
2 12 0.319850891828537 0.822128415107727 3.27486801147461
2 13 -0.0876056626439095 -0.106025293469429 3.00784349441528
2 14 -0.0895430445671082 -0.654036998748779 3.02927899360657
2 15 -0.0639151409268379 -1.01025199890137 2.98737025260925
2 16 -0.0949666723608971 -1.06413674354553 2.94343042373657
2 17 0.0869374573230743 -0.0999976471066475 3.03568124771118
2 18 0.0793461427092552 -0.647697865962982 2.99967074394226
2 19 0.0465426258742809 -1.00357472896576 2.98302555084229
2 20 0.0737783461809158 -1.0605217218399 2.9137020111084
3 1 -0.00535567989572883 -0.0181803144514561 3.04576349258423
3 2 -0.0136274704709649 0.0376889705657959 3.1110634803772
3 3 -0.0367224402725697 0.402789056301117 3.1462242603302
3 4 -0.0421473309397697 0.627024292945862 3.14031362533569
3 5 -0.219181403517723 0.2863829433918 3.12470984458923
3 6 -0.493283271789551 0.24787925183773 3.1629900932312
3 7 -0.725229263305664 0.283352762460709 3.13149452209473
3 8 -0.77912962436676 0.296386361122131 3.11517906188965
3 9 0.16820016503334 0.317234247922897 3.15413928031921
3 10 0.383328378200531 0.422569364309311 3.19271564483643
3 11 0.331557512283325 0.729109168052673 3.24667716026306
3 12 0.325697660446167 0.803601801395416 3.27138614654541
3 13 -0.0852923691272736 -0.106618538498878 3.00847792625427
3 14 -0.0883439779281616 -0.654281556606293 3.02958798408508
3 15 -0.0644968524575233 -1.01022398471832 2.98677110671997
3 16 -0.0894910842180252 -1.06599903106689 2.94248223304749
3 17 0.0883054286241531 -0.100521869957447 3.03672313690186
3 18 0.0776802748441696 -0.651032388210297 3.00020027160645
3 19 0.0467392206192017 -1.00105893611908 2.98462700843811
3 20 0.0695794373750687 -1.06082916259766 2.90949630737305
4 1 -0.00510678486898541 -0.0186238810420036 3.04606819152832
4 2 -0.0133427940309048 0.0373043715953827 3.11112642288208
4 3 -0.0366005636751652 0.401637434959412 3.14583158493042
4 4 -0.0413734167814255 0.62749981880188 3.13984966278076
4 5 -0.219010204076767 0.286625742912292 3.12444758415222
4 6 -0.492228835821152 0.249395802617073 3.16147303581238
4 7 -0.742976367473602 0.290194451808929 3.11764931678772
4 8 -0.818782448768616 0.295008391141891 3.09899497032166
4 9 0.168946728110313 0.31751948595047 3.15415096282959
4 10 0.401490092277527 0.450120091438293 3.20661282539368
4 11 0.327633261680603 0.754580855369568 3.25069975852966
4 12 0.322948604822159 0.830102324485779 3.27052330970764
4 13 -0.0852698981761932 -0.106768630445004 3.00868821144104
4 14 -0.088930070400238 -0.654509246349335 3.02968192100525
4 15 -0.063543014228344 -1.01299941539764 2.98576879501343
4 16 -0.094588465988636 -1.06384205818176 2.93987011909485
4 17 0.0888259038329124 -0.101126044988632 3.03752851486206
4 18 0.0784344971179962 -0.644762277603149 3.00093269348145
4 19 0.0476605892181396 -0.994796514511108 2.98753428459167
4 20 0.0615586191415787 -1.05231642723083 2.92238259315491
5 1 -0.00448169838637114 -0.0167130008339882 3.04660201072693
5 2 -0.0128827169537544 0.0387055799365044 3.11130237579346
5 3 -0.0354020185768604 0.401447057723999 3.14536738395691
5 4 -0.0377107597887516 0.629085123538971 3.14153909683228
5 5 -0.217994198203087 0.287416309118271 3.12405276298523
5 6 -0.49163943529129 0.250298529863358 3.16058969497681
5 7 -0.721689760684967 0.300663262605667 3.13153266906738
5 8 -0.797185719013214 0.305801123380661 3.1127073764801
5 9 0.170966029167175 0.317862838506699 3.15540361404419
5 10 0.404450416564941 0.450986266136169 3.20694088935852
5 11 0.349268227815628 0.736145257949829 3.24886870384216
5 12 0.330988436937332 0.810241937637329 3.26486730575562
5 13 -0.0853903815150261 -0.105114884674549 3.00873613357544
5 14 -0.089939758181572 -0.652603685855865 3.03038144111633
5 15 -0.0647236853837967 -1.0073493719101 2.98817610740662
5 16 -0.0922641977667809 -1.06390166282654 2.94471263885498
5 17 0.0897418111562729 -0.099958710372448 3.03837203979492
5 18 0.0776152461767197 -0.642183363437653 3.00087904930115
5 19 0.0476218573749065 -0.993773460388184 2.99066877365112
5 20 0.0652430355548859 -1.05036222934723 2.93522572517395
6 1 -0.00377011275850236 -0.0159195624291897 3.04693245887756
6 2 -0.0117958076298237 0.0395887196063995 3.11149477958679
6 3 -0.0317430570721626 0.401886284351349 3.1448917388916
6 4 -0.034636028110981 0.628984808921814 3.14587712287903
6 5 -0.217635661363602 0.288243919610977 3.124436378479
6 6 -0.49322172999382 0.254234820604324 3.1595356464386
6 7 -0.723015427589417 0.30743533372879 3.13147759437561
6 8 -0.800103545188904 0.305816888809204 3.12237000465393
6 9 0.173234105110168 0.31788232922554 3.15524196624756
6 10 0.404056519269943 0.447057276964188 3.20391368865967
6 11 0.342357218265533 0.743974804878235 3.24823117256165
6 12 0.333834022283554 0.818531811237335 3.26814985275269
6 13 -0.0852852836251259 -0.104570999741554 3.0094883441925
6 14 -0.0890131071209908 -0.651809573173523 3.03050374984741
6 15 -0.0640884041786194 -1.0088187456131 2.98788619041443
6 16 -0.0925525426864624 -1.06793928146362 2.94655728340149
6 17 0.0906406193971634 -0.0994687080383301 3.03852319717407
6 18 0.0784133151173592 -0.640084147453308 3.00126266479492
6 19 0.0435641929507256 -0.992071211338043 2.98822641372681
6 20 0.065112330019474 -1.04873418807983 2.93136429786682
7 1 -0.00325929140672088 -0.0155891785398126 3.04781007766724
7 2 -0.0110436799004674 0.0397873409092426 3.11225485801697
7 3 -0.0307504907250404 0.401272743940353 3.14623856544495
7 4 -0.0346955731511116 0.623776793479919 3.14974975585938
7 5 -0.217455714941025 0.289179444313049 3.12524843215942
7 6 -0.494007557630539 0.256012856960297 3.15896439552307
7 7 -0.724308609962463 0.306901127099991 3.13086271286011
7 8 -0.800233960151672 0.303261935710907 3.12240123748779
7 9 0.173952952027321 0.316723167896271 3.15485644340515
7 10 0.402702391147614 0.442965745925903 3.19999074935913
7 11 0.362460076808929 0.730944991111755 3.24041438102722
7 12 0.336687326431274 0.810582935810089 3.25959253311157
7 13 -0.0849629193544388 -0.104257963597775 3.01056718826294
7 14 -0.0890039056539536 -0.649834811687469 3.03165984153748
7 15 -0.0651713088154793 -1.00790524482727 2.98848295211792
7 16 -0.0943211987614632 -1.06074833869934 2.93870306015015
7 17 0.0907943993806839 -0.0995175391435623 3.03905415534973
7 18 0.0762376189231873 -0.638379096984863 3.00165963172913
7 19 0.0458634234964848 -0.989945769309998 2.99189925193787
7 20 0.0516319163143635 -1.04718780517578 2.93644094467163
8 1 -0.00276288017630577 -0.0147060127928853 3.04823517799377
8 2 -0.0106896795332432 0.040504265576601 3.11257147789001
8 3 -0.0315072983503342 0.402253061532974 3.14738893508911
8 4 -0.034209493547678 0.618675589561462 3.15085315704346
8 5 -0.216540798544884 0.290200680494308 3.12642908096313
8 6 -0.493847608566284 0.256104201078415 3.15932774543762
8 7 -0.724423944950104 0.306814312934875 3.13304972648621
8 8 -0.799429833889008 0.303237646818161 3.12415456771851
8 9 0.175698488950729 0.317316085100174 3.15613222122192
8 10 0.405267953872681 0.445674896240234 3.20017457008362
8 11 0.361004769802094 0.732901036739349 3.24104261398315
8 12 0.339671552181244 0.810267448425293 3.25995969772339
8 13 -0.0845425948500633 -0.103508815169334 3.01089835166931
8 14 -0.0889590904116631 -0.650910377502441 3.03190469741821
8 15 -0.0624416396021843 -1.00886487960815 2.98833417892456
8 16 -0.0943718403577805 -1.06593823432922 2.94399070739746
8 17 0.0915831103920937 -0.09861059486866 3.03937101364136
8 18 0.0773232877254486 -0.638678848743439 3.0016016960144
8 19 0.0436589568853378 -0.994994223117828 2.99091339111328
8 20 0.0660542845726013 -1.0488315820694 2.93616008758545
9 1 -0.00314854481257498 -0.0150233069434762 3.04856586456299
9 2 -0.010848949663341 0.0407368950545788 3.11275291442871
9 3 -0.0318061783909798 0.403093218803406 3.14576435089111
9 4 -0.0353918075561523 0.616688132286072 3.15117073059082
9 5 -0.216837152838707 0.289834886789322 3.12663865089417
9 6 -0.493522197008133 0.255898028612137 3.16002416610718
9 7 -0.723864436149597 0.306690871715546 3.13293385505676
9 8 -0.798082530498505 0.302745580673218 3.12560200691223
9 9 0.175573095679283 0.317809820175171 3.15582799911499
9 10 0.399837076663971 0.438100159168243 3.19699287414551
9 11 0.36637207865715 0.720550298690796 3.23577666282654
9 12 0.340646952390671 0.810078978538513 3.25855207443237
9 13 -0.085078701376915 -0.103886403143406 3.0120735168457
9 14 -0.0889876633882523 -0.652355372905731 3.03216409683228
9 15 -0.0633452609181404 -1.00948226451874 2.98835420608521
9 16 -0.0814568549394608 -1.06858599185944 2.93858194351196
9 17 0.0910360366106033 -0.0989737808704376 3.03935217857361
9 18 0.0776907131075859 -0.642128348350525 3.00163531303406
9 19 0.0477282740175724 -0.996057152748108 2.98665833473206
9 20 0.0728957653045654 -1.0525735616684 2.91851234436035
10 1 -0.00352846249006689 -0.0149816442281008 3.04920315742493
10 2 -0.0113088777288795 0.0405866429209709 3.11352801322937
10 3 -0.0338723286986351 0.4012630879879 3.14679431915283
10 4 -0.0354158170521259 0.615649342536926 3.14992380142212
10 5 -0.2174963504076 0.290421694517136 3.12819743156433
10 6 -0.49393630027771 0.255933731794357 3.16014909744263
10 7 -0.724152088165283 0.306444317102432 3.13311290740967
10 8 -0.797697126865387 0.302589356899261 3.12660670280457
10 9 0.175025478005409 0.317922592163086 3.15622735023499
10 10 0.401156067848206 0.441791772842407 3.20068049430847
10 11 0.361411035060883 0.731237709522247 3.23832130432129
10 12 0.344638168811798 0.805815935134888 3.25829648971558
10 13 -0.0857375636696815 -0.103850767016411 3.01337862014771
10 14 -0.0888306945562363 -0.652001917362213 3.03239512443542
10 15 -0.062757782638073 -1.01000440120697 2.98907208442688
10 16 -0.0929646566510201 -1.06622779369354 2.94125699996948
10 17 0.0907218456268311 -0.0988408401608467 3.03971219062805
10 18 0.0768574997782707 -0.640028834342957 3.00248074531555
10 19 0.0490425266325474 -0.99318653345108 2.98895668983459
10 20 0.0637733340263367 -1.04864597320557 2.93357563018799
11 1 -0.00447027385234833 -0.014198862016201 3.0505735874176
11 2 -0.0117541961371899 0.0409264340996742 3.11476469039917
11 3 -0.0339564830064774 0.400822103023529 3.14941143989563
11 4 -0.0360410287976265 0.615720272064209 3.14966154098511
11 5 -0.219119608402252 0.291729718446732 3.13064622879028
11 6 -0.494871318340302 0.25687575340271 3.16047430038452
11 7 -0.725544333457947 0.305012851953506 3.13430571556091
11 8 -0.79837965965271 0.300971567630768 3.12799954414368
11 9 0.174950495362282 0.318150818347931 3.15681838989258
11 10 0.40094456076622 0.441824406385422 3.19879698753357
11 11 0.362071067094803 0.733960449695587 3.24000787734985
11 12 0.341410040855408 0.803799569606781 3.25568127632141
11 13 -0.0869481638073921 -0.103311322629452 3.01456332206726
11 14 -0.0889933481812477 -0.651964902877808 3.03267335891724
11 15 -0.0659461542963982 -1.00715458393097 2.98806047439575
11 16 -0.094913125038147 -1.06719195842743 2.94312262535095
11 17 0.090047687292099 -0.0982298105955124 3.04040193557739
11 18 0.0763952806591988 -0.637497961521149 3.00330901145935
11 19 0.0426918230950832 -0.995432257652283 2.98875951766968
11 20 0.0646444857120514 -1.0483170747757 2.93233036994934
12 1 -0.0045193787664175 -0.0146709736436605 3.05164933204651
12 2 -0.0114542385563254 0.0407911948859692 3.11599636077881
12 3 -0.0316060036420822 0.402705639600754 3.15173816680908
12 4 -0.0358750857412815 0.616979598999023 3.15049529075623
12 5 -0.218894422054291 0.29115104675293 3.1313624382019
12 6 -0.494649052619934 0.256726235151291 3.16149735450745
12 7 -0.725322365760803 0.305323272943497 3.13908696174622
12 8 -0.797538995742798 0.301195025444031 3.13285517692566
12 9 0.173854067921638 0.318102449178696 3.15693473815918
12 10 0.401615560054779 0.448378175497055 3.20212197303772
12 11 0.363931834697723 0.730350315570831 3.24170136451721
12 12 0.344318330287933 0.800757706165314 3.25762128829956
12 13 -0.0871132984757423 -0.10353672504425 3.01593995094299
12 14 -0.0890840962529182 -0.651609599590302 3.03244924545288
12 15 -0.0658311918377876 -1.00609564781189 2.98901891708374
12 16 -0.0880092829465866 -1.06710851192474 2.94115519523621
12 17 0.0895449817180634 -0.0983526557683945 3.0408616065979
12 18 0.0777464583516121 -0.639412879943848 3.00311994552612
12 19 0.0437864065170288 -0.994662165641785 2.98728156089783
12 20 0.0682094395160675 -1.05060708522797 2.92545056343079
13 1 -0.00409425143152475 -0.0145448390394449 3.0527355670929
13 2 -0.0108097204938531 0.0411121696233749 3.11725544929504
13 3 -0.0299137681722641 0.405563831329346 3.15437412261963
13 4 -0.0370384566485882 0.615196824073792 3.15048956871033
13 5 -0.218527734279633 0.290471971035004 3.132479429245
13 6 -0.494067966938019 0.256331771612167 3.1630117893219
13 7 -0.724540710449219 0.305994540452957 3.14288115501404
13 8 -0.796208262443542 0.301878452301025 3.13669991493225
13 9 0.174218341708183 0.318704456090927 3.15780973434448
13 10 0.400838673114777 0.439251959323883 3.19787740707397
13 11 0.366070121526718 0.716486930847168 3.23794531822205
13 12 0.341818034648895 0.782874763011932 3.25194072723389
13 13 -0.0868689566850662 -0.103586874902248 3.01700878143311
13 14 -0.0905144959688187 -0.651828587055206 3.03230714797974
13 15 -0.0609708614647388 -1.00763130187988 2.98863220214844
13 16 -0.0949995517730713 -1.06620621681213 2.94453096389771
13 17 0.0898742750287056 -0.0981136411428452 3.04188370704651
13 18 0.0785009190440178 -0.637686848640442 3.00306272506714
13 19 0.0425888150930405 -0.99379301071167 2.99115943908691
13 20 0.0672251358628273 -1.04587709903717 2.93293404579163
14 1 -0.00376684824004769 -0.0145747810602188 3.05404615402222
14 2 -0.0105189196765423 0.041104968637228 3.1185462474823
14 3 -0.030231773853302 0.405291318893433 3.15590691566467
14 4 -0.0362451113760471 0.61466646194458 3.1518018245697
14 5 -0.217908769845963 0.290251225233078 3.13432049751282
14 6 -0.493269026279449 0.255570858716965 3.16435623168945
14 7 -0.723732352256775 0.304253935813904 3.14344263076782
14 8 -0.794720888137817 0.300168097019196 3.13732147216797
14 9 0.174310326576233 0.318618059158325 3.15987467765808
14 10 0.39928936958313 0.435131818056107 3.19841194152832
14 11 0.368424534797668 0.720930993556976 3.2397518157959
14 12 0.343149244785309 0.790092170238495 3.2529513835907
14 13 -0.0863072350621223 -0.103698074817657 3.01850652694702
14 14 -0.0899259373545647 -0.651641190052032 3.0331244468689
14 15 -0.0666625201702118 -1.0081080198288 2.98960828781128
14 16 -0.0964130312204361 -1.06769800186157 2.94348645210266
14 17 0.0900960341095924 -0.097783736884594 3.04305291175842
14 18 0.078809879720211 -0.636182188987732 3.00395607948303
14 19 0.0414864085614681 -0.994741916656494 2.99140429496765
14 20 0.0633036494255066 -1.04850924015045 2.9344494342804
15 1 -0.00286070094443858 -0.014954692684114 3.05453205108643
15 2 -0.00962547399103642 0.0406931154429913 3.11916589736938
15 3 -0.0291467849165201 0.403839766979218 3.1559910774231
15 4 -0.0339628607034683 0.614982485771179 3.15554857254028
15 5 -0.216511994600296 0.290088772773743 3.13469839096069
15 6 -0.490603625774384 0.254762232303619 3.16491484642029
15 7 -0.720513224601746 0.305355161428452 3.14534997940063
15 8 -0.790978789329529 0.301297247409821 3.13927626609802
15 9 0.175939172506332 0.318384617567062 3.16068077087402
15 10 0.40332967042923 0.430447459220886 3.19943952560425
15 11 0.368890404701233 0.725786209106445 3.23727893829346
15 12 0.349307090044022 0.796588838100433 3.25137829780579
15 13 -0.085556797683239 -0.10391266644001 3.01856541633606
15 14 -0.0886026099324226 -0.6527379155159 3.03307414054871
15 15 -0.0660451352596283 -1.00995182991028 2.99129295349121
15 16 -0.0954471006989479 -1.06945860385895 2.94485306739807
15 17 0.0911265015602112 -0.0983190163969994 3.04355096817017
15 18 0.0781361311674118 -0.639430463314056 3.00541830062866
15 19 0.0477482378482819 -0.991659760475159 2.991366147995
15 20 0.0683557614684105 -1.04662895202637 2.93420624732971
16 1 -0.00146941852290183 -0.015121066942811 3.05490303039551
16 2 -0.00833768118172884 0.0407013520598412 3.11936616897583
16 3 -0.0269371308386326 0.404015958309174 3.15518260002136
16 4 -0.0315932407975197 0.614987134933472 3.15448069572449
16 5 -0.212905794382095 0.291387408971787 3.13536834716797
16 6 -0.490612298250198 0.256665706634521 3.16507124900818
16 7 -0.720912337303162 0.304606348276138 3.14351630210876
16 8 -0.790940821170807 0.30057293176651 3.13748025894165
16 9 0.177964419126511 0.317762643098831 3.16132712364197
16 10 0.405405253171921 0.433401048183441 3.19807958602905
16 11 0.374663084745407 0.723152875900269 3.23311185836792
16 12 0.384368658065796 0.790085017681122 3.25267171859741
16 13 -0.084013506770134 -0.10359600186348 3.0186333656311
16 14 -0.0881441012024879 -0.652522146701813 3.03383183479309
16 15 -0.0618493556976318 -1.00939345359802 2.99200654029846
16 16 -0.0944777131080627 -1.06634378433228 2.94455575942993
16 17 0.0924441367387772 -0.0987073481082916 3.04469132423401
16 18 0.0773748457431793 -0.639254152774811 3.00618433952332
16 19 0.0464344099164009 -0.995476007461548 2.98871684074402
16 20 0.0698454082012177 -1.04949069023132 2.93309426307678
17 1 -0.000688624335452914 -0.0147887514904141 3.05563735961914
17 2 -0.00752224354073405 0.0410471260547638 3.11998510360718
17 3 -0.0249117612838745 0.403906047344208 3.15512752532959
17 4 -0.027268897742033 0.615481913089752 3.15243005752563
17 5 -0.211262628436089 0.293314188718796 3.13663458824158
17 6 -0.489720821380615 0.25900337100029 3.16536450386047
17 7 -0.720074892044067 0.306145250797272 3.14176726341248
17 8 -0.78980815410614 0.30154076218605 3.13642621040344
17 9 0.181444853544235 0.317247003316879 3.16290807723999
17 10 0.411492437124252 0.435319602489471 3.2002809047699
17 11 0.372860610485077 0.734991192817688 3.23614430427551
17 12 0.390699952840805 0.800649404525757 3.25297331809998
17 13 -0.0833549350500107 -0.103103309869766 3.01901888847351
17 14 -0.0879847481846809 -0.653196573257446 3.03360080718994
17 15 -0.0603789687156677 -1.01271021366119 2.99021363258362
17 16 -0.09427410364151 -1.06631875038147 2.93974661827087
17 17 0.0928053706884384 -0.0987650007009506 3.04594016075134
17 18 0.077546127140522 -0.641458034515381 3.00588059425354
17 19 0.0467483587563038 -0.995245277881622 2.98849534988403
17 20 0.0530689880251884 -1.05436372756958 2.93136548995972
18 1 -8.85836197994649E-06 -0.0141403339803219 3.05617165565491
18 2 -0.00657358625903726 0.0416561737656593 3.12060618400574
18 3 -0.0225104764103889 0.404612839221954 3.15653347969055
18 4 -0.0266841966658831 0.616991937160492 3.15285658836365
18 5 -0.210508778691292 0.294040828943253 3.13781309127808
18 6 -0.488718062639236 0.26004821062088 3.16542816162109
18 7 -0.718944430351257 0.307208299636841 3.14067387580872
18 8 -0.786969125270844 0.299221515655518 3.12537789344788
18 9 0.182949006557465 0.317206114530563 3.164381980896
18 10 0.409784585237503 0.43182572722435 3.20002675056458
18 11 0.372391134500504 0.734185338020325 3.23679351806641
18 12 0.392720490694046 0.798078060150146 3.25751900672913
18 13 -0.0830414965748787 -0.102628692984581 3.01905179023743
18 14 -0.0890071839094162 -0.652701914310455 3.03377294540405
18 15 -0.0661937743425369 -1.01018345355988 2.99052429199219
18 16 -0.0950485840439796 -1.06115400791168 2.9343798160553
18 17 0.0931253433227539 -0.0985728800296783 3.0465452671051
18 18 0.0781763046979904 -0.640281558036804 3.00574541091919
18 19 0.0490434877574444 -0.993606805801392 2.98898983001709
18 20 0.050545196980238 -1.05202734470367 2.92867398262024
19 1 0.000315547629725188 -0.0148805361241102 3.05638742446899
19 2 -0.00602279603481293 0.0408628731966019 3.12092113494873
19 3 -0.0229424238204956 0.404442250728607 3.15817260742188
19 4 -0.0273438766598701 0.617325305938721 3.1519820690155
19 5 -0.209526017308235 0.29352405667305 3.13876938819885
19 6 -0.487494230270386 0.260643661022186 3.16593170166016
19 7 -0.717912614345551 0.30644690990448 3.14117097854614
19 8 -0.787398755550385 0.29796826839447 3.13198232650757
19 9 0.181818306446075 0.315929234027863 3.1641571521759
19 10 0.411279827356339 0.431119948625565 3.20214581489563
19 11 0.372185438871384 0.730984270572662 3.23694634437561
19 12 0.388719975948334 0.794959306716919 3.26181483268738
19 13 -0.0828191936016083 -0.102784655988216 3.01934242248535
19 14 -0.0891495198011398 -0.653039932250977 3.03408551216125
19 15 -0.0690713077783585 -1.00292253494263 2.99369764328003
19 16 -0.0915629714727402 -1.06361615657806 2.94385409355164
19 17 0.0931538492441177 -0.0991687029600143 3.04661679267883
19 18 0.0794830024242401 -0.638896584510803 3.00547885894775
19 19 0.0455298237502575 -0.991776466369629 2.99100089073181
19 20 0.0650011375546455 -1.04667460918427 2.93245244026184
20 1 0.000570885371416807 -0.0150104723870754 3.05710029602051
20 2 -0.00581967085599899 0.0406979471445084 3.12168264389038
20 3 -0.0227006208151579 0.404277473688126 3.15922999382019
20 4 -0.0264502689242363 0.618439555168152 3.15478277206421
20 5 -0.208711564540863 0.292765557765961 3.13916730880737
20 6 -0.487932413816452 0.260673820972443 3.1671724319458
20 7 -0.718526601791382 0.30540868639946 3.14202451705933
20 8 -0.788673758506775 0.300196886062622 3.1328022480011
20 9 0.182334154844284 0.316148489713669 3.165207862854
20 10 0.411289900541306 0.432687848806381 3.20163607597351
20 11 0.371091991662979 0.729501783847809 3.23628830909729
20 12 0.395248800516129 0.79213947057724 3.25921893119812
20 13 -0.0826749056577683 -0.102920405566692 3.02025556564331
20 14 -0.0882844254374504 -0.653297066688538 3.03533577919006
20 15 -0.0657294169068336 -1.0047425031662 2.99227166175842
20 16 -0.0950757712125778 -1.06489872932434 2.94463300704956
20 17 0.093514196574688 -0.0991208180785179 3.04711556434631
20 18 0.0799949020147324 -0.638232052326202 3.00621318817139
20 19 0.0420174486935139 -0.993005871772766 2.99080371856689
20 20 0.0603008382022381 -1.04845571517944 2.93171191215515
