1 1 0.00253331940621138 -0.0371061265468597 3.05270290374756
1 2 -0.00517485616728663 0.0224771127104759 3.11885690689087
1 3 -0.0249333530664444 0.402896642684937 3.15402865409851
1 4 -0.0317332334816456 0.585447669029236 3.15765929222107
1 5 -0.221694767475128 0.286108672618866 3.13042998313904
1 6 -0.522654414176941 0.307741075754166 3.16052865982056
1 7 -0.760664999485016 0.35505348443985 3.11806583404541
1 8 -0.867239892482758 0.384416788816452 3.11079120635986
1 9 0.175330281257629 0.313070118427277 3.16187572479248
1 10 0.395930051803589 0.4223393201828 3.21024417877197
1 11 0.3756203353405 0.710468590259552 3.24132227897644
1 12 0.388377755880356 0.786015331745148 3.27021908760071
1 13 -0.0801527872681618 -0.128060027956963 3.01615786552429
1 14 -0.0787541791796684 -0.633513450622559 3.03160715103149
1 15 -0.0646031275391579 -1.00146126747131 2.99254059791565
1 16 -0.0822543948888779 -1.06262600421906 2.9547324180603
1 17 0.0955255925655365 -0.122228927910328 3.04453182220459
1 18 0.0680469796061516 -0.618296325206757 3.00591039657593
1 19 0.0431364849209785 -0.984034836292267 2.99448299407959
1 20 0.058207631111145 -1.04907667636871 2.93721055984497
2 1 0.00267902621999383 -0.0386368930339813 3.05331182479858
2 2 -0.00529138278216124 0.0212624371051788 3.1196300983429
2 3 -0.0244807228446007 0.402970165014267 3.15391945838928
2 4 -0.0309674479067326 0.583820641040802 3.15870451927185
2 5 -0.221810683608055 0.286624252796173 3.12930488586426
2 6 -0.52101594209671 0.308560311794281 3.15875911712646
2 7 -0.758787989616394 0.355479180812836 3.11513638496399
2 8 -0.867672443389893 0.383110642433167 3.10105538368225
2 9 0.176190793514252 0.312892735004425 3.16316890716553
2 10 0.401807963848114 0.430978029966354 3.21899652481079
2 11 0.376567661762238 0.71123868227005 3.24268460273743
2 12 0.382586508989334 0.791519343852997 3.26551485061646
2 13 -0.0807118192315102 -0.129476457834244 3.01628398895264
2 14 -0.0746575891971588 -0.631467342376709 3.03085350990295
2 15 -0.0598432421684265 -0.99245947599411 2.99617052078247
2 16 -0.0825695395469666 -1.05283284187317 2.96251106262207
2 17 0.0963904559612274 -0.123945713043213 3.04535531997681
2 18 0.0689477249979973 -0.609697639942169 3.00783753395081
2 19 0.0455717816948891 -0.982044100761414 2.9948558807373
2 20 0.0485589914023876 -1.04571652412415 2.94372940063477
3 1 0.00319255306385458 -0.0390647426247597 3.0543155670166
3 2 -0.00501565355807543 0.0209893621504307 3.1205997467041
3 3 -0.0241894405335188 0.403068989515305 3.15406703948975
3 4 -0.0300005525350571 0.583678364753723 3.1584460735321
3 5 -0.222080811858177 0.287049800157547 3.12920451164246
3 6 -0.520447731018066 0.308852970600128 3.15817356109619
3 7 -0.75814425945282 0.354948550462723 3.11508679389954
3 8 -0.86866682767868 0.383418768644333 3.10293555259705
3 9 0.176363706588745 0.31290528178215 3.16342091560364
3 10 0.397644758224487 0.423764824867249 3.21552681922913
3 11 0.377229899168015 0.711965501308441 3.24436116218567
3 12 0.393260627985001 0.792593121528625 3.26531434059143
3 13 -0.0802827551960945 -0.129994332790375 3.01709985733032
3 14 -0.0738164260983467 -0.630729615688324 3.03076004981995
3 15 -0.0603327192366123 -0.988931000232697 2.99714350700378
3 16 -0.0637408867478371 -1.04945707321167 2.95712089538574
3 17 0.0975436717271805 -0.124511659145355 3.0468442440033
3 18 0.0716673582792282 -0.612465023994446 3.00717806816101
3 19 0.0439624302089214 -0.980769574642181 2.99558091163635
3 20 0.0573592223227024 -1.03893053531647 2.94376516342163
4 1 0.00221231346949935 -0.039951603859663 3.0542778968811
4 2 -0.00553464237600565 0.0201900005340576 3.120929479599
4 3 -0.0231804996728897 0.404026299715042 3.15598392486572
4 4 -0.0283868722617626 0.584554731845856 3.15914511680603
4 5 -0.222616925835609 0.287423640489578 3.13055515289307
4 6 -0.519831299781799 0.309768348932266 3.15867066383362
4 7 -0.757605731487274 0.354850172996521 3.11562252044678
4 8 -0.870923399925232 0.381819605827332 3.10782194137573
4 9 0.175874471664429 0.312102019786835 3.16346049308777
4 10 0.403503239154816 0.427641242742538 3.22037506103516
4 11 0.377080410718918 0.711837232112885 3.24390554428101
4 12 0.363391757011414 0.794782221317291 3.26336097717285
4 13 -0.0818612575531006 -0.130709305405617 3.01719427108765
4 14 -0.0727474614977837 -0.629975855350494 3.03110027313232
4 15 -0.0645795315504074 -0.987472116947174 2.99871110916138
4 16 -0.0682362169027328 -1.05123889446259 2.96007657051086
4 17 0.0962094366550446 -0.125128194689751 3.04607319831848
4 18 0.0707781910896301 -0.614460051059723 3.00868964195251
4 19 0.0428591445088387 -0.982090771198273 2.99567198753357
4 20 0.0517248548567295 -1.04115271568298 2.94811367988586
5 1 0.00158437469508499 -0.0409790277481079 3.05540132522583
5 2 -0.00594246666878462 0.0193770285695791 3.1222882270813
5 3 -0.0224493816494942 0.404873579740524 3.1578586101532
5 4 -0.0285882670432329 0.583714962005615 3.15881657600403
5 5 -0.222886651754379 0.287392020225525 3.13113284111023
5 6 -0.520307242870331 0.310072004795074 3.15936827659607
5 7 -0.763833940029144 0.35553240776062 3.12389349937439
5 8 -0.851232886314392 0.380719065666199 3.1130895614624
5 9 0.174938678741455 0.312294989824295 3.16456317901611
5 10 0.396253794431686 0.421950966119766 3.21588754653931
5 11 0.378036618232727 0.712466180324554 3.24518752098084
5 12 0.403521865606308 0.790712356567383 3.26798367500305
5 13 -0.0828537419438362 -0.13146211206913 3.01848936080933
5 14 -0.0782387778162956 -0.630423069000244 3.03292107582092
5 15 -0.0618333108723164 -0.992221891880035 2.99486327171326
5 16 -0.0149359591305256 -1.04878175258636 2.9333028793335
5 17 0.0952705666422844 -0.126104906201363 3.04674959182739
5 18 0.0722163617610931 -0.6159308552742 3.00895762443542
5 19 0.0384235307574272 -0.98285186290741 2.99329280853271
5 20 0.0579280182719231 -1.04243624210358 2.94080972671509
6 1 0.00106624828185886 -0.0413141585886478 3.05638909339905
6 2 -0.00648319907486439 0.0188269708305597 3.12341475486755
6 3 -0.0224744752049446 0.403855562210083 3.15930676460266
6 4 -0.0291283372789621 0.584056735038757 3.16445207595825
6 5 -0.22388556599617 0.287397027015686 3.13302898406982
6 6 -0.521135866641998 0.310045808553696 3.16093730926514
6 7 -0.759105086326599 0.352783918380737 3.12327671051025
6 8 -0.869175970554352 0.383143991231918 3.11148357391357
6 9 0.174649685621262 0.313473582267761 3.16771602630615
6 10 0.39333376288414 0.419805258512497 3.21794271469116
6 11 0.377882301807404 0.712309062480927 3.24610829353333
6 12 0.404317617416382 0.787188410758972 3.27598667144775
6 13 -0.0835261195898056 -0.131926998496056 3.01940679550171
6 14 -0.0768097937107086 -0.62947952747345 3.03314256668091
6 15 -0.0629253387451172 -0.990374207496643 2.99580121040344
6 16 -0.0742529779672623 -1.05191349983215 2.95821166038513
6 17 0.0950724631547928 -0.126465290784836 3.04817748069763
6 18 0.0703934207558632 -0.615613341331482 3.0093686580658
6 19 0.0389729365706444 -0.982495009899139 2.99437594413757
6 20 0.0571811310946941 -1.04167187213898 2.94548845291138
7 1 0.000317828060360625 -0.042653251439333 3.05792713165283
7 2 -0.00693140923976898 0.017432376742363 3.12495970726013
7 3 -0.0233863852918148 0.402066498994827 3.16018271446228
7 4 -0.0316200330853462 0.583427131175995 3.16674900054932
7 5 -0.224059775471687 0.286813169717789 3.13522267341614
7 6 -0.521768152713776 0.309313237667084 3.16096591949463
7 7 -0.760022103786469 0.350652068853378 3.12693095207214
7 8 -0.846825838088989 0.378052026033401 3.11405110359192
7 9 0.17290073633194 0.312645971775055 3.16712236404419
7 10 0.393361687660217 0.419152647256851 3.21852827072144
7 11 0.378989428281784 0.710603535175323 3.24543833732605
7 12 0.406015604734421 0.786317706108093 3.26969051361084
7 13 -0.0841374024748802 -0.133073523640633 3.02100324630737
7 14 -0.0761012211441994 -0.629191935062408 3.03430485725403
7 15 -0.0621052198112011 -0.989049196243286 2.99667000770569
7 16 -0.0815970301628113 -1.0489809513092 2.96216511726379
7 17 0.093853622674942 -0.127498552203178 3.04953479766846
7 18 0.0696578770875931 -0.615412712097168 3.01080203056335
7 19 0.0402590967714787 -0.98275625705719 2.99491119384766
7 20 0.0573442876338959 -1.04140770435333 2.94614005088806
8 1 0.00174212560523301 -0.0430737882852554 3.05876207351685
8 2 -0.00594011507928371 0.0170263797044754 3.12589192390442
8 3 -0.0233452320098877 0.402210742235184 3.1609251499176
8 4 -0.0294753909111023 0.5843505859375 3.1692852973938
8 5 -0.223161399364471 0.286688983440399 3.13571619987488
8 6 -0.520245790481567 0.310009866952896 3.1618070602417
8 7 -0.758023738861084 0.35504674911499 3.13514184951782
8 8 -0.86827939748764 0.375331401824951 3.12295150756836
8 9 0.174697726964951 0.313805311918259 3.1688711643219
8 10 0.401052445173264 0.426566243171692 3.22059297561646
8 11 0.380395829677582 0.709920585155487 3.24621629714966
8 12 0.405612975358963 0.787034273147583 3.26531386375427
8 13 -0.0822780579328537 -0.133737251162529 3.02161145210266
8 14 -0.0761172100901604 -0.62976211309433 3.03433895111084
8 15 -0.0617515072226524 -0.988597989082336 2.99715113639832
8 16 -0.0851652100682259 -1.05040633678436 2.96905493736267
8 17 0.0957990735769272 -0.127673387527466 3.05043363571167
8 18 0.0710379108786583 -0.615594685077667 3.00992774963379
8 19 0.0421335101127625 -0.981993734836578 2.99721240997314
8 20 0.0552977733314037 -1.04129469394684 2.94401144981384
9 1 0.00210906704887748 -0.0438267439603806 3.05837678909302
9 2 -0.00554964225739241 0.0163760147988796 3.12541961669922
9 3 -0.0229785237461329 0.400654256343842 3.15874052047729
9 4 -0.0227124206721783 0.586426377296448 3.16803765296936
9 5 -0.219890058040619 0.286826550960541 3.13535737991333
9 6 -0.518538951873779 0.312361776828766 3.16330623626709
9 7 -0.759535670280457 0.358094990253448 3.13142585754395
9 8 -0.839019477367401 0.377313226461411 3.12858057022095
9 9 0.176180511713028 0.313585251569748 3.16747331619263
9 10 0.403896272182465 0.424596846103668 3.21471548080444
9 11 0.391267359256744 0.708533644676209 3.24451017379761
9 12 0.416776329278946 0.781359612941742 3.2717273235321
9 13 -0.0817487984895706 -0.134211882948875 3.0217022895813
9 14 -0.074848860502243 -0.629487335681915 3.035236120224
9 15 -0.0615212693810463 -0.990035772323608 2.99567604064941
9 16 -0.0742027536034584 -1.04978442192078 2.95934557914734
9 17 0.0962647646665573 -0.128208309412003 3.04949569702148
9 18 0.0721494406461716 -0.614533841609955 3.00959873199463
9 19 0.0427998267114162 -0.981347441673279 2.99738502502441
9 20 0.0579914823174477 -1.0403368473053 2.94361162185669
10 1 0.00308149820193648 -0.0434886515140533 3.05805802345276
10 2 -0.00435297004878521 0.0167659875005484 3.12490606307983
10 3 -0.0203186310827732 0.400498300790787 3.15681076049805
10 4 -0.018277283757925 0.582956910133362 3.1637978553772
10 5 -0.216419652104378 0.287879407405853 3.134850025177
10 6 -0.517014563083649 0.313171446323395 3.16320133209229
10 7 -0.759110689163208 0.365147769451141 3.12336540222168
10 8 -0.838731169700623 0.384456545114517 3.12150096893311
10 9 0.181048661470413 0.313182950019836 3.16667938232422
10 10 0.410131514072418 0.427009522914886 3.21478867530823
10 11 0.398981600999832 0.706435739994049 3.2424259185791
10 12 0.412212252616882 0.782873094081879 3.26319527626038
10 13 -0.0811425745487213 -0.133608341217041 3.02143597602844
10 14 -0.0714925155043602 -0.628729581832886 3.03473281860352
10 15 -0.0637726336717606 -0.988430380821228 2.99811911582947
10 16 -0.0827404856681824 -1.04886722564697 2.96058034896851
10 17 0.0971072539687157 -0.128477469086647 3.04957461357117
10 18 0.0726581886410713 -0.614711761474609 3.01005578041077
10 19 0.0408611781895161 -0.983377575874329 2.99810528755188
10 20 0.0566999241709709 -1.04266285896301 2.9472758769989
11 1 0.00465975794941187 -0.0419759526848793 3.05780076980591
11 2 -0.00252877757884562 0.0181489326059818 3.12453985214233
11 3 -0.0162124298512936 0.401092559099197 3.15568113327026
11 4 -0.0161827020347118 0.583327174186707 3.16027474403381
11 5 -0.21357536315918 0.290763020515442 3.13461422920227
11 6 -0.518342852592468 0.314172595739365 3.16309523582459
11 7 -0.754154324531555 0.366348117589951 3.12815690040588
11 8 -0.858548998832703 0.390342056751251 3.11663722991943
11 9 0.185468018054962 0.313173562288284 3.16639232635498
11 10 0.411711752414703 0.428364038467407 3.21204924583435
11 11 0.401801258325577 0.711950898170471 3.24391317367554
11 12 0.410248875617981 0.788873970508575 3.26268458366394
11 13 -0.0803316906094551 -0.131970405578613 3.02051281929016
11 14 -0.0734903961420059 -0.628081917762756 3.03462839126587
11 15 -0.0645525008440018 -0.988109588623047 2.99843597412109
11 16 -0.0811593905091286 -1.0477180480957 2.96326518058777
11 17 0.0986363142728806 -0.128026992082596 3.04995656013489
11 18 0.0731660276651382 -0.613506138324738 3.01073122024536
11 19 0.0428104363381863 -0.981802523136139 2.9973361492157
11 20 0.0584966167807579 -1.04089033603668 2.9443154335022
12 1 0.00440590921789408 -0.0415601432323456 3.05650663375854
12 2 -0.00253656622953713 0.0185220390558243 3.12335562705994
12 3 -0.0163691360503435 0.401654630899429 3.15446209907532
12 4 -0.0145528325811028 0.582584798336029 3.16264915466309
12 5 -0.212050095200539 0.292548984289169 3.13454508781433
12 6 -0.518367946147919 0.315411865711212 3.16318535804749
12 7 -0.75386655330658 0.368875414133072 3.12597107887268
12 8 -0.858228147029877 0.393078297376633 3.11275458335876
12 9 0.185882732272148 0.313399434089661 3.16551971435547
12 10 0.413638651371002 0.4278883934021 3.21177864074707
12 11 0.404384255409241 0.711077868938446 3.24221849441528
12 12 0.409869641065598 0.788363575935364 3.26125454902649
12 13 -0.0807923525571823 -0.13099730014801 3.01933336257935
12 14 -0.0738323479890823 -0.629740357398987 3.03491187095642
12 15 -0.0640866756439209 -0.991181254386902 2.99719929695129
12 16 -0.084504559636116 -1.05060255527496 2.96131563186646
12 17 0.0978304371237755 -0.127639621496201 3.04780411720276
12 18 0.0715927481651306 -0.614207148551941 3.01140284538269
12 19 0.0423719808459282 -0.98253321647644 2.99509859085083
12 20 0.0602944493293762 -1.04248857498169 2.94941139221191
13 1 0.00555693637579679 -0.0412129759788513 3.05623459815979
13 2 -0.00121848075650632 0.0189607813954353 3.123046875
13 3 -0.0155431209132075 0.401968955993652 3.15424680709839
13 4 -0.0136817814782262 0.584292888641357 3.16363096237183
13 5 -0.211253494024277 0.29361018538475 3.13550472259521
13 6 -0.517515540122986 0.317000329494476 3.16332316398621
13 7 -0.752974629402161 0.371491372585297 3.12558150291443
13 8 -0.858134031295776 0.394960731267929 3.11321687698364
13 9 0.18629202246666 0.313142687082291 3.1642735004425
13 10 0.414252489805222 0.427140057086945 3.21141242980957
13 11 0.407019793987274 0.709471464157104 3.24334287643433
13 12 0.408901393413544 0.786723852157593 3.26465892791748
13 13 -0.0795309543609619 -0.130673125386238 3.01983094215393
13 14 -0.0715363174676895 -0.629355609416962 3.03375267982483
13 15 -0.0606168992817402 -0.991716861724854 2.99656987190247
13 16 -0.0740061551332474 -1.05040490627289 2.95770621299744
13 17 0.0994201898574829 -0.126785397529602 3.04725360870361
13 18 0.0737623050808907 -0.613931953907013 3.01027679443359
13 19 0.0467353276908398 -0.981569766998291 2.99280500411987
13 20 0.057272270321846 -1.0417857170105 2.94447660446167
14 1 0.00573265971615911 -0.0413330681622028 3.05646467208862
14 2 -0.00104344519786537 0.0189035627990961 3.12317323684692
14 3 -0.0150215122848749 0.402642160654068 3.15434813499451
14 4 -0.0126103572547436 0.58563357591629 3.16362929344177
14 5 -0.21001835167408 0.294682055711746 3.13586473464966
14 6 -0.515276491641998 0.318216443061829 3.16438436508179
14 7 -0.751062214374542 0.371934562921524 3.12697339057922
14 8 -0.856814444065094 0.395822942256927 3.11628460884094
14 9 0.18681588768959 0.313148856163025 3.16446542739868
14 10 0.413727045059204 0.424624532461166 3.2097110748291
14 11 0.408901572227478 0.707587003707886 3.24302387237549
14 12 0.408696055412292 0.785470724105835 3.26346850395203
14 13 -0.0792347267270088 -0.130682855844498 3.02063989639282
14 14 -0.0710803419351578 -0.62815797328949 3.03485321998596
14 15 -0.0606949776411057 -0.9925776720047 2.99672102928162
14 16 -0.079573005437851 -1.05098402500153 2.96039867401123
14 17 0.0990167260169983 -0.126886188983917 3.04722452163696
14 18 0.0742824301123619 -0.61469691991806 3.01108527183533
14 19 0.0459378361701965 -0.980362772941589 2.99680399894714
14 20 0.054853830486536 -1.04179811477661 2.94539332389832
15 1 0.00588265340775251 -0.041314322501421 3.05683755874634
15 2 -0.000752659980207682 0.0188603065907955 3.12345719337463
15 3 -0.0149886012077332 0.401700764894485 3.15406441688538
15 4 -0.0110644903033972 0.584794282913208 3.16891717910767
15 5 -0.209514021873474 0.295573353767395 3.13714122772217
15 6 -0.513870358467102 0.320013344287872 3.16387248039246
15 7 -0.749596536159515 0.373683333396912 3.12482714653015
15 8 -0.856131315231323 0.397394686937332 3.11670899391174
15 9 0.18722003698349 0.313026249408722 3.16436314582825
15 10 0.416197776794434 0.424667447805405 3.21006417274475
15 11 0.409898310899735 0.707494378089905 3.24222016334534
15 12 0.408831119537354 0.78584223985672 3.26232242584229
15 13 -0.0790595337748528 -0.13069012761116 3.02107191085815
15 14 -0.0710009410977364 -0.628338694572449 3.03479552268982
15 15 -0.0619538798928261 -0.989002048969269 2.99786496162415
15 16 -0.0765735357999802 -1.0519495010376 2.95999050140381
15 17 0.0993011146783829 -0.126999691128731 3.04809761047363
15 18 0.07596156001091 -0.611030459403992 3.01154828071594
15 19 0.0466794185340405 -0.98086404800415 2.99735426902771
15 20 0.058945469558239 -1.04055678844452 2.94424271583557
16 1 0.00587486894801259 -0.0411758758127689 3.0570752620697
16 2 -0.00071301800198853 0.0190612841397524 3.12354779243469
16 3 -0.0147500913590193 0.400593131780624 3.1525707244873
16 4 -0.0106159914284945 0.584509968757629 3.16834139823914
16 5 -0.209306076169014 0.295768618583679 3.13737154006958
16 6 -0.511058032512665 0.321685314178467 3.16326427459717
16 7 -0.746750116348267 0.374249875545502 3.12145042419434
16 8 -0.853711664676666 0.397532761096954 3.11287784576416
16 9 0.188171625137329 0.313072890043259 3.16508269309998
16 10 0.414953947067261 0.423422276973724 3.2087869644165
16 11 0.410342335700989 0.707372307777405 3.24086236953735
16 12 0.408375084400177 0.785936653614044 3.26111888885498
16 13 -0.079272672533989 -0.130616709589958 3.02167677879334
16 14 -0.0730330795049667 -0.627016365528107 3.03395056724548
16 15 -0.0618972145020962 -0.99018931388855 2.99837756156921
16 16 -0.0772678852081299 -1.05249285697937 2.96475791931152
16 17 0.0992455258965492 -0.127121672034264 3.04849147796631
16 18 0.0762408003211021 -0.609120786190033 3.01140069961548
16 19 0.0471799410879612 -0.979780972003937 2.99661207199097
16 20 0.0605974942445755 -1.03983664512634 2.94240403175354
17 1 0.00630210991948843 -0.0412873290479183 3.05738687515259
17 2 -0.000289410585537553 0.0188521333038807 3.12378215789795
17 3 -0.0134592037647963 0.399959057569504 3.15298008918762
17 4 -0.0114997727796435 0.584708094596863 3.16896891593933
17 5 -0.208236858248711 0.295856922864914 3.13712954521179
17 6 -0.510453581809998 0.322112649679184 3.16252398490906
17 7 -0.746150135993958 0.373993515968323 3.12012887001038
17 8 -0.853166997432709 0.39999583363533 3.11482381820679
17 9 0.189074441790581 0.312882602214813 3.16548848152161
17 10 0.414664387702942 0.424352288246155 3.2093288898468
17 11 0.41118186712265 0.70635986328125 3.24030232429504
17 12 0.40766841173172 0.785014390945435 3.26134014129639
17 13 -0.0790061578154564 -0.130539000034332 3.02214384078979
17 14 -0.0708558782935143 -0.628146767616272 3.03478980064392
17 15 -0.0636938363313675 -0.990206718444824 3.00075435638428
17 16 -0.0772343501448631 -1.05379998683929 2.9628701210022
17 17 0.0995348393917084 -0.127319917082787 3.0486958026886
17 18 0.0722337067127228 -0.618076324462891 3.01163530349731
17 19 0.0457939319312572 -0.979115962982178 2.99803113937378
17 20 0.0563071370124817 -1.03998255729675 2.94437098503113
18 1 0.00674072047695518 -0.0412012450397015 3.05750679969788
18 2 0.000357253709807992 0.0189854614436626 3.12391781806946
18 3 -0.0101499035954475 0.400691896677017 3.15341591835022
18 4 -0.0102903740480542 0.586006939411163 3.16865968704224
18 5 -0.207609891891479 0.294885814189911 3.13701224327087
18 6 -0.509964883327484 0.322363585233688 3.1631555557251
18 7 -0.745478272438049 0.374569743871689 3.12018656730652
18 8 -0.8531653881073 0.39934116601944 3.11440062522888
18 9 0.190568760037422 0.312965333461761 3.16638827323914
18 10 0.414471685886383 0.423382610082626 3.20876669883728
18 11 0.40983310341835 0.707354187965393 3.24202585220337
18 12 0.408893942832947 0.786061465740204 3.26423263549805
18 13 -0.0788562819361687 -0.130634546279907 3.02222990989685
18 14 -0.0701459124684334 -0.628544211387634 3.03488254547119
18 15 -0.0630228742957115 -0.991721510887146 2.99757075309753
18 16 -0.0811891481280327 -1.05006551742554 2.96241521835327
18 17 0.0998048707842827 -0.127381294965744 3.0487596988678
18 18 0.0730590298771858 -0.610637187957764 3.00930738449097
18 19 0.0470694825053215 -0.979997873306274 2.99542880058289
18 20 0.0561642684042454 -1.04025566577911 2.9448983669281
19 1 0.00868465192615986 -0.0406921096146107 3.05787873268127
19 2 0.00137006887234747 0.0192395877093077 3.12395906448364
19 3 -0.0123813506215811 0.399101197719574 3.15231966972351
19 4 -0.00992053002119064 0.584937155246735 3.1689465045929
19 5 -0.207522422075272 0.294788211584091 3.13740706443787
19 6 -0.510239720344543 0.322093427181244 3.16369462013245
19 7 -0.746075034141541 0.374715268611908 3.12499618530273
19 8 -0.85407680273056 0.400662571191788 3.12244772911072
19 9 0.191493421792984 0.312705188989639 3.1679470539093
19 10 0.41452756524086 0.422336637973785 3.20923447608948
19 11 0.410849452018738 0.705866396427155 3.24147367477417
19 12 0.408989071846008 0.78514176607132 3.26282143592834
19 13 -0.0759224072098732 -0.130571216344833 3.02275419235229
19 14 -0.0712677463889122 -0.628121614456177 3.03446888923645
19 15 -0.0635467022657394 -0.991611301898956 2.99661684036255
19 16 -0.076717421412468 -1.0516163110733 2.96490073204041
19 17 0.102749884128571 -0.126645267009735 3.04960465431213
19 18 0.0756493508815765 -0.605493903160095 3.0099093914032
19 19 0.0457493551075459 -0.980540871620178 2.99474406242371
19 20 0.0549936033785343 -1.0403037071228 2.94542384147644
20 1 0.0105873961001635 -0.0418085679411888 3.05810928344727
20 2 0.00332380132749677 0.01836246997118 3.12430191040039
20 3 -0.01124507188797 0.398894101381302 3.15339922904968
20 4 -0.00967139936983585 0.586278438568115 3.17099475860596
20 5 -0.206966713070869 0.294575273990631 3.13774466514587
20 6 -0.508785247802734 0.321479827165604 3.16360759735107
20 7 -0.745040357112885 0.372277677059174 3.12585973739624
20 8 -0.853749871253967 0.395585089921951 3.11717176437378
20 9 0.190799593925476 0.312314063310623 3.16669201850891
20 10 0.415494561195374 0.420364737510681 3.20948219299316
20 11 0.412662208080292 0.704106628894806 3.2414722442627
20 12 0.408417612314224 0.784066140651703 3.26103448867798
20 13 -0.0735736265778542 -0.131639763712883 3.02312445640564
20 14 -0.0711393356323242 -0.628214955329895 3.03402709960938
20 15 -0.0641352534294128 -0.993162035942078 2.99611067771912
20 16 -0.0751058608293533 -1.0507150888443 2.95961785316467
20 17 0.10420249402523 -0.127162843942642 3.04943132400513
20 18 0.0768005177378654 -0.611622452735901 3.01037120819092
20 19 0.0472943522036076 -0.979457974433899 2.99505710601807
20 20 0.0523842535912991 -1.04101061820984 2.94605445861816
