1 1 -0.0193922109901905 -0.0477102510631084 3.11644864082336
1 2 -0.0185933522880077 0.00899931974709034 3.17745733261108
1 3 -0.0299613084644079 0.363903701305389 3.20265769958496
1 4 -0.0244885198771954 0.56340080499649 3.21584415435791
1 5 -0.207061231136322 0.254231780767441 3.1977014541626
1 6 -0.471628367900848 0.214703008532524 3.18038868904114
1 7 -0.683106303215027 0.288918256759644 3.14059591293335
1 8 -0.755582273006439 0.298781275749207 3.12406277656555
1 9 0.150005593895912 0.285720705986023 3.18617510795593
1 10 0.334357798099518 0.439279794692993 3.1318895816803
1 11 0.32653796672821 0.724356889724731 3.12836122512817
1 12 0.316528588533401 0.797767043113709 3.13994336128235
1 13 -0.0983773395419121 -0.12878155708313 3.09761571884155
1 14 -0.141821056604385 -0.578819870948792 3.00286149978638
1 15 -0.138194277882576 -0.960665702819824 3.03557109832764
1 16 -0.143754109740257 -1.04723346233368 2.96199226379395
1 17 0.06373330950737 -0.123286664485931 3.09639024734497
1 18 0.111830443143845 -0.556806206703186 2.9911322593689
1 19 0.101599827408791 -0.943554162979126 3.00866174697876
1 20 0.111761085689068 -1.04337179660797 2.94333457946777
2 1 -0.0184987615793943 -0.0470794513821602 3.11482191085815
2 2 -0.0177408289164305 0.00942251831293106 3.17575311660767
2 3 -0.0274307169020176 0.363245934247971 3.20119142532349
2 4 -0.0233236700296402 0.564540266990662 3.21552801132202
2 5 -0.206909462809563 0.255396872758865 3.19730353355408
2 6 -0.469869434833527 0.213453352451324 3.17925453186035
2 7 -0.682244420051575 0.282631397247314 3.13073205947876
2 8 -0.751527309417725 0.299208164215088 3.10965824127197
2 9 0.151252299547195 0.284664869308472 3.18635511398315
2 10 0.343366205692291 0.429787427186966 3.12720775604248
2 11 0.332717210054398 0.711964905261993 3.12137150764465
2 12 0.325975626707077 0.785055160522461 3.13283348083496
2 13 -0.0974263623356819 -0.127600505948067 3.0946364402771
2 14 -0.141537517309189 -0.578345119953156 3.00131797790527
2 15 -0.139022812247276 -0.961610496044159 3.03536295890808
2 16 -0.14377361536026 -1.04748618602753 2.9627251625061
2 17 0.0645205676555634 -0.122863069176674 3.09549403190613
2 18 0.111733257770538 -0.556382119655609 2.99031686782837
2 19 0.101411014795303 -0.937565267086029 3.01182460784912
2 20 0.110675454139709 -1.04064357280731 2.94012761116028
3 1 -0.0175824612379074 -0.0467312410473824 3.11388421058655
3 2 -0.0166551768779755 0.00973684899508953 3.17454814910889
3 3 -0.0255383290350437 0.362228274345398 3.19898962974548
3 4 -0.0218279883265495 0.564714550971985 3.21481990814209
3 5 -0.206443265080452 0.256069034337997 3.19729828834534
3 6 -0.469584941864014 0.213275492191315 3.17929887771606
3 7 -0.675531089305878 0.280820608139038 3.13741087913513
3 8 -0.753332495689392 0.301962673664093 3.12131547927856
3 9 0.1528300344944 0.283402532339096 3.18591690063477
3 10 0.345838993787766 0.421568989753723 3.12696051597595
3 11 0.337936043739319 0.708478212356567 3.1214587688446
3 12 0.331485599279404 0.779869735240936 3.13702750205994
3 13 -0.0969168394804001 -0.127573415637016 3.09381628036499
3 14 -0.140998288989067 -0.578153192996979 3.00126910209656
3 15 -0.137668088078499 -0.960832178592682 3.0342059135437
3 16 -0.143414855003357 -1.04720306396484 2.96055603027344
3 17 0.0653200745582581 -0.123168438673019 3.09508490562439
3 18 0.112184837460518 -0.55701619386673 2.99004530906677
3 19 0.101654425263405 -0.942637801170349 3.0108323097229
3 20 0.110365644097328 -1.0416259765625 2.94102096557617
4 1 -0.0177633725106716 -0.0472939237952232 3.11318302154541
4 2 -0.016521854326129 0.00942260306328535 3.17373180389404
4 3 -0.0241531897336245 0.36297819018364 3.19780158996582
4 4 -0.021002784371376 0.564745903015137 3.21520566940308
4 5 -0.205814778804779 0.256669133901596 3.19735312461853
4 6 -0.468995302915573 0.212930858135223 3.18026685714722
4 7 -0.674911558628082 0.278401046991348 3.13679671287537
4 8 -0.768962740898132 0.299162238836288 3.11439228057861
4 9 0.154340296983719 0.278368532657623 3.18387460708618
4 10 0.347270667552948 0.411668241024017 3.11938810348511
4 11 0.345946997404099 0.69860702753067 3.11335587501526
4 12 0.336310505867004 0.770519018173218 3.12218737602234
4 13 -0.0975586697459221 -0.127986773848534 3.09367394447327
4 14 -0.142003834247589 -0.57938539981842 3.00169515609741
4 15 -0.136708438396454 -0.959439516067505 3.03547692298889
4 16 -0.145538970828056 -1.04915642738342 2.96469783782959
4 17 0.0649420991539955 -0.124276377260685 3.09400677680969
4 18 0.111161217093468 -0.558218538761139 2.98989963531494
4 19 0.101858571171761 -0.939419746398926 3.01491117477417
4 20 0.111613631248474 -1.04238247871399 2.94648170471191
5 1 -0.0168296676129103 -0.0470073819160461 3.11284136772156
5 2 -0.0156098809093237 0.00983744207769632 3.17326545715332
5 3 -0.0211986508220434 0.365241825580597 3.1978235244751
5 4 -0.0112910820171237 0.564511835575104 3.22259855270386
5 5 -0.204233035445213 0.257334649562836 3.19641160964966
5 6 -0.468197971582413 0.213122844696045 3.17727279663086
5 7 -0.680129528045654 0.280353903770447 3.12197041511536
5 8 -0.750426650047302 0.274479627609253 3.10304975509644
5 9 0.156327843666077 0.276619404554367 3.18395757675171
5 10 0.349471777677536 0.402939558029175 3.11967301368713
5 11 0.361990034580231 0.633161723613739 3.10814929008484
5 12 0.372958213090897 0.73011577129364 3.12375617027283
5 13 -0.0968617796897888 -0.127269566059113 3.09262800216675
5 14 -0.143393695354462 -0.578935265541077 3.00128483772278
5 15 -0.137994363903999 -0.956934034824371 3.02743053436279
5 16 -0.145542621612549 -1.04827833175659 2.96047568321228
5 17 0.0662053674459457 -0.124547511339188 3.09469056129456
5 18 0.110247299075127 -0.561384975910187 2.99221658706665
5 19 0.101385585963726 -0.940773367881775 3.01519417762756
5 20 0.111637875437737 -1.04339408874512 2.94716286659241
6 1 -0.0152184655889869 -0.0461424849927425 3.11191082000732
6 2 -0.0141413034871221 0.0110910944640636 3.17215299606323
6 3 -0.0205139368772507 0.367046892642975 3.19561958312988
6 4 -0.00962995551526546 0.564728736877441 3.22388958930969
6 5 -0.202847242355347 0.257462382316589 3.19309735298157
6 6 -0.467622578144073 0.214474886655807 3.17076325416565
6 7 -0.680597007274628 0.281464815139771 3.12022614479065
6 8 -0.764032483100891 0.293492436408997 3.08331632614136
6 9 0.158117830753326 0.276430755853653 3.18174195289612
6 10 0.353514909744263 0.391562104225159 3.11190152168274
6 11 0.360908776521683 0.68490743637085 3.11509919166565
6 12 0.381418019533157 0.754471123218536 3.12777018547058
6 13 -0.0957212150096893 -0.1261997371912 3.09115028381348
6 14 -0.14446622133255 -0.578692615032196 3.00114727020264
6 15 -0.137819290161133 -0.957598745822906 3.0295045375824
6 16 -0.145013451576233 -1.04738759994507 2.9565417766571
6 17 0.0680805146694183 -0.124264270067215 3.09485507011414
6 18 0.109946668148041 -0.563086688518524 2.99143123626709
6 19 0.101464912295341 -0.941635608673096 3.01740574836731
6 20 0.111138060688972 -1.04345691204071 2.9482159614563
7 1 -0.0143097443506122 -0.0457971654832363 3.10964798927307
7 2 -0.0134938908740878 0.0115668065845966 3.16990923881531
7 3 -0.0211613327264786 0.367695659399033 3.19320726394653
7 4 -0.00809248350560665 0.562539517879486 3.22295141220093
7 5 -0.200898885726929 0.257529526948929 3.18935108184814
7 6 -0.467094272375107 0.215745568275452 3.16861939430237
7 7 -0.679501295089722 0.282507389783859 3.11597847938538
7 8 -0.765618860721588 0.294045805931091 3.08271050453186
7 9 0.159264072775841 0.276941299438477 3.17875528335571
7 10 0.35488623380661 0.392125427722931 3.10723805427551
7 11 0.359664261341095 0.684911012649536 3.11268162727356
7 12 0.380933880805969 0.754131674766541 3.12184882164001
7 13 -0.0945780128240585 -0.125512719154358 3.08827066421509
7 14 -0.144503593444824 -0.578632295131683 3.00017929077148
7 15 -0.137008875608444 -0.9603271484375 3.02746057510376
7 16 -0.144857794046402 -1.0479998588562 2.95633888244629
7 17 0.0689407289028168 -0.124019451439381 3.09327840805054
7 18 0.110175460577011 -0.563491404056549 2.99091291427612
7 19 0.100987166166306 -0.944657564163208 3.01858234405518
7 20 0.111555702984333 -1.04374074935913 2.94875931739807
8 1 -0.0149916745722294 -0.0459805466234684 3.10549712181091
8 2 -0.0140271726995707 0.0113402362912893 3.16564249992371
8 3 -0.0220890957862139 0.366043597459793 3.18818426132202
8 4 -0.0106092188507318 0.565620183944702 3.22455143928528
8 5 -0.200366050004959 0.258204817771912 3.18614506721497
8 6 -0.468029081821442 0.217029973864555 3.16575908660889
8 7 -0.678109884262085 0.282160997390747 3.11354446411133
8 8 -0.769461452960968 0.295853585004807 3.07838869094849
8 9 0.158286243677139 0.275640964508057 3.17410469055176
8 10 0.354671388864517 0.390995472669601 3.10240411758423
8 11 0.358969867229462 0.683593511581421 3.10397243499756
8 12 0.378926634788513 0.753146767616272 3.11401033401489
8 13 -0.0950772911310196 -0.125284060835838 3.08480763435364
8 14 -0.144684851169586 -0.578653991222382 2.99927878379822
8 15 -0.138161689043045 -0.962733626365662 3.02386569976807
8 16 -0.144411355257034 -1.04768657684326 2.95463228225708
8 17 0.0679745748639107 -0.124053537845612 3.08891177177429
8 18 0.109653741121292 -0.563660264015198 2.98932862281799
8 19 0.101510070264339 -0.940298199653625 3.02023839950562
8 20 0.112622708082199 -1.04508173465729 2.94956064224243
9 1 -0.0152084985747933 -0.0461136475205421 3.10249376296997
9 2 -0.0142201157286763 0.0111484387889504 3.16268301010132
9 3 -0.0221640877425671 0.365861386060715 3.18563008308411
9 4 -0.0121910814195871 0.5649453997612 3.21715641021729
9 5 -0.201204538345337 0.258125692605972 3.18128252029419
9 6 -0.468419790267944 0.216117829084396 3.16313099861145
9 7 -0.678530693054199 0.280847787857056 3.10750365257263
9 8 -0.769859731197357 0.296630650758743 3.07191586494446
9 9 0.157878652215004 0.275320082902908 3.16990542411804
9 10 0.352335512638092 0.389858216047287 3.0973105430603
9 11 0.355838239192963 0.682417988777161 3.08930826187134
9 12 0.375378370285034 0.760423421859741 3.10854744911194
9 13 -0.0955696478486061 -0.125285282731056 3.0816216468811
9 14 -0.144985243678093 -0.577908456325531 2.99750709533691
9 15 -0.139206305146217 -0.962797582149506 3.02903270721436
9 16 -0.145440682768822 -1.04839396476746 2.95729923248291
9 17 0.0678657367825508 -0.123980641365051 3.0851743221283
9 18 0.110583364963531 -0.563747763633728 2.98792791366577
9 19 0.102107875049114 -0.939138352870941 3.02023863792419
9 20 0.111644215881824 -1.04474008083344 2.95179557800293
10 1 -0.0153883434832096 -0.0455341748893261 3.09977507591248
10 2 -0.0146199818700552 0.0117736281827092 3.15966486930847
10 3 -0.0217189770191908 0.365284711122513 3.18058657646179
10 4 -0.0148678263649344 0.563367307186127 3.20871829986572
10 5 -0.20147992670536 0.258255988359451 3.17712116241455
10 6 -0.471155792474747 0.215854197740555 3.1583034992218
10 7 -0.673230826854706 0.275567799806595 3.0964822769165
10 8 -0.766037404537201 0.295798867940903 3.06551742553711
10 9 0.157788753509521 0.275621294975281 3.16704511642456
10 10 0.351953417062759 0.391056269407272 3.08973121643066
10 11 0.351407706737518 0.680543184280396 3.07780718803406
10 12 0.371926754713058 0.758283197879791 3.0972728729248
10 13 -0.095565177500248 -0.124998033046722 3.08024215698242
10 14 -0.14504100382328 -0.577519476413727 2.99758958816528
10 15 -0.137594357132912 -0.96006578207016 3.0321729183197
10 16 -0.146085530519485 -1.0482280254364 2.95680546760559
10 17 0.0673956722021103 -0.123517967760563 3.08197402954102
10 18 0.110880568623543 -0.563077926635742 2.98572754859924
10 19 0.10159857571125 -0.943036079406738 3.01778936386108
10 20 0.111097030341625 -1.04500114917755 2.95032119750977
11 1 -0.0156965721398592 -0.0451625771820545 3.09823608398438
11 2 -0.0152343008667231 0.0121298711746931 3.15800523757935
11 3 -0.0237392727285624 0.36527544260025 3.17834949493408
11 4 -0.0157998502254486 0.563675403594971 3.2033371925354
11 5 -0.20180007815361 0.258598893880844 3.17388153076172
11 6 -0.468590497970581 0.215059474110603 3.15660500526428
11 7 -0.741164803504944 0.278638929128647 3.07026553153992
11 8 -0.81121301651001 0.296359032392502 3.05473804473877
11 9 0.157726123929024 0.275899946689606 3.16557574272156
11 10 0.351586550474167 0.389894992113113 3.08499884605408
11 11 0.351915031671524 0.681419014930725 3.07466340065002
11 12 0.371090888977051 0.757428705692291 3.09279227256775
11 13 -0.0958780124783516 -0.124760538339615 3.07860445976257
11 14 -0.147218599915504 -0.577024698257446 2.99699950218201
11 15 -0.139325350522995 -0.962134838104248 3.03199315071106
11 16 -0.144119963049889 -1.04692697525024 2.95724725723267
11 17 0.0670583918690681 -0.12314610183239 3.08062767982483
11 18 0.1099963337183 -0.562890231609344 2.98364806175232
11 19 0.101402208209038 -0.939731955528259 3.01780033111572
11 20 0.11334091424942 -1.04460918903351 2.95336937904358
12 1 -0.0158136766403914 -0.0450385510921478 3.09723544120789
12 2 -0.0150441657751799 0.0122390780597925 3.15708136558533
12 3 -0.0209401547908783 0.366471022367477 3.17866253852844
12 4 -0.0150903603062034 0.565927743911743 3.20174908638
12 5 -0.20230507850647 0.258705109357834 3.17315745353699
12 6 -0.467636048793793 0.215088576078415 3.15642237663269
12 7 -0.680062413215637 0.270248293876648 3.09075498580933
12 8 -0.774766087532043 0.287583589553833 3.06296348571777
12 9 0.157429233193398 0.275527864694595 3.16457915306091
12 10 0.351835131645203 0.390486240386963 3.086580991745
12 11 0.353811651468277 0.680505454540253 3.0752215385437
12 12 0.371346920728683 0.755985617637634 3.09430837631226
12 13 -0.0962482243776321 -0.124698854982853 3.0778374671936
12 14 -0.147792458534241 -0.576229333877563 2.99485039710999
12 15 -0.139356181025505 -0.962892591953278 3.02903580665588
12 16 -0.143919199705124 -1.04707872867584 2.96024751663208
12 17 0.0666433498263359 -0.122908242046833 3.07953000068665
12 18 0.109118804335594 -0.562118649482727 2.98232698440552
12 19 0.101403310894966 -0.942268371582031 3.01675605773926
12 20 0.113419108092785 -1.04424571990967 2.94972324371338
13 1 -0.0156193114817142 -0.0451116226613522 3.09713077545166
13 2 -0.0144550027325749 0.0120468577370048 3.15695548057556
13 3 -0.0203800275921822 0.366566866636276 3.1795654296875
13 4 -0.0119311893358827 0.570112943649292 3.20739412307739
13 5 -0.20221871137619 0.259098947048187 3.17541098594666
13 6 -0.466479450464249 0.214823827147484 3.15687990188599
13 7 -0.734530508518219 0.273701608181 3.08362984657288
13 8 -0.800493359565735 0.292855083942413 3.05711507797241
13 9 0.157569214701653 0.274674534797668 3.16401433944702
13 10 0.353032767772675 0.386724174022675 3.08608818054199
13 11 0.355262756347656 0.678469181060791 3.07871866226196
13 12 0.371924489736557 0.748972058296204 3.0918607711792
13 13 -0.0960673168301582 -0.124789759516716 3.07776927947998
13 14 -0.146987333893776 -0.57716691493988 2.99626183509827
13 15 -0.139629900455475 -0.956540584564209 3.02877426147461
13 16 -0.145278319716454 -1.04733288288116 2.958664894104
13 17 0.0667801201343536 -0.122912533581257 3.07953524589539
13 18 0.109609104692936 -0.562881410121918 2.98233485221863
13 19 0.101313814520836 -0.943241119384766 3.01801490783691
13 20 0.112804561853409 -1.04458904266357 2.94996118545532
14 1 -0.0150492815300822 -0.0456612706184387 3.09811210632324
14 2 -0.0138072744011879 0.0116125280037522 3.15801024436951
14 3 -0.019775178283453 0.367124944925308 3.18160629272461
14 4 -0.0114344228059053 0.570489585399628 3.21125173568726
14 5 -0.20018994808197 0.258429169654846 3.1764862537384
14 6 -0.464921683073044 0.214153960347176 3.15933871269226
14 7 -0.672832131385803 0.256840586662292 3.10374855995178
14 8 -0.764179170131683 0.281333923339844 3.07397556304932
14 9 0.159256592392921 0.274516701698303 3.16482400894165
14 10 0.356294095516205 0.386536061763763 3.08534026145935
14 11 0.3534796833992 0.678014755249023 3.08012318611145
14 12 0.372894495725632 0.760751783847809 3.09663844108582
14 13 -0.0954135283827782 -0.125333100557327 3.07866525650024
14 14 -0.144420608878136 -0.578340291976929 2.99959945678711
14 15 -0.139748856425285 -0.958512127399445 3.02759075164795
14 16 -0.145121514797211 -1.04662930965424 2.95718860626221
14 17 0.06732277572155 -0.123512856662273 3.08069944381714
14 18 0.110244169831276 -0.563617944717407 2.98332047462463
14 19 0.102082915604115 -0.942323863506317 3.01675248146057
14 20 0.11550435423851 -1.04907512664795 2.95382404327393
15 1 -0.0140559151768684 -0.0455601327121258 3.10037398338318
15 2 -0.0128449779003859 0.0118363006040454 3.16019296646118
15 3 -0.019052067771554 0.367506831884384 3.18334078788757
15 4 -0.00981211848556995 0.570634126663208 3.21433782577515
15 5 -0.198940113186836 0.257750660181046 3.1785044670105
15 6 -0.464101552963257 0.213741928339005 3.16025733947754
15 7 -0.671355724334717 0.25862529873848 3.10873174667358
15 8 -0.763368427753448 0.280599355697632 3.07801914215088
15 9 0.162209436297417 0.273472845554352 3.16664004325867
15 10 0.358245611190796 0.390141785144806 3.08379149436951
15 11 0.354686677455902 0.681534886360168 3.07554316520691
15 12 0.374657332897186 0.751258313655853 3.08755159378052
15 13 -0.0945354029536247 -0.12544758617878 3.08093285560608
15 14 -0.142443105578423 -0.579313516616821 3.0015926361084
15 15 -0.139514893293381 -0.960155069828033 3.02827525138855
15 16 -0.145078986883163 -1.04729533195496 2.95799207687378
15 17 0.0684856176376343 -0.12372600287199 3.08300089836121
15 18 0.111153468489647 -0.563488781452179 2.98421025276184
15 19 0.101277016103268 -0.942783117294312 3.01613020896912
15 20 0.115166321396828 -1.04754936695099 2.95348572731018
16 1 -0.0137134911492467 -0.0451790876686573 3.1025984287262
16 2 -0.012076354585588 0.0122310761362314 3.16225290298462
16 3 -0.0183224026113749 0.367230415344238 3.18472051620483
16 4 -0.0109058888629079 0.568174779415131 3.21407198905945
16 5 -0.199214816093445 0.256728917360306 3.18186402320862
16 6 -0.465372294187546 0.213136628270149 3.1619246006012
16 7 -0.672187030315399 0.25869157910347 3.10749650001526
16 8 -0.764233708381653 0.280110031366348 3.07625269889832
16 9 0.162760823965073 0.274426758289337 3.16770052909851
16 10 0.359921485185623 0.390829980373383 3.08558344841003
16 11 0.356123417615891 0.682156682014465 3.07837605476379
16 12 0.375267207622528 0.752584218978882 3.08765435218811
16 13 -0.0944189876317978 -0.125603973865509 3.08447813987732
16 14 -0.141656324267387 -0.579745948314667 3.00291395187378
16 15 -0.139166384935379 -0.959746062755585 3.03138256072998
16 16 -0.145157411694527 -1.04631876945496 2.96060538291931
16 17 0.0689349919557571 -0.12344466149807 3.08447790145874
16 18 0.112152807414532 -0.562636613845825 2.98552322387695
16 19 0.101877808570862 -0.941598176956177 3.01698422431946
16 20 0.112240061163902 -1.04497814178467 2.95110177993774
17 1 -0.0132643207907677 -0.0449319593608379 3.10385322570801
17 2 -0.0117318145930767 0.0123801771551371 3.16343379020691
17 3 -0.0190684497356415 0.366803020238876 3.18567705154419
17 4 -0.0112568894401193 0.568103730678558 3.21542549133301
17 5 -0.198503106832504 0.255670726299286 3.18418383598328
17 6 -0.465460866689682 0.212332189083099 3.1636323928833
17 7 -0.672757506370544 0.253926277160645 3.10909008979797
17 8 -0.738592147827148 0.276313483715057 3.08642792701721
17 9 0.163213819265366 0.275418728590012 3.16998052597046
17 10 0.360071331262589 0.391018390655518 3.085200548172
17 11 0.353224396705627 0.68229079246521 3.07509875297546
17 12 0.374243706464767 0.757450580596924 3.08699178695679
17 13 -0.0937744081020355 -0.125590935349464 3.08565521240234
17 14 -0.140941873192787 -0.580346167087555 3.00356578826904
17 15 -0.137579187750816 -0.956585168838501 3.03395080566406
17 16 -0.144946664571762 -1.04814314842224 2.9594624042511
17 17 0.0697390884160995 -0.123084895312786 3.08606839179993
17 18 0.113414868712425 -0.563418745994568 2.98647379875183
17 19 0.10228157043457 -0.941969275474548 3.01835465431213
17 20 0.113816000521183 -1.04607975482941 2.95189261436462
18 1 -0.0130761936306953 -0.0446996949613094 3.1048595905304
18 2 -0.011610634624958 0.0124860461801291 3.16437673568726
18 3 -0.0185027308762074 0.366882115602493 3.18641757965088
18 4 -0.0112486192956567 0.569161176681519 3.21617674827576
18 5 -0.199248775839806 0.25557142496109 3.18552851676941
18 6 -0.467524468898773 0.212524563074112 3.16442728042603
18 7 -0.675689458847046 0.250206649303436 3.11042642593384
18 8 -0.768110334873199 0.266910016536713 3.08028888702393
18 9 0.163532137870789 0.274101108312607 3.17093372344971
18 10 0.36028379201889 0.391635745763779 3.08601903915405
18 11 0.355996906757355 0.682924151420593 3.07905125617981
18 12 0.37423375248909 0.753013908863068 3.08740973472595
18 13 -0.0938323736190796 -0.125580966472626 3.08655500411987
18 14 -0.140464752912521 -0.5796879529953 3.00312781333923
18 15 -0.137598171830177 -0.953313171863556 3.0322105884552
18 16 -0.144312098622322 -1.04755485057831 2.95957183837891
18 17 0.0702118054032326 -0.123135648667812 3.08706617355347
18 18 0.113712497055531 -0.563290119171143 2.98693490028381
18 19 0.101683467626572 -0.944604873657227 3.01985812187195
18 20 0.113668240606785 -1.04604434967041 2.95257687568665
19 1 -0.0129791274666786 -0.0447974056005478 3.10516881942749
19 2 -0.0117238061502576 0.0122254127636552 3.1648313999176
19 3 -0.0184068474918604 0.366291910409927 3.18809866905212
19 4 -0.00986283458769321 0.569172620773315 3.21463465690613
19 5 -0.198429614305496 0.255689889192581 3.18526268005371
19 6 -0.46824848651886 0.212773203849792 3.16415596008301
19 7 -0.677271604537964 0.247994363307953 3.11213064193726
19 8 -0.753915905952454 0.271315217018127 3.08547616004944
19 9 0.164478659629822 0.274314552545547 3.1726086139679
19 10 0.361831843852997 0.393771469593048 3.0856020450592
19 11 0.355356156826019 0.685109436511993 3.07773613929749
19 12 0.37593486905098 0.754115760326386 3.0875084400177
19 13 -0.0936156064271927 -0.125513851642609 3.08656883239746
19 14 -0.140334039926529 -0.580401837825775 3.0030472278595
19 15 -0.139160960912704 -0.962952077388763 3.03218793869019
19 16 -0.145385921001434 -1.04920279979706 2.96165704727173
19 17 0.0702475234866142 -0.123336419463158 3.08727717399597
19 18 0.113617427647114 -0.562935829162598 2.9868860244751
19 19 0.101611062884331 -0.944570362567902 3.01680445671082
19 20 0.111804135143757 -1.04685127735138 2.94851970672607
20 1 -0.0128865409642458 -0.0444805026054382 3.1053614616394
20 2 -0.0114593282341957 0.012560099363327 3.1651029586792
20 3 -0.0182625073939562 0.366917908191681 3.18851518630981
20 4 -0.00923226587474346 0.570583701133728 3.21512508392334
20 5 -0.198987200856209 0.256484806537628 3.18634247779846
20 6 -0.468078881502151 0.217626303434372 3.16554689407349
20 7 -0.677618205547333 0.247979506850243 3.11170506477356
20 8 -0.767043709754944 0.273380786180496 3.07986903190613
20 9 0.164275944232941 0.274846106767654 3.17254209518433
20 10 0.361847907304764 0.392737954854965 3.08663058280945
20 11 0.357578635215759 0.684203505516052 3.0804615020752
20 12 0.379151999950409 0.753189265727997 3.08757376670837
20 13 -0.0934436544775963 -0.125104323029518 3.08629989624023
20 14 -0.140682086348534 -0.581733584403992 3.00423431396484
20 15 -0.138906434178352 -0.960493862628937 3.03041052818298
20 16 -0.144935920834541 -1.04879200458527 2.9603328704834
20 17 0.0703651160001755 -0.123078651726246 3.08755469322205
20 18 0.113421767950058 -0.562442302703857 2.98711729049683
20 19 0.101981088519096 -0.942744433879852 3.01815247535706
20 20 0.112368121743202 -1.04441249370575 2.951504945755
