1 1 -0.0050196317024529 -0.0788599625229836 3.05986714363098
1 2 -0.00731289153918624 -0.0280658062547445 3.11842441558838
1 3 -0.0170071497559547 0.301885843276978 3.15036964416504
1 4 -0.017226854339242 0.495434790849686 3.15158867835999
1 5 -0.211294293403625 0.229436188936234 3.16011476516724
1 6 -0.461924046278 0.290539622306824 3.15274429321289
1 7 -0.660669326782227 0.32033583521843 3.10777139663696
1 8 -0.754900097846985 0.330785602331162 3.06778812408447
1 9 0.188542723655701 0.226198598742485 3.15966486930847
1 10 0.378369033336639 0.363380908966064 3.14410495758057
1 11 0.314468681812286 0.556170463562012 3.14374256134033
1 12 0.286648899316788 0.646132946014404 3.18521666526794
1 13 -0.0918496772646904 -0.166077494621277 3.02957701683044
1 14 -0.100424222648144 -0.668687999248505 3.03020691871643
1 15 -0.102756775915623 -1.001021027565 2.98410534858704
1 16 -0.12506465613842 -1.05424869060516 2.91784596443176
1 17 0.0883860662579536 -0.16517661511898 3.04297971725464
1 18 0.069410502910614 -0.656668782234192 3.00423073768616
1 19 0.0604110956192017 -0.989837467670441 2.97024941444397
1 20 0.0738938525319099 -1.03860330581665 2.89653062820435
2 1 -0.00384476827457547 -0.0794555768370628 3.06159400939941
2 2 -0.00678572990000248 -0.0286907348781824 3.12034177780151
2 3 -0.0178218428045511 0.301402658224106 3.15326142311096
2 4 -0.017005542293191 0.496656388044357 3.15793561935425
2 5 -0.210231468081474 0.22941567003727 3.16022634506226
2 6 -0.452521920204163 0.282229125499725 3.1529107093811
2 7 -0.649756193161011 0.322261869907379 3.10767865180969
2 8 -0.743368923664093 0.331821531057358 3.06781911849976
2 9 0.188939765095711 0.225925400853157 3.16326475143433
2 10 0.377551347017288 0.364525318145752 3.14453315734863
2 11 0.313364386558533 0.557660758495331 3.14413380622864
2 12 0.285806059837341 0.647650301456451 3.18370842933655
2 13 -0.0905136987566948 -0.166233524680138 3.0303750038147
2 14 -0.09990244358778 -0.668809950351715 3.03040528297424
2 15 -0.103280499577522 -1.00245237350464 2.98424458503723
2 16 -0.120687454938889 -1.05435371398926 2.92010021209717
2 17 0.0896714925765991 -0.166492834687233 3.04632568359375
2 18 0.0709139332175255 -0.658264636993408 3.00762033462524
2 19 0.0640670657157898 -0.991874575614929 2.97092723846436
2 20 0.0752851441502571 -1.0404417514801 2.8953869342804
3 1 -0.00406816508620977 -0.0791936814785004 3.06272029876709
3 2 -0.0072154151275754 -0.0285026356577873 3.12155985832214
3 3 -0.0183713566511869 0.301719188690186 3.15442085266113
3 4 -0.0183170568197966 0.498843848705292 3.16114711761475
3 5 -0.210280239582062 0.230686575174332 3.16050314903259
3 6 -0.453188240528107 0.292553633451462 3.1543231010437
3 7 -0.651828765869141 0.325230985879898 3.10616993904114
3 8 -0.747364640235901 0.336418867111206 3.07351183891296
3 9 0.189111426472664 0.225721150636673 3.16509413719177
3 10 0.378806501626968 0.36434218287468 3.14496803283691
3 11 0.313274770975113 0.55767834186554 3.14132213592529
3 12 0.286456823348999 0.646647095680237 3.18236088752747
3 13 -0.0909189283847809 -0.165925741195679 3.03094553947449
3 14 -0.100080952048302 -0.667821168899536 3.03147840499878
3 15 -0.102132186293602 -1.00099968910217 2.98385262489319
3 16 -0.118834875524044 -1.05256986618042 2.92480492591858
3 17 0.089577428996563 -0.166537016630173 3.04747223854065
3 18 0.0702068358659744 -0.65829735994339 3.00897145271301
3 19 0.0616824775934219 -0.99339348077774 2.97275257110596
3 20 0.0727974772453308 -1.04100966453552 2.90350842475891
4 1 -0.00497641693800688 -0.0794987455010414 3.06382179260254
4 2 -0.00829865876585245 -0.0287723168730736 3.12261390686035
4 3 -0.0203399155288935 0.301253944635391 3.15478277206421
4 4 -0.0199110209941864 0.497328162193298 3.16048121452332
4 5 -0.210369095206261 0.231072872877121 3.16041350364685
4 6 -0.46217080950737 0.295231878757477 3.15037870407104
4 7 -0.656208992004395 0.329795449972153 3.08261752128601
4 8 -0.753340005874634 0.339989393949509 3.05635738372803
4 9 0.189327254891396 0.225033208727837 3.16562509536743
4 10 0.377716243267059 0.363669663667679 3.14389157295227
4 11 0.314493358135223 0.557954609394073 3.14078402519226
4 12 0.287853747606277 0.645908296108246 3.18300294876099
4 13 -0.0916794613003731 -0.165989920496941 3.03204774856567
4 14 -0.100273832678795 -0.667744576931 3.03179144859314
4 15 -0.102679185569286 -0.998479902744293 2.98644995689392
4 16 -0.121402442455292 -1.05245077610016 2.92393565177917
4 17 0.088924415409565 -0.16707181930542 3.0493323802948
4 18 0.0701860412955284 -0.657010078430176 3.00975489616394
4 19 0.0596280470490456 -0.99384331703186 2.96956753730774
4 20 0.0781144425272942 -1.03694140911102 2.90030884742737
5 1 -0.0061783972196281 -0.0791032984852791 3.06484007835388
5 2 -0.00919314194470644 -0.0282475221902132 3.12364983558655
5 3 -0.0212933551520109 0.301589757204056 3.15452432632446
5 4 -0.0207592807710171 0.496126234531403 3.15856766700745
5 5 -0.212184995412827 0.231472417712212 3.16165828704834
5 6 -0.469154745340347 0.297315746545792 3.14858388900757
5 7 -0.659385859966278 0.33268877863884 3.06656336784363
5 8 -0.757012009620667 0.343911468982697 3.04391026496887
5 9 0.189198866486549 0.225339293479919 3.16557312011719
5 10 0.376874804496765 0.366043478250504 3.14392495155334
5 11 0.31256628036499 0.560799717903137 3.14241886138916
5 12 0.28577134013176 0.650040149688721 3.18099546432495
5 13 -0.0931804925203323 -0.16595296561718 3.03311443328857
5 14 -0.10054499655962 -0.667412877082825 3.03143739700317
5 15 -0.102616257965565 -1.00111532211304 2.98532700538635
5 16 -0.11949248611927 -1.05277299880981 2.9260516166687
5 17 0.0871367678046227 -0.167361944913864 3.0496232509613
5 18 0.0688027739524841 -0.658309280872345 3.0101318359375
5 19 0.0594284869730473 -0.993890821933746 2.97030901908875
5 20 0.0768283680081367 -1.04186296463013 2.89219617843628
6 1 -0.00732302293181419 -0.0790449902415276 3.06520843505859
6 2 -0.0102247968316078 -0.0281586796045303 3.12403059005737
6 3 -0.0211432222276926 0.301490783691406 3.15433740615845
6 4 -0.0193626396358013 0.496024906635284 3.15748620033264
6 5 -0.212664514780045 0.231599077582359 3.16256093978882
6 6 -0.470429986715317 0.300985276699066 3.14850497245789
6 7 -0.665218830108643 0.331212550401688 3.07667541503906
6 8 -0.760992348194122 0.342074513435364 3.04790353775024
6 9 0.189609229564667 0.225170478224754 3.16594862937927
6 10 0.377208054065704 0.364683091640472 3.14277720451355
6 11 0.310446918010712 0.559033513069153 3.13889122009277
6 12 0.285039275884628 0.64750474691391 3.1794581413269
6 13 -0.0945601165294647 -0.165902882814407 3.03364610671997
6 14 -0.101348057389259 -0.668746769428253 3.03199911117554
6 15 -0.103957146406174 -0.999966144561768 2.98628401756287
6 16 -0.118606001138687 -1.05400037765503 2.92371964454651
6 17 0.0861749723553658 -0.167546078562737 3.04993224143982
6 18 0.067621722817421 -0.659351408481598 3.01018691062927
6 19 0.061079416424036 -0.993858814239502 2.97002077102661
6 20 0.0768413692712784 -1.04411697387695 2.89264702796936
7 1 -0.00790093746036291 -0.0791974440217018 3.06513690948486
7 2 -0.0105567071586847 -0.0281496923416853 3.12397956848145
7 3 -0.0209754500538111 0.301088839769363 3.15337204933167
7 4 -0.0195824783295393 0.495747804641724 3.15638375282288
7 5 -0.212262511253357 0.23175148665905 3.16268682479858
7 6 -0.44398358464241 0.295147150754929 3.15118861198425
7 7 -0.63990843296051 0.332036852836609 3.08769297599792
7 8 -0.7411829829216 0.345959275960922 3.05348348617554
7 9 0.189505890011787 0.224715679883957 3.1649968624115
7 10 0.376479983329773 0.364582717418671 3.139817237854
7 11 0.30967390537262 0.558841466903687 3.13616847991943
7 12 0.285103172063828 0.647855639457703 3.17534995079041
7 13 -0.0953034907579422 -0.165723875164986 3.0338237285614
7 14 -0.101803593337536 -0.668668806552887 3.03235292434692
7 15 -0.103878773748875 -1.00015735626221 2.98503661155701
7 16 -0.125190287828445 -1.0551655292511 2.92106437683105
7 17 0.085280105471611 -0.167817264795303 3.04984974861145
7 18 0.0664056912064552 -0.655747056007385 3.00986623764038
7 19 0.0639598220586777 -0.987686276435852 2.97450399398804
7 20 0.0707175806164742 -1.03813457489014 2.90605354309082
8 1 -0.00823401939123869 -0.0789463892579079 3.06497764587402
8 2 -0.0107836537063122 -0.0277708433568478 3.12365508079529
8 3 -0.0211249925196171 0.301227658987045 3.1511287689209
8 4 -0.0180677529424429 0.494702994823456 3.15464854240417
8 5 -0.212658911943436 0.232030287384987 3.16250276565552
8 6 -0.444914907217026 0.301181018352509 3.15041899681091
8 7 -0.639993488788605 0.335609138011932 3.08324289321899
8 8 -0.734665334224701 0.347989797592163 3.05343723297119
8 9 0.189320027828217 0.22478549182415 3.16457915306091
8 10 0.374890148639679 0.362498790025711 3.13673686981201
8 11 0.311252415180206 0.557264089584351 3.13736939430237
8 12 0.28637883067131 0.645490527153015 3.17739200592041
8 13 -0.0956568568944931 -0.165546730160713 3.03388547897339
8 14 -0.101526066660881 -0.669996500015259 3.03288006782532
8 15 -0.103667169809341 -0.999431252479553 2.98584938049316
8 16 -0.123522415757179 -1.05331873893738 2.91663479804993
8 17 0.0848860591650009 -0.167823120951653 3.04983687400818
8 18 0.0663234740495682 -0.657046139240265 3.00985932350159
8 19 0.0692789927124977 -0.994712471961975 2.96555542945862
8 20 0.0755697935819626 -1.04073584079742 2.89563941955566
9 1 -0.00784741528332233 -0.079020731151104 3.06481766700745
9 2 -0.0103239733725786 -0.0278115570545197 3.12349057197571
9 3 -0.0201751291751862 0.301427364349365 3.15124797821045
9 4 -0.0156706757843494 0.497164577245712 3.1546528339386
9 5 -0.212203934788704 0.232459127902985 3.16265678405762
9 6 -0.438514053821564 0.302246034145355 3.1508150100708
9 7 -0.632792890071869 0.338363170623779 3.083331823349
9 8 -0.728102445602417 0.351328015327454 3.05695629119873
9 9 0.190114691853523 0.224202036857605 3.16398358345032
9 10 0.375272512435913 0.361991792917252 3.13715362548828
9 11 0.312526732683182 0.556525468826294 3.13930439949036
9 12 0.286575168371201 0.644236326217651 3.17906618118286
9 13 -0.0951564833521843 -0.165503084659576 3.03350377082825
9 14 -0.102779760956764 -0.671158254146576 3.03201675415039
9 15 -0.103414684534073 -1.00309491157532 2.98407626152039
9 16 -0.127931118011475 -1.05761551856995 2.9135308265686
9 17 0.0853721499443054 -0.167969614267349 3.04969954490662
9 18 0.0638735294342041 -0.660322487354279 3.01059532165527
9 19 0.0595464892685413 -0.994517922401428 2.97520542144775
9 20 0.0776393115520477 -1.04128468036652 2.89502167701721
10 1 -0.00785647798329592 -0.0790435299277306 3.0647976398468
10 2 -0.0103967823088169 -0.0279821865260601 3.12348985671997
10 3 -0.0202864073216915 0.301122903823853 3.15196847915649
10 4 -0.0173717103898525 0.496160984039307 3.15465497970581
10 5 -0.211550652980804 0.232728525996208 3.16211199760437
10 6 -0.436310648918152 0.302499741315842 3.15030884742737
10 7 -0.629197955131531 0.340805649757385 3.08085870742798
10 8 -0.724363923072815 0.353061378002167 3.05446314811707
10 9 0.189624592661858 0.224702402949333 3.1637499332428
10 10 0.375915169715881 0.363058298826218 3.1379222869873
10 11 0.309491217136383 0.555615305900574 3.14392614364624
10 12 0.285313546657562 0.643891990184784 3.18299221992493
10 13 -0.0951582193374634 -0.165405750274658 3.03338241577148
10 14 -0.101764276623726 -0.671559393405914 3.03170728683472
10 15 -0.103746205568314 -1.00334489345551 2.9828770160675
10 16 -0.123634397983551 -1.0553652048111 2.91000938415527
10 17 0.0853116288781166 -0.16802690923214 3.04976725578308
10 18 0.0647820681333542 -0.660187005996704 3.01044893264771
10 19 0.0607761181890965 -0.991528213024139 2.97200965881348
10 20 0.0773667097091675 -1.04409968852997 2.89272141456604
11 1 -0.00730679417029023 -0.0781998857855797 3.06482720375061
11 2 -0.00999962352216244 -0.0272025000303984 3.12351083755493
11 3 -0.0190842635929585 0.30202516913414 3.15219902992249
11 4 -0.0158087201416492 0.496774017810822 3.1546676158905
11 5 -0.21112522482872 0.233122035861015 3.16092944145203
11 6 -0.439283132553101 0.303248792886734 3.14884281158447
11 7 -0.633448839187622 0.348959475755692 3.09185838699341
11 8 -0.726450085639954 0.358700305223465 3.05839443206787
11 9 0.190732896327972 0.225148722529411 3.16454887390137
11 10 0.375400513410568 0.360924661159515 3.13791465759277
11 11 0.31279844045639 0.554995179176331 3.13659143447876
11 12 0.287660747766495 0.644550502300262 3.17140340805054
11 13 -0.0949205607175827 -0.164673179388046 3.03293490409851
11 14 -0.102361887693405 -0.670874178409576 3.03190493583679
11 15 -0.10355930775404 -1.00389790534973 2.9840362071991
11 16 -0.116690397262573 -1.05335736274719 2.92751550674438
11 17 0.085924856364727 -0.167433008551598 3.05005145072937
11 18 0.0659921020269394 -0.659414231777191 3.01026630401611
11 19 0.0584921985864639 -0.997634410858154 2.96867704391479
11 20 0.0734314173460007 -1.04458796977997 2.89530563354492
12 1 -0.00654850946739316 -0.0783476978540421 3.06469464302063
12 2 -0.00905137974768877 -0.0273374263197184 3.12331914901733
12 3 -0.0166117642074823 0.301452726125717 3.15132999420166
12 4 -0.0143048707395792 0.49564990401268 3.1499183177948
12 5 -0.210289567708969 0.233503609895706 3.16028571128845
12 6 -0.43692734837532 0.303178161382675 3.14641833305359
12 7 -0.629509568214417 0.340415507555008 3.07735013961792
12 8 -0.72444361448288 0.352587878704071 3.05148720741272
12 9 0.190971776843071 0.22526527941227 3.16406583786011
12 10 0.375793308019638 0.359061032533646 3.13787198066711
12 11 0.316251665353775 0.553771078586578 3.13727498054504
12 12 0.291945427656174 0.643046796321869 3.17289209365845
12 13 -0.094328910112381 -0.164795652031898 3.03284692764282
12 14 -0.102453306317329 -0.672225713729858 3.03199076652527
12 15 -0.103576265275478 -1.00462341308594 2.98464107513428
12 16 -0.123821124434471 -1.05767226219177 2.91350364685059
12 17 0.086323618888855 -0.167276695370674 3.05011391639709
12 18 0.0655107274651527 -0.660801231861115 3.01048898696899
12 19 0.0605677142739296 -0.992889285087585 2.97217392921448
12 20 0.0779576897621155 -1.0434582233429 2.88618874549866
13 1 -0.00622373726218939 -0.0778967440128326 3.06426548957825
13 2 -0.00850223656743765 -0.0267039276659489 3.12272071838379
13 3 -0.0136384079232812 0.3022121489048 3.14936590194702
13 4 -0.0139751164242625 0.496611297130585 3.14704012870789
13 5 -0.209542691707611 0.233284085988998 3.15925407409668
13 6 -0.444087028503418 0.304108858108521 3.13892316818237
13 7 -0.635824859142303 0.341075003147125 3.06763935089111
13 8 -0.731516361236572 0.354212403297424 3.04598832130432
13 9 0.191769003868103 0.225846871733665 3.16487979888916
13 10 0.375746011734009 0.357469528913498 3.13714933395386
13 11 0.317974925041199 0.552528738975525 3.13571763038635
13 12 0.2940534055233 0.641925513744354 3.17084884643555
13 13 -0.0944575369358063 -0.164468258619308 3.03298616409302
13 14 -0.102833308279514 -0.671249389648438 3.03194284439087
13 15 -0.104028813540936 -1.00720632076263 2.98162126541138
13 16 -0.123597949743271 -1.05773961544037 2.90927839279175
13 17 0.0860216245055199 -0.167032539844513 3.04950022697449
13 18 0.0662969797849655 -0.656242966651917 3.00903844833374
13 19 0.0607722140848637 -0.992388427257538 2.97313094139099
13 20 0.0789957493543625 -1.04047644138336 2.89474749565125
14 1 -0.00557416677474976 -0.0774084106087685 3.06330490112305
14 2 -0.00785231869667768 -0.0261333324015141 3.12150382995605
14 3 -0.0130179123952985 0.301566988229752 3.14615845680237
14 4 -0.012421440333128 0.496474921703339 3.14677739143372
14 5 -0.209542244672775 0.233197867870331 3.15861535072327
14 6 -0.432836771011353 0.302546560764313 3.13928484916687
14 7 -0.623242199420929 0.347952842712402 3.07090210914612
14 8 -0.71768844127655 0.360378950834274 3.0445020198822
14 9 0.192757815122604 0.22623784840107 3.16476559638977
14 10 0.375894725322723 0.358626693487167 3.13692784309387
14 11 0.318027943372726 0.55311381816864 3.13723373413086
14 12 0.294498711824417 0.641932487487793 3.17362856864929
14 13 -0.0943490043282509 -0.164213702082634 3.03217577934265
14 14 -0.102318339049816 -0.667244017124176 3.03131508827209
14 15 -0.102897070348263 -1.0012446641922 2.98487496376038
14 16 -0.121406808495522 -1.05524563789368 2.92109537124634
14 17 0.0862009450793266 -0.166874557733536 3.04865980148315
14 18 0.0670186504721642 -0.652677595615387 3.00730681419373
14 19 0.0627037063241005 -0.990902662277222 2.97178173065186
14 20 0.0765396803617477 -1.03702449798584 2.90083742141724
15 1 -0.00537440693005919 -0.0776043832302094 3.06247687339783
15 2 -0.00756284687668085 -0.0261820666491985 3.12056851387024
15 3 -0.011825593188405 0.303384125232697 3.14588832855225
15 4 -0.0130913835018873 0.496639668941498 3.14545750617981
15 5 -0.20896153151989 0.232942312955856 3.15722274780273
15 6 -0.430062860250473 0.301930576562881 3.13720750808716
15 7 -0.621901154518127 0.338311046361923 3.06878113746643
15 8 -0.715765953063965 0.351903468370438 3.04143404960632
15 9 0.1921466588974 0.225676864385605 3.16377925872803
15 10 0.376658350229263 0.358536899089813 3.13805890083313
15 11 0.318328201770782 0.552506744861603 3.13784313201904
15 12 0.294311016798019 0.641006112098694 3.17437052726746
15 13 -0.0938463062047958 -0.164328172802925 3.03160905838013
15 14 -0.101927183568478 -0.667153060436249 3.03047227859497
15 15 -0.105477027595043 -1.00084865093231 2.98221278190613
15 16 -0.12144424021244 -1.05501878261566 2.91684031486511
15 17 0.0863496065139771 -0.166923940181732 3.04823136329651
15 18 0.066640630364418 -0.65746009349823 3.00698280334473
15 19 0.0617649480700493 -0.992104649543762 2.97116231918335
15 20 0.0750410184264183 -1.03933489322662 2.89562559127808
16 1 -0.00533816171810031 -0.0779803022742271 3.06148862838745
16 2 -0.00750529300421476 -0.026507243514061 3.11962938308716
16 3 -0.0125173348933458 0.302785396575928 3.14497113227844
16 4 -0.0127365048974752 0.495316594839096 3.14362573623657
16 5 -0.209021106362343 0.232860222458839 3.15664982795715
16 6 -0.431896209716797 0.301267147064209 3.13384032249451
16 7 -0.622805237770081 0.346009731292725 3.06959080696106
16 8 -0.716121196746826 0.357248723506927 3.03980207443237
16 9 0.191904425621033 0.225159719586372 3.16289734840393
16 10 0.377553850412369 0.352489143610001 3.13471007347107
16 11 0.321636289358139 0.547566592693329 3.13735246658325
16 12 0.298990845680237 0.635887503623962 3.17487788200378
16 13 -0.0937973260879517 -0.164451643824577 3.03062963485718
16 14 -0.101526975631714 -0.668652594089508 3.03008127212524
16 15 -0.102052636444569 -1.00026988983154 2.98379015922546
16 16 -0.125918656587601 -1.05239105224609 2.90867018699646
16 17 0.0864025428891182 -0.167287856340408 3.04737615585327
16 18 0.0661024078726768 -0.657652318477631 3.00699377059937
16 19 0.059485450387001 -0.990103125572205 2.97326397895813
16 20 0.0780458003282547 -1.04048931598663 2.88938307762146
17 1 -0.00539476238191128 -0.0774619728326797 3.06104016304016
17 2 -0.00766882579773664 -0.0259932801127434 3.11915278434753
17 3 -0.0133024789392948 0.30282723903656 3.14384913444519
17 4 -0.0138556500896811 0.495412468910217 3.14473724365234
17 5 -0.210363686084747 0.232976421713829 3.15653800964355
17 6 -0.437678098678589 0.30113810300827 3.13031792640686
17 7 -0.624821782112122 0.351814478635788 3.05975961685181
17 8 -0.71938943862915 0.364335894584656 3.03517413139343
17 9 0.191907107830048 0.225327998399734 3.16328048706055
17 10 0.377720355987549 0.354512363672256 3.13517689704895
17 11 0.320683985948563 0.548008918762207 3.13637447357178
17 12 0.298892349004745 0.636086046695709 3.17473888397217
17 13 -0.0938421562314034 -0.164192095398903 3.02992701530457
17 14 -0.101704567670822 -0.668725371360779 3.03011560440063
17 15 -0.103635974228382 -1.00096023082733 2.9828736782074
17 16 -0.123311147093773 -1.05318748950958 2.92047739028931
17 17 0.0865382701158524 -0.166949152946472 3.04717445373535
17 18 0.0666539520025253 -0.657236695289612 3.00703835487366
17 19 0.0592531338334084 -0.991328001022339 2.97174525260925
17 20 0.0758713036775589 -1.03809654712677 2.89945530891418
18 1 -0.0063885785639286 -0.078229047358036 3.06002998352051
18 2 -0.00898408330976963 -0.0266164913773537 3.11808133125305
18 3 -0.0166099425405264 0.301600486040115 3.14177823066711
18 4 -0.0134001988917589 0.494220614433289 3.14498329162598
18 5 -0.210237666964531 0.23248764872551 3.15550899505615
18 6 -0.426906317472458 0.298608154058456 3.13217711448669
18 7 -0.617198348045349 0.339512705802917 3.06539463996887
18 8 -0.711729168891907 0.355155467987061 3.04288959503174
18 9 0.191350340843201 0.224555253982544 3.16255879402161
18 10 0.378021091222763 0.354047656059265 3.13513112068176
18 11 0.3186274766922 0.54747474193573 3.13717794418335
18 12 0.29835444688797 0.636125564575195 3.17482495307922
18 13 -0.094362810254097 -0.164745435118675 3.02902221679688
18 14 -0.102099843323231 -0.668983221054077 3.03040051460266
18 15 -0.10264664888382 -1.00520169734955 2.98300242424011
18 16 -0.127006053924561 -1.06113696098328 2.90419220924377
18 17 0.0858268737792969 -0.167384192347527 3.04631376266479
18 18 0.0653093680739403 -0.656839966773987 3.00670480728149
18 19 0.0568393766880035 -0.990507185459137 2.97429633140564
18 20 0.0752221047878265 -1.04053425788879 2.89406561851501
19 1 -0.00711600203067064 -0.0785625725984573 3.05955266952515
19 2 -0.0098774041980505 -0.026920635253191 3.117600440979
19 3 -0.0180716179311275 0.301654279232025 3.14167189598084
19 4 -0.0138462912291288 0.494809031486511 3.14581632614136
19 5 -0.210056379437447 0.231915950775146 3.15461587905884
19 6 -0.435403674840927 0.298555195331573 3.12787127494812
19 7 -0.621749997138977 0.353102743625641 3.06075048446655
19 8 -0.716081619262695 0.366459161043167 3.03634071350098
19 9 0.191790297627449 0.223679572343826 3.16228938102722
19 10 0.376547515392303 0.354113519191742 3.13445734977722
19 11 0.320039659738541 0.547240376472473 3.13873600959778
19 12 0.299253582954407 0.635947704315186 3.17577147483826
19 13 -0.0951918214559555 -0.165025532245636 3.0285427570343
19 14 -0.102571494877338 -0.670435547828674 3.03097176551819
19 15 -0.104233518242836 -1.00485265254974 2.98297476768494
19 16 -0.122724339365959 -1.0556972026825 2.91630005836487
19 17 0.0853450521826744 -0.168015986680984 3.0458984375
19 18 0.0661194548010826 -0.658209383487701 3.00646996498108
19 19 0.0577811971306801 -0.990853309631348 2.97441577911377
19 20 0.0756392404437065 -1.04188477993011 2.88964009284973
20 1 -0.00888382270932198 -0.079127348959446 3.05842304229736
20 2 -0.0113350842148066 -0.0273917391896248 3.11646366119385
20 3 -0.0185923594981432 0.301647365093231 3.14053297042847
20 4 -0.0149291064590216 0.493963032960892 3.14276766777039
20 5 -0.210830897092819 0.232560604810715 3.15468072891235
20 6 -0.427088707685471 0.298650711774826 3.12918400764465
20 7 -0.615026712417603 0.349207937717438 3.06487774848938
20 8 -0.70904928445816 0.36241826415062 3.03950500488281
20 9 0.189863860607147 0.222915336489677 3.16069960594177
20 10 0.3765729367733 0.353997051715851 3.13375878334045
20 11 0.318598657846451 0.546163201332092 3.13532781600952
20 12 0.297001600265503 0.634818375110626 3.17182922363281
20 13 -0.0967627242207527 -0.16516537964344 3.02765917778015
20 14 -0.101992189884186 -0.673121094703674 3.03056001663208
20 15 -0.106103248894215 -1.00842916965485 2.98028182983398
20 16 -0.12380439043045 -1.05987954139709 2.90297508239746
20 17 0.0829094052314758 -0.168632596731186 3.04468250274658
20 18 0.0650410279631615 -0.659911632537842 3.00691533088684
20 19 0.0604611560702324 -0.989801824092865 2.97152471542358
20 20 0.0770401731133461 -1.04043829441071 2.88789916038513
