1 1 -0.0144144771620631 -0.0717149898409843 3.04808568954468
1 2 -0.0135659798979759 -0.0199241451919079 3.10486316680908
1 3 -0.0258712731301785 0.306940972805023 3.12800765037537
1 4 -0.0312962681055069 0.500279664993286 3.14543199539185
1 5 -0.223126217722893 0.227280586957932 3.15799427032471
1 6 -0.435835838317871 0.267864406108856 3.16913414001465
1 7 -0.647223293781281 0.304466277360916 3.13943004608154
1 8 -0.748803436756134 0.311151266098022 3.12106490135193
1 9 0.171602562069893 0.25565293431282 3.14028406143188
1 10 0.318115174770355 0.435371428728104 3.09765958786011
1 11 0.27347332239151 0.696694791316986 3.11835479736328
1 12 0.246671959757805 0.765352725982666 3.13826131820679
1 13 -0.0995232537388802 -0.161967694759369 3.02601933479309
1 14 -0.102687075734138 -0.666414201259613 3.02289485931396
1 15 -0.103709317743778 -1.00626301765442 2.98103523254395
1 16 -0.129107877612114 -1.06146287918091 2.90742683410645
1 17 0.0773719698190689 -0.153843864798546 3.0288519859314
1 18 0.0653285086154938 -0.653550148010254 2.99507761001587
1 19 0.0587492696940899 -0.988407075405121 2.97294735908508
1 20 0.0761004984378815 -1.04129493236542 2.89394998550415
2 1 -0.0130245629698038 -0.0721736028790474 3.0497031211853
2 2 -0.0124140586704016 -0.0203378424048424 3.10664892196655
2 3 -0.0249610301107168 0.30697238445282 3.13045120239258
2 4 -0.0291671045124531 0.499968200922012 3.14384818077087
2 5 -0.221180602908134 0.227631166577339 3.1583046913147
2 6 -0.441511660814285 0.27072337269783 3.16831398010254
2 7 -0.650567293167114 0.306185513734818 3.13899827003479
2 8 -0.75068461894989 0.311825513839722 3.11806154251099
2 9 0.172769740223885 0.255209922790527 3.14200210571289
2 10 0.320829391479492 0.431274473667145 3.10567283630371
2 11 0.276618331670761 0.69490385055542 3.12017917633057
2 12 0.259283304214478 0.772760212421417 3.14209675788879
2 13 -0.0984165892004967 -0.161739200353622 3.02684497833252
2 14 -0.102725021541119 -0.664199233055115 3.02363538742065
2 15 -0.103694975376129 -1.00299477577209 2.98171734809875
2 16 -0.118453934788704 -1.05462121963501 2.92501592636108
2 17 0.0785887762904167 -0.15495491027832 3.03079319000244
2 18 0.0658301115036011 -0.652529656887054 2.99731802940369
2 19 0.0548832677304745 -0.990765333175659 2.97282934188843
2 20 0.0752819553017616 -1.03879451751709 2.89486718177795
3 1 -0.0119081735610962 -0.0724043697118759 3.05080342292786
3 2 -0.0116024557501078 -0.02044378221035 3.10774827003479
3 3 -0.0249273367226124 0.307067960500717 3.13123679161072
3 4 -0.0262951161712408 0.498808771371841 3.14593815803528
3 5 -0.219658777117729 0.227953746914864 3.15955281257629
3 6 -0.439722806215286 0.271508276462555 3.16891479492188
3 7 -0.635700106620789 0.300162464380264 3.14945912361145
3 8 -0.737659394741058 0.311047405004501 3.126633644104
3 9 0.174330800771713 0.253951698541641 3.14385962486267
3 10 0.322307139635086 0.431195974349976 3.10588645935059
3 11 0.28368216753006 0.694516777992249 3.12544536590576
3 12 0.261586844921112 0.766671478748322 3.14372539520264
3 13 -0.097075454890728 -0.161739036440849 3.02798438072205
3 14 -0.103031128644943 -0.664598166942596 3.02384090423584
3 15 -0.10404384881258 -1.00320422649384 2.98216962814331
3 16 -0.123256251215935 -1.05611181259155 2.91948866844177
3 17 0.0802658721804619 -0.155361711978912 3.03239989280701
3 18 0.0654401928186417 -0.654960691928864 2.99825072288513
3 19 0.0604971051216125 -0.988634288311005 2.97109818458557
3 20 0.0765474960207939 -1.04201781749725 2.88873791694641
4 1 -0.0112627288326621 -0.0724734142422676 3.05227112770081
4 2 -0.0107704289257526 -0.0205213110893965 3.10944962501526
4 3 -0.0221829228103161 0.309071660041809 3.13515710830688
4 4 -0.0250112973153591 0.500220417976379 3.15164804458618
4 5 -0.218853905797005 0.227784037590027 3.16189408302307
4 6 -0.443852066993713 0.271281003952026 3.17026615142822
4 7 -0.654767632484436 0.304448068141937 3.14278936386108
4 8 -0.749472975730896 0.312160938978195 3.11711621284485
4 9 0.175948813557625 0.251603424549103 3.1456344127655
4 10 0.326450377702713 0.430896639823914 3.10850048065186
4 11 0.291222989559174 0.694012999534607 3.12968921661377
4 12 0.274367153644562 0.764438033103943 3.15512466430664
4 13 -0.0965201407670975 -0.16168475151062 3.02943897247314
4 14 -0.102681770920753 -0.665019273757935 3.02504515647888
4 15 -0.100245580077171 -1.00153601169586 2.98445582389832
4 16 -0.120195433497429 -1.0543657541275 2.91903591156006
4 17 0.0801338702440262 -0.155893683433533 3.03319239616394
4 18 0.0668129101395607 -0.656282067298889 2.99915075302124
4 19 0.0601219236850739 -0.9945387840271 2.96590685844421
4 20 0.076942503452301 -1.04494833946228 2.89028406143188
5 1 -0.0108801005408168 -0.0732922405004501 3.05405426025391
5 2 -0.0103672612458467 -0.0213878583163023 3.11150979995728
5 3 -0.0214198660105467 0.308504313230515 3.13823270797729
5 4 -0.0252820774912834 0.49932861328125 3.15113496780396
5 5 -0.218072518706322 0.227837800979614 3.1628782749176
5 6 -0.440384387969971 0.272048115730286 3.17044758796692
5 7 -0.635150551795959 0.3050676882267 3.1470730304718
5 8 -0.734599232673645 0.312657117843628 3.11883521080017
5 9 0.176966965198517 0.250006794929504 3.14755082130432
5 10 0.328900068998337 0.429332613945007 3.11120653152466
5 11 0.292731165885925 0.692287862300873 3.13257741928101
5 12 0.275607466697693 0.763519763946533 3.15500402450562
5 13 -0.0974516943097115 -0.162315532565117 3.03186750411987
5 14 -0.10207860916853 -0.666560649871826 3.02542972564697
5 15 -0.105495750904083 -1.00312185287476 2.98203682899475
5 16 -0.122312739491463 -1.05751192569733 2.92049622535706
5 17 0.0800839960575104 -0.156671106815338 3.03449749946594
5 18 0.0664815679192543 -0.654707133769989 3.00051760673523
5 19 0.0622400604188442 -0.987469673156738 2.97235560417175
5 20 0.0762807950377464 -1.04113268852234 2.89253997802734
6 1 -0.0111223114654422 -0.0744174793362617 3.05624508857727
6 2 -0.0101489331573248 -0.023255217820406 3.11424398422241
6 3 -0.0210300255566835 0.305798828601837 3.14426040649414
6 4 -0.028834268450737 0.49919581413269 3.15272164344788
6 5 -0.217885255813599 0.227946013212204 3.16601419448853
6 6 -0.444477379322052 0.271773934364319 3.16750717163086
6 7 -0.63925975561142 0.305861502885818 3.14750242233276
6 8 -0.737681984901428 0.313187271356583 3.11469578742981
6 9 0.17661464214325 0.249303862452507 3.14810705184937
6 10 0.332280337810516 0.429959565401077 3.11038374900818
6 11 0.29480317234993 0.69264280796051 3.13290691375732
6 12 0.283137679100037 0.761928617954254 3.16409683227539
6 13 -0.0973048135638237 -0.163044705986977 3.03345060348511
6 14 -0.102336250245571 -0.668933749198914 3.02670764923096
6 15 -0.105763882398605 -1.00470340251923 2.980229139328
6 16 -0.132035821676254 -1.06336402893066 2.91962671279907
6 17 0.0798846334218979 -0.157499387860298 3.03512048721313
6 18 0.0669884085655212 -0.651740849018097 3.00146484375
6 19 0.0595068000257015 -0.991005778312683 2.97166442871094
6 20 0.07338797301054 -1.03571593761444 2.90371894836426
7 1 -0.0107682701200247 -0.0748755484819412 3.05703258514404
7 2 -0.0100302807986736 -0.0233123451471329 3.1149046421051
7 3 -0.0218626484274864 0.305662214756012 3.1426043510437
7 4 -0.0280161052942276 0.49837526679039 3.15064811706543
7 5 -0.217594087123871 0.227849334478378 3.16663503646851
7 6 -0.44885441660881 0.273246198892593 3.16737365722656
7 7 -0.643918633460999 0.305106729269028 3.1425256729126
7 8 -0.744177162647247 0.313628524541855 3.11261034011841
7 9 0.17783223092556 0.247926279902458 3.14898276329041
7 10 0.334060162305832 0.427058964967728 3.11297416687012
7 11 0.297796875238419 0.690471172332764 3.1326367855072
7 12 0.282447278499603 0.760714113712311 3.16179704666138
7 13 -0.0969636812806129 -0.163644269108772 3.03444957733154
7 14 -0.1025185957551 -0.665368378162384 3.02759027481079
7 15 -0.101316496729851 -1.001091837883 2.98285603523254
7 16 -0.125538527965546 -1.05483162403107 2.92217946052551
7 17 0.0807271152734756 -0.158323928713799 3.03625321388245
7 18 0.0667621567845345 -0.651657044887543 3.00268745422363
7 19 0.059298288077116 -0.986512303352356 2.9733190536499
7 20 0.0698143914341927 -1.03755986690521 2.89905047416687
8 1 -0.0104064755141735 -0.0753191187977791 3.05779528617859
8 2 -0.0095953680574894 -0.0238867253065109 3.11576080322266
8 3 -0.0201352164149284 0.305363982915878 3.14434909820557
8 4 -0.0258072298020124 0.498720556497574 3.15284752845764
8 5 -0.216914415359497 0.228080734610558 3.16770720481873
8 6 -0.454787313938141 0.275663167238235 3.16784858703613
8 7 -0.649185299873352 0.306224524974823 3.130286693573
8 8 -0.750350832939148 0.313107848167419 3.09938597679138
8 9 0.179342180490494 0.246824756264687 3.1505241394043
8 10 0.333371430635452 0.424888521432877 3.11274743080139
8 11 0.299691677093506 0.689090073108673 3.13223457336426
8 12 0.280330896377563 0.759554445743561 3.16049575805664
8 13 -0.0968100652098656 -0.164056286215782 3.03484702110291
8 14 -0.102351486682892 -0.665559768676758 3.02734303474426
8 15 -0.100990898907185 -1.00226891040802 2.98325419425964
8 16 -0.123693488538265 -1.0557107925415 2.91850638389587
8 17 0.0809147283434868 -0.159012973308563 3.03689026832581
8 18 0.0667225271463394 -0.654684364795685 3.00288438796997
8 19 0.058296225965023 -0.990888893604279 2.97029685974121
8 20 0.0737075954675674 -1.03925728797913 2.89411997795105
9 1 -0.0100382417440414 -0.075417771935463 3.05838060379028
9 2 -0.00914091989398003 -0.0240213442593813 3.11644649505615
9 3 -0.0195760726928711 0.305311530828476 3.14500856399536
9 4 -0.024238707497716 0.499342083930969 3.15836477279663
9 5 -0.215990453958511 0.228316515684128 3.16834282875061
9 6 -0.441255688667297 0.274916976690292 3.16556906700134
9 7 -0.636201918125153 0.306100785732269 3.13183951377869
9 8 -0.736982464790344 0.313317358493805 3.09830284118652
9 9 0.180670961737633 0.246335431933403 3.15093088150024
9 10 0.334154039621353 0.42444771528244 3.11314797401428
9 11 0.298091441392899 0.688825845718384 3.13076758384705
9 12 0.278997749090195 0.759776592254639 3.15892910957336
9 13 -0.0967085435986519 -0.163992419838905 3.03483390808105
9 14 -0.10255441814661 -0.669020593166351 3.02704334259033
9 15 -0.102554515004158 -1.00284719467163 2.98350620269775
9 16 -0.117358863353729 -1.05488955974579 2.91567182540894
9 17 0.0812617093324661 -0.159385830163956 3.03753924369812
9 18 0.0648518204689026 -0.653879582881927 3.00219631195068
9 19 0.0573950856924057 -0.990298390388489 2.971834897995
9 20 0.0694394111633301 -1.03830754756927 2.90322923660278
10 1 -0.00988034345209599 -0.075767308473587 3.05862379074097
10 2 -0.00908735860139132 -0.0241687390953302 3.11673879623413
10 3 -0.0203506667166948 0.305307537317276 3.14453911781311
10 4 -0.0239656064659357 0.498161017894745 3.15575361251831
10 5 -0.215931475162506 0.228483468294144 3.16866898536682
10 6 -0.441747158765793 0.276776999235153 3.16486644744873
10 7 -0.637765645980835 0.305973917245865 3.13925075531006
10 8 -0.738337218761444 0.313616573810577 3.10379695892334
10 9 0.181074723601341 0.245555877685547 3.1513466835022
10 10 0.334957987070084 0.422946095466614 3.11364650726318
10 11 0.297398179769516 0.686898112297058 3.13386082649231
10 12 0.279040843248367 0.758100748062134 3.16280174255371
10 13 -0.0963784605264664 -0.164295643568039 3.03509140014648
10 14 -0.102428138256073 -0.667310357093811 3.02774739265442
10 15 -0.102963522076607 -1.00674676895142 2.98307394981384
10 16 -0.123458780348301 -1.05586230754852 2.91960382461548
10 17 0.0813529044389725 -0.159857347607613 3.03778338432312
10 18 0.064500667154789 -0.655863761901855 3.00301766395569
10 19 0.0574053674936295 -0.993945717811584 2.97215604782104
10 20 0.0733129307627678 -1.04063427448273 2.89780235290527
11 1 -0.00977746956050396 -0.0760168358683586 3.05874490737915
11 2 -0.0090639740228653 -0.0243916120380163 3.11686515808105
11 3 -0.0207621846348047 0.304963111877441 3.1444571018219
11 4 -0.0248317271471024 0.498498290777206 3.15517401695251
11 5 -0.215926826000214 0.228476837277412 3.16850733757019
11 6 -0.444856315851212 0.277613669633865 3.16228437423706
11 7 -0.640880286693573 0.306212961673737 3.13550567626953
11 8 -0.740163564682007 0.313552975654602 3.09501194953918
11 9 0.181131407618523 0.2455735206604 3.15135049819946
11 10 0.333339929580688 0.422843009233475 3.11233234405518
11 11 0.295996367931366 0.686946749687195 3.13151049613953
11 12 0.275174260139465 0.759326219558716 3.15676927566528
11 13 -0.0961960777640343 -0.164723083376884 3.03521418571472
11 14 -0.102293714880943 -0.667662441730499 3.02749085426331
11 15 -0.10188128054142 -1.00374114513397 2.9818058013916
11 16 -0.122430272400379 -1.05768477916718 2.91315722465515
11 17 0.0816852748394012 -0.160159677267075 3.03803777694702
11 18 0.0649645552039146 -0.657620906829834 3.00263595581055
11 19 0.0594618283212185 -0.997116506099701 2.96415138244629
11 20 0.0727345198392868 -1.04187870025635 2.89244866371155
12 1 -0.00980183761566877 -0.0760531574487686 3.05863165855408
12 2 -0.00924516096711159 -0.0242895968258381 3.11670327186584
12 3 -0.0220069233328104 0.304625958204269 3.1427173614502
12 4 -0.024379588663578 0.49842095375061 3.15242481231689
12 5 -0.216302528977394 0.228583768010139 3.16767835617065
12 6 -0.441863030195236 0.279622316360474 3.15937685966492
12 7 -0.638209402561188 0.307667404413223 3.13540935516357
12 8 -0.737080931663513 0.315036237239838 3.09210586547852
12 9 0.180273786187172 0.24539290368557 3.15103626251221
12 10 0.332058638334274 0.423613965511322 3.1111466884613
12 11 0.293955892324448 0.687864542007446 3.1289176940918
12 12 0.272478640079498 0.760435044765472 3.15474200248718
12 13 -0.0961188971996307 -0.164828211069107 3.03497505187988
12 14 -0.102934554219246 -0.666955530643463 3.02682495117188
12 15 -0.104306384921074 -1.00408959388733 2.98148369789124
12 16 -0.120879888534546 -1.05619585514069 2.917635679245
12 17 0.0818280056118965 -0.160157725214958 3.03817200660706
12 18 0.0651922151446342 -0.656609833240509 3.00234031677246
12 19 0.0590780042111874 -0.993707954883575 2.96679449081421
12 20 0.0720511376857758 -1.04315614700317 2.89313173294067
13 1 -0.0104031702503562 -0.0752008482813835 3.05757474899292
13 2 -0.0098634660243988 -0.0231669656932354 3.11550235748291
13 3 -0.0221393741667271 0.306318402290344 3.13958859443665
13 4 -0.0246165003627539 0.498129546642303 3.14984488487244
13 5 -0.216671139001846 0.228931233286858 3.16631245613098
13 6 -0.437961518764496 0.278779447078705 3.15892910957336
13 7 -0.63349974155426 0.313008666038513 3.1420590877533
13 8 -0.731050908565521 0.31894725561142 3.09642791748047
13 9 0.180176988244057 0.246189713478088 3.15042328834534
13 10 0.331951081752777 0.423804610967636 3.10972261428833
13 11 0.294200956821442 0.687788605690002 3.1290762424469
13 12 0.273878902196884 0.76077938079834 3.15387582778931
13 13 -0.097031369805336 -0.16409595310688 3.03381133079529
13 14 -0.1025730073452 -0.665863990783691 3.02639365196228
13 15 -0.103212982416153 -1.00220012664795 2.98277258872986
13 16 -0.124905355274677 -1.05336689949036 2.91965055465698
13 17 0.0811395049095154 -0.159423351287842 3.03736686706543
13 18 0.0655896291136742 -0.654153347015381 3.00121665000916
13 19 0.0586410649120808 -0.993084669113159 2.97039175033569
13 20 0.0756397545337677 -1.04214370250702 2.8945300579071
14 1 -0.0106990654021502 -0.0745284780859947 3.05670309066772
14 2 -0.0103829875588417 -0.0225713942199945 3.11450791358948
14 3 -0.0227956157177687 0.305930733680725 3.13772392272949
14 4 -0.0254616104066372 0.496507376432419 3.14502477645874
14 5 -0.216286048293114 0.229091480374336 3.16442203521729
14 6 -0.445099174976349 0.284743666648865 3.15863132476807
14 7 -0.641032934188843 0.315230131149292 3.13378643989563
14 8 -0.740593254566193 0.321902126073837 3.09442234039307
14 9 0.180092707276344 0.246815502643585 3.1495509147644
14 10 0.332831859588623 0.423575162887573 3.10852789878845
14 11 0.294024974107742 0.687760591506958 3.12600421905518
14 12 0.275599151849747 0.760179042816162 3.15250158309937
14 13 -0.0968516618013382 -0.16312201321125 3.03279232978821
14 14 -0.103011645376682 -0.66525399684906 3.02597761154175
14 15 -0.102478265762329 -1.00191855430603 2.98295259475708
14 16 -0.121785447001457 -1.0534428358078 2.92119550704956
14 17 0.0809739977121353 -0.158686429262161 3.03661632537842
14 18 0.0655883476138115 -0.651894390583038 3.00066518783569
14 19 0.0601451359689236 -0.990352332592011 2.97332191467285
14 20 0.0738300159573555 -1.04176688194275 2.89829277992249
15 1 -0.0104743130505085 -0.0745132490992546 3.05628156661987
15 2 -0.0101854130625725 -0.0226021520793438 3.11406445503235
15 3 -0.0225148964673281 0.305828899145126 3.13746118545532
15 4 -0.0246141739189625 0.497223109006882 3.1454336643219
15 5 -0.216066643595695 0.229263544082642 3.16376280784607
15 6 -0.449314773082733 0.285623729228973 3.16066646575928
15 7 -0.644893050193787 0.320529758930206 3.13740515708923
15 8 -0.742944657802582 0.327319264411926 3.09444785118103
15 9 0.180319860577583 0.245871350169182 3.14875197410584
15 10 0.333005040884018 0.421222507953644 3.10508108139038
15 11 0.2950279712677 0.685574114322662 3.12546992301941
15 12 0.278114706277847 0.757617890834808 3.15391778945923
15 13 -0.0967452526092529 -0.163002118468285 3.032381772995
15 14 -0.103378787636757 -0.664613485336304 3.02600741386414
15 15 -0.101665824651718 -0.999955534934998 2.98150229454041
15 16 -0.121499978005886 -1.05288171768188 2.92220044136047
15 17 0.0812866985797882 -0.158914461731911 3.03629064559937
15 18 0.0654275193810463 -0.655304610729218 3.00126004219055
15 19 0.0592981390655041 -0.996081113815308 2.96889996528625
15 20 0.0736640021204948 -1.04463386535645 2.89463067054749
16 1 -0.0113381454721093 -0.0743153691291809 3.05575323104858
16 2 -0.010805269703269 -0.0225131195038557 3.11345171928406
16 3 -0.0217097625136375 0.305412262678146 3.13664126396179
16 4 -0.0245709121227264 0.497848331928253 3.14557719230652
16 5 -0.216190025210381 0.229572236537933 3.16337990760803
16 6 -0.441825866699219 0.285068809986115 3.16095161437988
16 7 -0.642619490623474 0.318594187498093 3.10447287559509
16 8 -0.742132842540741 0.322063744068146 3.06576371192932
16 9 0.180436059832573 0.246391132473946 3.14854192733765
16 10 0.332631170749664 0.420690476894379 3.10634326934814
16 11 0.296805620193481 0.685405969619751 3.12613797187805
16 12 0.27883967757225 0.757342755794525 3.15329670906067
16 13 -0.0982676297426224 -0.162911966443062 3.03190231323242
16 14 -0.104040279984474 -0.667635023593903 3.02568173408508
16 15 -0.105334714055061 -1.00588083267212 2.97998309135437
16 16 -0.124050043523312 -1.05757737159729 2.91230249404907
16 17 0.0802207961678505 -0.158899649977684 3.0359833240509
16 18 0.0651616230607033 -0.655317723751068 3.00174903869629
16 19 0.0579729378223419 -0.990280032157898 2.97460126876831
16 20 0.0764847546815872 -1.04154086112976 2.8936243057251
17 1 -0.0118519105017185 -0.0739800482988358 3.05546545982361
17 2 -0.0112535413354635 -0.0221144072711468 3.11302208900452
17 3 -0.0216333046555519 0.304793775081635 3.13450026512146
17 4 -0.0237800236791372 0.498052507638931 3.14419007301331
17 5 -0.216192215681076 0.23039822280407 3.16328501701355
17 6 -0.445840299129486 0.288505554199219 3.16270351409912
17 7 -0.64379096031189 0.317829966545105 3.10708141326904
17 8 -0.74196320772171 0.325483322143555 3.06621050834656
17 9 0.180421113967896 0.245892286300659 3.14805769920349
17 10 0.333347797393799 0.420880436897278 3.10584878921509
17 11 0.295504808425903 0.685904979705811 3.1237154006958
17 12 0.277131855487823 0.758569896221161 3.14804816246033
17 13 -0.0987735167145729 -0.162589460611343 3.03204846382141
17 14 -0.103893682360649 -0.666337370872498 3.02587461471558
17 15 -0.101867027580738 -1.00074195861816 2.98301124572754
17 16 -0.120810300111771 -1.05324423313141 2.9220712184906
17 17 0.0796859040856361 -0.158963590860367 3.03590965270996
17 18 0.0652042850852013 -0.654773056507111 3.00156617164612
17 19 0.0657181143760681 -0.9942227602005 2.96763730049133
17 20 0.0756291672587395 -1.04093658924103 2.89338254928589
18 1 -0.0120055573061109 -0.0736744850873947 3.0553503036499
18 2 -0.0112152509391308 -0.0217617005109787 3.11280083656311
18 3 -0.0208396352827549 0.304399847984314 3.13276147842407
18 4 -0.0233784727752209 0.498473614454269 3.14418911933899
18 5 -0.21642878651619 0.231516271829605 3.16379547119141
18 6 -0.448549509048462 0.288070619106293 3.16279220581055
18 7 -0.641695499420166 0.31659135222435 3.10956811904907
18 8 -0.739140272140503 0.325752645730972 3.06757092475891
18 9 0.180895522236824 0.245802342891693 3.14770936965942
18 10 0.334093242883682 0.41966050863266 3.10225391387939
18 11 0.298648357391357 0.685038089752197 3.12173581123352
18 12 0.279077619314194 0.756439208984375 3.14849019050598
18 13 -0.0992945656180382 -0.162271320819855 3.03237915039063
18 14 -0.104213938117027 -0.665869534015656 3.0259428024292
18 15 -0.102761685848236 -1.0025120973587 2.98303413391113
18 16 -0.126046925783157 -1.05467677116394 2.91701006889343
18 17 0.0793629437685013 -0.158921226859093 3.03590893745422
18 18 0.0649797171354294 -0.652373135089874 3.0005476474762
18 19 0.0629438608884811 -0.990305542945862 2.96872138977051
18 20 0.0749792456626892 -1.03745031356812 2.89685845375061
19 1 -0.0120378797873855 -0.073636420071125 3.05527663230896
19 2 -0.0111211482435465 -0.0218234416097403 3.11266136169434
19 3 -0.0192544106394053 0.304776310920715 3.13385725021362
19 4 -0.0214224178344011 0.499341875314713 3.14478158950806
19 5 -0.216182127594948 0.231788694858551 3.16398429870605
19 6 -0.466458350419998 0.293725609779358 3.1602156162262
19 7 -0.658902287483215 0.32065024971962 3.10133671760559
19 8 -0.756821691989899 0.329312592744827 3.0607123374939
19 9 0.181698590517044 0.24565452337265 3.14747643470764
19 10 0.336977869272232 0.418160945177078 3.10196352005005
19 11 0.300860524177551 0.683875679969788 3.12155318260193
19 12 0.283015578985214 0.755860865116119 3.14763903617859
19 13 -0.0995413213968277 -0.162226065993309 3.03269863128662
19 14 -0.103663481771946 -0.664455533027649 3.02569723129272
19 15 -0.103545397520065 -1.00181841850281 2.98326444625854
19 16 -0.122562550008297 -1.05441117286682 2.92139887809753
19 17 0.0791635438799858 -0.158943638205528 3.03566455841064
19 18 0.0658400505781174 -0.653273940086365 3.00148296356201
19 19 0.060915756970644 -0.988127291202545 2.97387385368347
19 20 0.0755702778697014 -1.04054498672485 2.89551758766174
20 1 -0.0116189317777753 -0.0735153779387474 3.05526876449585
20 2 -0.0104127340018749 -0.0216208286583424 3.1125659942627
20 3 -0.0186494253575802 0.304883867502213 3.13330888748169
20 4 -0.0210498012602329 0.498671889305115 3.14559936523438
20 5 -0.215380162000656 0.232814356684685 3.16504859924316
20 6 -0.459429264068604 0.293556451797485 3.16045808792114
20 7 -0.653302013874054 0.323966443538666 3.10908508300781
20 8 -0.751111209392548 0.332539647817612 3.06798839569092
20 9 0.18230327963829 0.244613930583 3.14649677276611
20 10 0.339670807123184 0.41712287068367 3.10034203529358
20 11 0.301356822252274 0.682865738868713 3.12054443359375
20 12 0.282889813184738 0.753413915634155 3.15005970001221
20 13 -0.0991689562797546 -0.161908209323883 3.03271842002869
20 14 -0.103252410888672 -0.664033591747284 3.02558994293213
20 15 -0.103628359735012 -1.00084984302521 2.98308157920837
20 16 -0.120539404451847 -1.05477666854858 2.9258189201355
20 17 0.0793208256363869 -0.159038573503494 3.03564119338989
20 18 0.0663149058818817 -0.654262840747833 3.00095796585083
20 19 0.0590572580695152 -0.992862343788147 2.97136664390564
20 20 0.0766285583376884 -1.04195463657379 2.89408016204834
