1 1 -0.00481475843116641 -0.0876754522323608 3.0615918636322
1 2 -0.00594882154837251 -0.0361933149397373 3.12049221992493
1 3 -0.0109710125252604 0.296565890312195 3.15125226974487
1 4 -0.0217796936631203 0.492386221885681 3.16105484962463
1 5 -0.207725703716278 0.215004533529282 3.15978670120239
1 6 -0.465267837047577 0.242800921201706 3.171550989151
1 7 -0.671598672866821 0.265797972679138 3.12963938713074
1 8 -0.765909969806671 0.270242631435394 3.09329104423523
1 9 0.194246456027031 0.209861174225807 3.15935635566711
1 10 0.400852233171463 0.306025296449661 3.13713955879211
1 11 0.353208780288696 0.509771406650543 3.13634586334229
1 12 0.316176801919937 0.567597031593323 3.14995408058167
1 13 -0.0938108116388321 -0.175287693738937 3.03336811065674
1 14 -0.0977685451507568 -0.67625218629837 3.03108263015747
1 15 -0.102538362145424 -1.0068451166153 2.9826934337616
1 16 -0.12543697655201 -1.05815291404724 2.91306471824646
1 17 0.0876756608486176 -0.175872430205345 3.04407119750977
1 18 0.0666724890470505 -0.669396281242371 3.00938272476196
1 19 0.0582719668745995 -0.994256138801575 2.97050833702087
1 20 0.0769715756177902 -1.04623448848724 2.88322687149048
2 1 -0.00337018514983356 -0.0881544724106789 3.06416058540344
2 2 -0.00431370222941041 -0.0366284586489201 3.12306499481201
2 3 -0.00816026236861944 0.296012103557587 3.15355157852173
2 4 -0.0193677730858326 0.491993695497513 3.16263937950134
2 5 -0.206188440322876 0.215660646557808 3.16157746315002
2 6 -0.441359370946884 0.24060395359993 3.15422058105469
2 7 -0.645281195640564 0.259743124246597 3.10339617729187
2 8 -0.73972350358963 0.264283180236816 3.06703329086304
2 9 0.195087403059006 0.209986880421638 3.16084313392639
2 10 0.403592497110367 0.306671500205994 3.13947772979736
2 11 0.359670907258987 0.510111570358276 3.13397979736328
2 12 0.316826105117798 0.571205079555511 3.14016842842102
2 13 -0.0925645679235458 -0.175261050462723 3.03555822372437
2 14 -0.0983159393072128 -0.678712666034698 3.0328905582428
2 15 -0.102507025003433 -1.00490975379944 2.9821617603302
2 16 -0.129742741584778 -1.06365501880646 2.90933561325073
2 17 0.088481031358242 -0.176494047045708 3.04678177833557
2 18 0.0658231824636459 -0.667762696743011 3.01044416427612
2 19 0.0606821216642857 -0.990893840789795 2.97039270401001
2 20 0.079690232872963 -1.04463911056519 2.88193225860596
3 1 -0.00359284435398877 -0.0882901325821877 3.06626129150391
3 2 -0.00479348842054605 -0.0366819649934769 3.12496733665466
3 3 -0.00892909616231918 0.295364826917648 3.15418481826782
3 4 -0.0232462696731091 0.488774418830872 3.16024088859558
3 5 -0.205294817686081 0.216550245881081 3.16254377365112
3 6 -0.442048102617264 0.242991358041763 3.15254878997803
3 7 -0.644168853759766 0.262089788913727 3.09791684150696
3 8 -0.740687966346741 0.264713644981384 3.06429433822632
3 9 0.196115106344223 0.209047257900238 3.16335821151733
3 10 0.403001964092255 0.305345982313156 3.1411919593811
3 11 0.357055485248566 0.507136762142181 3.13857388496399
3 12 0.317700266838074 0.566406846046448 3.14295768737793
3 13 -0.0930314883589745 -0.174654006958008 3.03859567642212
3 14 -0.0988689437508583 -0.678611159324646 3.03464460372925
3 15 -0.104622215032578 -1.00857067108154 2.98058271408081
3 16 -0.123782463371754 -1.06052958965302 2.91890621185303
3 17 0.0884861946105957 -0.176635220646858 3.04963159561157
3 18 0.0657385438680649 -0.667636752128601 3.0109486579895
3 19 0.061703659594059 -0.992805957794189 2.96830487251282
3 20 0.0735094770789146 -1.0455127954483 2.88954043388367
4 1 -0.00397113151848316 -0.0875856429338455 3.06888675689697
4 2 -0.00549834547564387 -0.0365422591567039 3.12739109992981
4 3 -0.0101498737931252 0.291528612375259 3.15569710731506
4 4 -0.0220362655818462 0.488457828760147 3.16144466400146
4 5 -0.207042723894119 0.217960402369499 3.16380047798157
4 6 -0.445535063743591 0.244795441627502 3.15130114555359
4 7 -0.645657420158386 0.258471131324768 3.09114098548889
4 8 -0.74147492647171 0.260634213685989 3.05712461471558
4 9 0.197340294718742 0.209824785590172 3.16636443138123
4 10 0.402861148118973 0.30531919002533 3.14294600486755
4 11 0.358143657445908 0.506343126296997 3.13621377944946
4 12 0.318126142024994 0.565333068370819 3.14289975166321
4 13 -0.0934762731194496 -0.174765959382057 3.03996658325195
4 14 -0.100065402686596 -0.679368376731873 3.03606367111206
4 15 -0.10185345262289 -1.00526344776154 2.98220324516296
4 16 -0.128876835107803 -1.0607123374939 2.91939163208008
4 17 0.0881550908088684 -0.177185043692589 3.05212092399597
4 18 0.0651328042149544 -0.669915556907654 3.01205062866211
4 19 0.0571832433342934 -1.00141191482544 2.96033430099487
4 20 0.0821174085140228 -1.04731452465057 2.87702322006226
5 1 -0.0045214956626296 -0.087478443980217 3.0705349445343
5 2 -0.00630245916545391 -0.0364537909626961 3.1287088394165
5 3 -0.013005405664444 0.290026515722275 3.15463805198669
5 4 -0.0224144905805588 0.486200213432312 3.1598813533783
5 5 -0.208364769816399 0.218747019767761 3.16469264030457
5 6 -0.440658152103424 0.245053052902222 3.15324354171753
5 7 -0.639213919639587 0.25798699259758 3.08961629867554
5 8 -0.734773218631744 0.260844051837921 3.05621480941772
5 9 0.19641038775444 0.209337428212166 3.16730713844299
5 10 0.401402145624161 0.305308163166046 3.14348530769348
5 11 0.356856316328049 0.505621790885925 3.13639545440674
5 12 0.317529529333115 0.566163659095764 3.14609599113464
5 13 -0.0938866287469864 -0.174780860543251 3.04154562950134
5 14 -0.0995897203683853 -0.677824079990387 3.03631687164307
5 15 -0.100398950278759 -1.00443255901337 2.98483395576477
5 16 -0.126316130161285 -1.05696177482605 2.91495633125305
5 17 0.0882133692502975 -0.177338346838951 3.05481886863709
5 18 0.0658833235502243 -0.668887317180634 3.01278066635132
5 19 0.0654207468032837 -0.994090855121613 2.96560144424438
5 20 0.0785541534423828 -1.0445419549942 2.88330912590027
6 1 -0.00528191775083542 -0.0877325609326363 3.07100796699524
6 2 -0.00715241255238652 -0.0366420522332191 3.12911152839661
6 3 -0.0151983126997948 0.290344834327698 3.15415644645691
6 4 -0.0243849139660597 0.485322326421738 3.15804600715637
6 5 -0.209296122193336 0.218760415911675 3.16467499732971
6 6 -0.448784947395325 0.243580490350723 3.14907336235046
6 7 -0.644993782043457 0.258518636226654 3.08041000366211
6 8 -0.740336775779724 0.261119216680527 3.04766321182251
6 9 0.195037454366684 0.209530487656593 3.16698956489563
6 10 0.400779664516449 0.307988494634628 3.14249324798584
6 11 0.357822954654694 0.507868468761444 3.13311648368835
6 12 0.311825454235077 0.596606969833374 3.14649939537048
6 13 -0.0945012867450714 -0.174941122531891 3.04230713844299
6 14 -0.0997136607766151 -0.678008675575256 3.03653216362
6 15 -0.0998064875602722 -1.0066819190979 2.98337268829346
6 16 -0.1301559060812 -1.06131756305695 2.90501832962036
6 17 0.0875303894281387 -0.177374988794327 3.0552122592926
6 18 0.0649864450097084 -0.670544326305389 3.0142936706543
6 19 0.0595438852906227 -1.00049471855164 2.96567821502686
6 20 0.07717614620924 -1.04643940925598 2.88134956359863
7 1 -0.00664970465004444 -0.0881345793604851 3.07047820091248
7 2 -0.0088987210765481 -0.0368973016738892 3.12852549552917
7 3 -0.0177903063595295 0.290599972009659 3.15308976173401
7 4 -0.0273856222629547 0.486225724220276 3.15861630439758
7 5 -0.209836885333061 0.217987149953842 3.16354537010193
7 6 -0.444382339715958 0.242747664451599 3.14600682258606
7 7 -0.640172362327576 0.25856825709343 3.07818150520325
7 8 -0.735733509063721 0.261619031429291 3.04702496528625
7 9 0.193616017699242 0.209854647517204 3.16657090187073
7 10 0.396787613630295 0.302791655063629 3.14382719993591
7 11 0.357465296983719 0.502874433994293 3.1323504447937
7 12 0.313307762145996 0.567750751972198 3.14393544197083
7 13 -0.0951856225728989 -0.175282791256905 3.04213213920593
7 14 -0.0997452810406685 -0.679071545600891 3.03742623329163
7 15 -0.104440808296204 -1.00723302364349 2.98204827308655
7 16 -0.133317276835442 -1.06394147872925 2.90357518196106
7 17 0.0861589089035988 -0.177314519882202 3.05440187454224
7 18 0.0642248839139938 -0.669327557086945 3.01347160339355
7 19 0.0579840093851089 -0.998563349246979 2.96604776382446
7 20 0.0781230032444 -1.0451682806015 2.88249683380127
8 1 -0.00768553931266069 -0.0879817381501198 3.07003426551819
8 2 -0.0100740501657128 -0.0367036759853363 3.12801432609558
8 3 -0.0195163879543543 0.290528416633606 3.15206289291382
8 4 -0.028183126822114 0.486499220132828 3.15603876113892
8 5 -0.210812538862228 0.21813577413559 3.16288304328918
8 6 -0.449673235416412 0.244167938828468 3.1421844959259
8 7 -0.643839359283447 0.255463302135468 3.06923127174377
8 8 -0.739381611347198 0.25903332233429 3.03903555870056
8 9 0.19252111017704 0.210474625229836 3.16580986976624
8 10 0.399795383214951 0.306975841522217 3.14213871955872
8 11 0.355907797813416 0.505690217018127 3.12810564041138
8 12 0.338419377803802 0.59977775812149 3.15801429748535
8 13 -0.0960449948906899 -0.175186082720757 3.04187750816345
8 14 -0.0997630208730698 -0.680357694625854 3.03715324401855
8 15 -0.101911000907421 -1.00708186626434 2.98535776138306
8 16 -0.12932026386261 -1.06058657169342 2.91049957275391
8 17 0.0855273678898811 -0.177205458283424 3.0538022518158
8 18 0.0632965117692947 -0.669814646244049 3.01431941986084
8 19 0.057281456887722 -0.998729884624481 2.96677899360657
8 20 0.0776070803403854 -1.04637670516968 2.88068127632141
9 1 -0.00879855081439018 -0.0877236872911453 3.06924080848694
9 2 -0.0112053267657757 -0.0363388992846012 3.12714791297913
9 3 -0.0206200126558542 0.290963560342789 3.15067505836487
9 4 -0.0299508981406689 0.487965375185013 3.15761160850525
9 5 -0.211615338921547 0.217868015170097 3.16224503517151
9 6 -0.443653851747513 0.243210136890411 3.14168214797974
9 7 -0.637539088726044 0.256690740585327 3.07012152671814
9 8 -0.732993960380554 0.260882645845413 3.04057216644287
9 9 0.191308334469795 0.211035013198853 3.16518759727478
9 10 0.39522111415863 0.311438888311386 3.14139103889465
9 11 0.354674220085144 0.510305643081665 3.13018107414246
9 12 0.337400108575821 0.605306804180145 3.1562340259552
9 13 -0.0969331637024879 -0.175098970532417 3.04161381721497
9 14 -0.100110925734043 -0.679423868656158 3.03678703308105
9 15 -0.101944021880627 -1.00516521930695 2.98832845687866
9 16 -0.132394924759865 -1.06511497497559 2.92264342308044
9 17 0.0843496844172478 -0.176642045378685 3.05256414413452
9 18 0.0635983496904373 -0.6679927110672 3.01445388793945
9 19 0.0599034428596497 -1.00276041030884 2.96438074111938
9 20 0.0758258700370789 -1.04873728752136 2.8818027973175
10 1 -0.00912655796855688 -0.0877928361296654 3.06884121894836
10 2 -0.0113963158801198 -0.0363992974162102 3.12671446800232
10 3 -0.0198457278311253 0.290654271841049 3.15025234222412
10 4 -0.0308266971260309 0.487528860569 3.15458798408508
10 5 -0.212417334318161 0.218083783984184 3.16171026229858
10 6 -0.443697959184647 0.243243917822838 3.13908767700195
10 7 -0.636562287807465 0.255805224180222 3.06549644470215
10 8 -0.731479108333588 0.259820103645325 3.03483414649963
10 9 0.190019816160202 0.210191577672958 3.16362595558167
10 10 0.393393784761429 0.308494418859482 3.13900709152222
10 11 0.349250286817551 0.511243641376495 3.12549138069153
10 12 0.334560573101044 0.605041444301605 3.15634059906006
10 13 -0.0973350703716278 -0.175176844000816 3.04123258590698
10 14 -0.0992752239108086 -0.677601039409637 3.03743982315063
10 15 -0.102214626967907 -1.00386714935303 2.985755443573
10 16 -0.1344845443964 -1.06522655487061 2.91712331771851
10 17 0.083921380341053 -0.176693201065063 3.05211210250854
10 18 0.0636328682303429 -0.669798254966736 3.01464414596558
10 19 0.0677673444151878 -1.0048770904541 2.95193147659302
10 20 0.0777033641934395 -1.0486695766449 2.88351392745972
11 1 -0.00921708811074495 -0.0879235044121742 3.06837892532349
11 2 -0.0113397380337119 -0.0363731905817986 3.12621378898621
11 3 -0.0188773442059755 0.291256606578827 3.14911222457886
11 4 -0.0304977521300316 0.486260920763016 3.15084552764893
11 5 -0.212415456771851 0.218473926186562 3.16077589988709
11 6 -0.439334213733673 0.243866682052612 3.1355721950531
11 7 -0.632957816123962 0.254840493202209 3.06531381607056
11 8 -0.728171527385712 0.260550796985626 3.03644156455994
11 9 0.189610883593559 0.211169749498367 3.16243076324463
11 10 0.397431313991547 0.317091196775436 3.13753914833069
11 11 0.354219645261765 0.514602720737457 3.12227487564087
11 12 0.335310041904449 0.609034419059753 3.1479058265686
11 13 -0.097487598657608 -0.175206199288368 3.04110193252563
11 14 -0.0997530892491341 -0.678811609745026 3.03685355186462
11 15 -0.104637272655964 -1.00667715072632 2.98352026939392
11 16 -0.128834813833237 -1.06089603900909 2.90271162986755
11 17 0.0836285427212715 -0.176590651273727 3.05141687393188
11 18 0.0639212876558304 -0.66828989982605 3.01395010948181
11 19 0.0593687929213047 -0.997409343719482 2.96410918235779
11 20 0.0800032243132591 -1.04772734642029 2.88233065605164
12 1 -0.00949591584503651 -0.0879052579402924 3.06765747070313
12 2 -0.0116887297481298 -0.0359956920146942 3.12526679039001
12 3 -0.0206627193838358 0.291946858167648 3.14615774154663
12 4 -0.0301195252686739 0.48785126209259 3.15091919898987
12 5 -0.212551787495613 0.218648716807365 3.15943932533264
12 6 -0.444768041372299 0.244912594556808 3.13120555877686
12 7 -0.637873649597168 0.258492529392242 3.06097960472107
12 8 -0.732387244701386 0.261829227209091 3.03003334999084
12 9 0.189363405108452 0.210870787501335 3.16071557998657
12 10 0.397952020168304 0.308313846588135 3.13648891448975
12 11 0.356372714042664 0.505832731723785 3.12432837486267
12 12 0.337700963020325 0.599349200725555 3.152747631073
12 13 -0.0977378338575363 -0.175154820084572 3.0407338142395
12 14 -0.101010277867317 -0.674059271812439 3.03645586967468
12 15 -0.102364204823971 -1.00296223163605 2.98525071144104
12 16 -0.126236066222191 -1.0570969581604 2.91494083404541
12 17 0.0834699720144272 -0.176586225628853 3.05065393447876
12 18 0.0636363252997398 -0.668732345104218 3.01349186897278
12 19 0.0585639476776123 -0.996763586997986 2.96620726585388
12 20 0.0793147161602974 -1.04755616188049 2.88227248191834
13 1 -0.00971614010632038 -0.0876785516738892 3.06720924377441
13 2 -0.0119690485298634 -0.0358120463788509 3.124755859375
13 3 -0.0198150239884853 0.291547924280167 3.14532375335693
13 4 -0.0296926163136959 0.48698017001152 3.15005683898926
13 5 -0.212981790304184 0.219433888792992 3.15812706947327
13 6 -0.440401494503021 0.24503031373024 3.12847709655762
13 7 -0.632927000522614 0.257257252931595 3.05749154090881
13 8 -0.727661669254303 0.26076740026474 3.02766823768616
13 9 0.190058350563049 0.210524037480354 3.16041970252991
13 10 0.395377308130264 0.308309644460678 3.13563466072083
13 11 0.354761987924576 0.505597114562988 3.12188935279846
13 12 0.335655212402344 0.600977122783661 3.14223623275757
13 13 -0.0981820002198219 -0.174910455942154 3.04038763046265
13 14 -0.100495554506779 -0.678478360176086 3.0366222858429
13 15 -0.101808935403824 -1.00873517990112 2.98480629920959
13 16 -0.129059165716171 -1.06215763092041 2.90898489952087
13 17 0.0832547172904015 -0.176653355360031 3.05039620399475
13 18 0.0623363740742207 -0.669436693191528 3.01283144950867
13 19 0.0616690181195736 -0.998243451118469 2.96449398994446
13 20 0.0789289176464081 -1.04730248451233 2.87837147712708
14 1 -0.00933992024511099 -0.0875565707683563 3.06654191017151
14 2 -0.0118019627407193 -0.0357177257537842 3.12408638000488
14 3 -0.0193642899394035 0.291743636131287 3.14486527442932
14 4 -0.0294364951550961 0.48759338259697 3.15002775192261
14 5 -0.211842149496078 0.219109833240509 3.15588021278381
14 6 -0.436767309904099 0.244547337293625 3.12854170799255
14 7 -0.62908262014389 0.256604909896851 3.05814099311829
14 8 -0.723657369613647 0.261990517377853 3.02850103378296
14 9 0.190479263663292 0.21121010184288 3.16027927398682
14 10 0.396602034568787 0.311589539051056 3.13738465309143
14 11 0.353672534227371 0.507957100868225 3.12019538879395
14 12 0.33342844247818 0.602236390113831 3.14372205734253
14 13 -0.0977647453546524 -0.174762398004532 3.03960800170898
14 14 -0.0994085147976875 -0.677892446517944 3.03604650497437
14 15 -0.103495463728905 -1.00441431999207 2.98474168777466
14 16 -0.123915329575539 -1.06079185009003 2.92370867729187
14 17 0.0836658105254173 -0.176494553685188 3.04997658729553
14 18 0.0648815184831619 -0.667333722114563 3.01221942901611
14 19 0.0617530308663845 -1.00065302848816 2.96063375473022
14 20 0.0798165798187256 -1.047203540802 2.88392305374146
15 1 -0.00906928535550833 -0.0874113216996193 3.06575655937195
15 2 -0.0115076741203666 -0.0356294736266136 3.12333512306213
15 3 -0.0188001021742821 0.291352599859238 3.14457750320435
15 4 -0.0294200703501701 0.487844944000244 3.14858865737915
15 5 -0.211697101593018 0.218773812055588 3.15474557876587
15 6 -0.443326205015183 0.242383703589439 3.12607979774475
15 7 -0.634348392486572 0.254407227039337 3.05243563652039
15 8 -0.729093492031097 0.26017352938652 3.02382969856262
15 9 0.189978688955307 0.21235778927803 3.15936851501465
15 10 0.39471435546875 0.309279888868332 3.13574385643005
15 11 0.352426677942276 0.505536675453186 3.12129235267639
15 12 0.333503872156143 0.599144160747528 3.14789605140686
15 13 -0.0974353030323982 -0.174794599413872 3.038818359375
15 14 -0.0994797796010971 -0.674290001392365 3.0355064868927
15 15 -0.0948556214570999 -1.00198042392731 2.9849112033844
15 16 -0.130418002605438 -1.06512010097504 2.9321117401123
15 17 0.0838891640305519 -0.176028057932854 3.04928517341614
15 18 0.0650358721613884 -0.667386829853058 3.01242256164551
15 19 0.057850044220686 -1.00004875659943 2.96271800994873
15 20 0.0802142694592476 -1.04780447483063 2.87804126739502
16 1 -0.009145462885499 -0.0872979760169983 3.06491112709045
16 2 -0.0116389067843556 -0.0357174128293991 3.12217998504639
16 3 -0.0192439965903759 0.291411310434341 3.14368963241577
16 4 -0.0303747355937958 0.488323569297791 3.14751553535461
16 5 -0.212325915694237 0.218162536621094 3.15427589416504
16 6 -0.436729162931442 0.23905348777771 3.12388920783997
16 7 -0.629548370838165 0.256155997514725 3.05864024162292
16 8 -0.724012672901154 0.260067492723465 3.02926254272461
16 9 0.188303977251053 0.212939158082008 3.15843081474304
16 10 0.397531986236572 0.310472190380096 3.13093113899231
16 11 0.350017338991165 0.505254209041595 3.11845564842224
16 12 0.329132318496704 0.59893125295639 3.14275145530701
16 13 -0.0974244251847267 -0.174790009856224 3.03766179084778
16 14 -0.0994338393211365 -0.678462445735931 3.03436970710754
16 15 -0.101653546094894 -1.00469934940338 2.98178029060364
16 16 -0.125084280967712 -1.06004416942596 2.91700959205627
16 17 0.0836090371012688 -0.175795465707779 3.04822659492493
16 18 0.0652160122990608 -0.668726623058319 3.01257061958313
16 19 0.0590029507875443 -1.00011765956879 2.96379351615906
16 20 0.0794101431965828 -1.04651570320129 2.88479256629944
17 1 -0.00926371291279793 -0.087676152586937 3.06321692466736
17 2 -0.011439073830843 -0.0357089415192604 3.12098860740662
17 3 -0.0188343748450279 0.292492777109146 3.14326882362366
17 4 -0.0307957641780376 0.488721817731857 3.14670920372009
17 5 -0.213045999407768 0.217564538121223 3.15358638763428
17 6 -0.438230752944946 0.238310009241104 3.12149715423584
17 7 -0.630609095096588 0.253553658723831 3.05489134788513
17 8 -0.72509491443634 0.258162617683411 3.0260534286499
17 9 0.186582863330841 0.212197095155716 3.15662169456482
17 10 0.394934773445129 0.30965518951416 3.13181686401367
17 11 0.350645780563354 0.504969835281372 3.11716461181641
17 12 0.330011010169983 0.598680973052979 3.14109921455383
17 13 -0.0974509045481682 -0.175193980336189 3.0363187789917
17 14 -0.0995497852563858 -0.679530382156372 3.03415536880493
17 15 -0.103083856403828 -1.00491380691528 2.98320198059082
17 16 -0.129312127828598 -1.06323444843292 2.9143807888031
17 17 0.0834373757243156 -0.175301194190979 3.04644417762756
17 18 0.0652337297797203 -0.667057633399963 3.01194024085999
17 19 0.0561446063220501 -0.994962811470032 2.96726155281067
17 20 0.0783944800496101 -1.04503488540649 2.88677716255188
18 1 -0.00998419336974621 -0.0867986753582954 3.0612313747406
18 2 -0.0119106946513057 -0.0348298847675323 3.11873960494995
18 3 -0.0187360104173422 0.292775988578796 3.13963222503662
18 4 -0.0324357226490974 0.488825082778931 3.14456367492676
18 5 -0.214600294828415 0.217608094215393 3.1532199382782
18 6 -0.439581692218781 0.23908032476902 3.11964726448059
18 7 -0.631618499755859 0.253801167011261 3.05278849601746
18 8 -0.725721716880798 0.257807463407516 3.02293586730957
18 9 0.185847580432892 0.212005347013474 3.15548181533813
18 10 0.393889427185059 0.308124870061874 3.13088798522949
18 11 0.351181656122208 0.503487884998322 3.11651229858398
18 12 0.330101281404495 0.597388744354248 3.13889288902283
18 13 -0.0985764265060425 -0.174685314297676 3.03464913368225
18 14 -0.099677674472332 -0.677289962768555 3.03370189666748
18 15 -0.103692322969437 -1.0050311088562 2.98237133026123
18 16 -0.130999609827995 -1.06317102909088 2.90562438964844
18 17 0.0827747583389282 -0.174850076436996 3.04470109939575
18 18 0.0631675198674202 -0.666609287261963 3.01058053970337
18 19 0.0593838728964329 -0.996351897716522 2.96511197090149
18 20 0.0785879790782928 -1.04684019088745 2.88442015647888
19 1 -0.0107941040769219 -0.0862694084644318 3.05967998504639
19 2 -0.0130359707400203 -0.0343505255877972 3.11700439453125
19 3 -0.0207950063049793 0.292606145143509 3.13720488548279
19 4 -0.0338802896440029 0.488580405712128 3.14322662353516
19 5 -0.215959772467613 0.217181399464607 3.15148735046387
19 6 -0.437207102775574 0.239756196737289 3.11609673500061
19 7 -0.629354417324066 0.255347400903702 3.05057954788208
19 8 -0.724242806434631 0.26015368103981 3.02373719215393
19 9 0.184993088245392 0.212851211428642 3.15544366836548
19 10 0.394829660654068 0.309006720781326 3.12860918045044
19 11 0.350103586912155 0.503730654716492 3.11664843559265
19 12 0.328698664903641 0.598009765148163 3.13666582107544
19 13 -0.0992398336529732 -0.174308091402054 3.03264713287354
19 14 -0.100886546075344 -0.677708268165588 3.03302025794983
19 15 -0.101080194115639 -1.00485849380493 2.98342275619507
19 16 -0.130799025297165 -1.06335020065308 2.91022634506226
19 17 0.082357257604599 -0.174459204077721 3.04390811920166
19 18 0.0621557720005512 -0.665164887905121 3.01029849052429
19 19 0.0567301213741302 -0.994369387626648 2.96716356277466
19 20 0.0788875669240952 -1.04337775707245 2.88481426239014
20 1 -0.0110014649108052 -0.0862098410725594 3.0590193271637
20 2 -0.0133287468925118 -0.0342458635568619 3.11620950698853
20 3 -0.0205938648432493 0.292335838079453 3.13594675064087
20 4 -0.0336381457746029 0.487849861383438 3.1424252986908
20 5 -0.216313377022743 0.217467188835144 3.15060138702393
20 6 -0.434622704982758 0.239065572619438 3.11686038970947
20 7 -0.624960839748383 0.253318399190903 3.04583954811096
20 8 -0.720421135425568 0.26047357916832 3.02196455001831
20 9 0.185565084218979 0.212578520178795 3.15545582771301
20 10 0.393779397010803 0.307357966899872 3.12890434265137
20 11 0.349826216697693 0.501942455768585 3.11520934104919
20 12 0.328649669885635 0.5961092710495 3.13565564155579
20 13 -0.0995190888643265 -0.174280479550362 3.03196454048157
20 14 -0.100968196988106 -0.67738950252533 3.03245043754578
20 15 -0.103998512029648 -1.00545454025269 2.98045229911804
20 16 -0.132104158401489 -1.06226551532745 2.91306662559509
20 17 0.0821243226528168 -0.174529403448105 3.0434148311615
20 18 0.0604351572692394 -0.666799545288086 3.01102924346924
20 19 0.0586551651358604 -0.99731308221817 2.96645259857178
20 20 0.0750702545046806 -1.04615235328674 2.88419914245605
