1 1 0.00276529230177403 -0.0389076508581638 3.04223942756653
1 2 -0.00490356143563986 0.0199204888194799 3.10727572441101
1 3 -0.0263425707817078 0.39311346411705 3.13604092597961
1 4 -0.0222604870796204 0.58017885684967 3.14569091796875
1 5 -0.220128044486046 0.289626777172089 3.12430739402771
1 6 -0.520805716514587 0.316811770200729 3.15914106369019
1 7 -0.753032445907593 0.370086252689362 3.10789084434509
1 8 -0.858883023262024 0.394654631614685 3.10337591171265
1 9 0.180717587471008 0.31141260266304 3.15124607086182
1 10 0.390594333410263 0.426796793937683 3.18417072296143
1 11 0.358276009559631 0.721425950527191 3.23625183105469
1 12 0.327873378992081 0.793714702129364 3.25391530990601
1 13 -0.0797158479690552 -0.129755437374115 3.00855469703674
1 14 -0.0729315504431725 -0.646390199661255 3.02610969543457
1 15 -0.0570507273077965 -1.00715839862823 2.98488903045654
1 16 -0.0793353170156479 -1.06296896934509 2.93766331672668
1 17 0.0974663943052292 -0.12459371984005 3.03272914886475
1 18 0.0693690329790115 -0.62494683265686 2.9984495639801
1 19 0.0412680320441723 -0.991642773151398 2.98625874519348
1 20 0.0596750490367413 -1.05205988883972 2.92444849014282
2 1 0.00261549931019545 -0.0409890562295914 3.04336285591125
2 2 -0.00532333366572857 0.0184566490352154 3.10851287841797
2 3 -0.0247529000043869 0.394966602325439 3.13785099983215
2 4 -0.0214562974870205 0.582970201969147 3.15027832984924
2 5 -0.219925254583359 0.289075613021851 3.12340545654297
2 6 -0.518951058387756 0.316896677017212 3.15801906585693
2 7 -0.751491189002991 0.369736433029175 3.1126024723053
2 8 -0.857317268848419 0.394228875637054 3.09781122207642
2 9 0.180085331201553 0.310674697160721 3.15406155586243
2 10 0.392618715763092 0.43031257390976 3.19003558158875
2 11 0.354443550109863 0.732901215553284 3.24273562431335
2 12 0.323927193880081 0.806017518043518 3.25971388816834
2 13 -0.0802681371569633 -0.131429627537727 3.00867176055908
2 14 -0.0788078308105469 -0.641814589500427 3.02705049514771
2 15 -0.0595550611615181 -1.0013839006424 2.99188232421875
2 16 -0.0563879907131195 -1.06407356262207 2.93679666519165
2 17 0.0969829857349396 -0.126925930380821 3.03518295288086
2 18 0.0692615434527397 -0.624484241008759 3.00106906890869
2 19 0.0394243039190769 -0.990999519824982 2.98668122291565
2 20 0.0620456635951996 -1.05909895896912 2.92035961151123
3 1 0.00224602641537786 -0.0416323132812977 3.04447793960571
3 2 -0.00539477448910475 0.0174548197537661 3.10999798774719
3 3 -0.0244733821600676 0.394664078950882 3.14203190803528
3 4 -0.0235138796269894 0.58206307888031 3.1530454158783
3 5 -0.221112340688705 0.290125399827957 3.12477445602417
3 6 -0.51988959312439 0.316494345664978 3.15790200233459
3 7 -0.752113580703735 0.370370537042618 3.11377239227295
3 8 -0.858123064041138 0.394339621067047 3.09939050674438
3 9 0.17846117913723 0.310653448104858 3.15419507026672
3 10 0.392251074314117 0.433793783187866 3.19543719291687
3 11 0.383383184671402 0.698657870292664 3.23400139808655
3 12 0.328221619129181 0.791007459163666 3.2551703453064
3 13 -0.081008180975914 -0.131975010037422 3.0092658996582
3 14 -0.0791209265589714 -0.637154579162598 3.0270528793335
3 15 -0.0617561563849449 -0.995089948177338 2.99226212501526
3 16 -0.0701033025979996 -1.05700063705444 2.9410936832428
3 17 0.0964529514312744 -0.127069011330605 3.03589773178101
3 18 0.0683156847953796 -0.618929982185364 3.00106859207153
3 19 0.0396221429109573 -0.985988557338715 2.99116921424866
3 20 0.0506555885076523 -1.04658150672913 2.93568754196167
4 1 0.00171987968496978 -0.042250744998455 3.04575800895691
4 2 -0.00585940852761269 0.0168807618319988 3.11152338981628
4 3 -0.0254509281367064 0.395027756690979 3.14405703544617
4 4 -0.0250802859663963 0.581937253475189 3.15608024597168
4 5 -0.222206473350525 0.290579348802567 3.12564754486084
4 6 -0.521023273468018 0.316853553056717 3.15899634361267
4 7 -0.753796935081482 0.370106995105743 3.11985635757446
4 8 -0.831341326236725 0.389245122671127 3.10377955436707
4 9 0.177072882652283 0.310073584318161 3.15369725227356
4 10 0.389446288347244 0.434876203536987 3.19134116172791
4 11 0.358248651027679 0.722193658351898 3.2408492565155
4 12 0.321748912334442 0.794532418251038 3.25424408912659
4 13 -0.0817470997571945 -0.132652014493942 3.0095591545105
4 14 -0.0766771733760834 -0.638947606086731 3.02707934379578
4 15 -0.0592418611049652 -1.00189423561096 2.99226355552673
4 16 -0.0900468304753304 -1.05636525154114 2.94133877754211
4 17 0.0961977392435074 -0.128012150526047 3.03766226768494
4 18 0.0669767707586288 -0.62033474445343 3.00053787231445
4 19 0.0439881682395935 -0.987689018249512 2.99125695228577
4 20 0.055351085960865 -1.05182754993439 2.92907357215881
5 1 0.00122644985094666 -0.0425617843866348 3.04613351821899
5 2 -0.00644738972187042 0.0167662985622883 3.11206269264221
5 3 -0.0255009401589632 0.39584743976593 3.14471316337585
5 4 -0.0269322693347931 0.581947267055511 3.15541648864746
5 5 -0.222349688410759 0.290463477373123 3.12538623809814
5 6 -0.521210968494415 0.317038238048553 3.15917205810547
5 7 -0.753500401973724 0.370515704154968 3.11771726608276
5 8 -0.831323683261871 0.388631939888 3.10266208648682
5 9 0.176866546273232 0.311391472816467 3.15531730651855
5 10 0.389087498188019 0.435609340667725 3.19399404525757
5 11 0.359930276870728 0.723556876182556 3.24188160896301
5 12 0.324577867984772 0.795294642448425 3.25494027137756
5 13 -0.0826203227043152 -0.133321061730385 3.00922346115112
5 14 -0.0819841995835304 -0.634732723236084 3.02800416946411
5 15 -0.0564550347626209 -0.999552965164185 2.99004507064819
5 16 -0.071248896420002 -1.05771923065186 2.94500660896301
5 17 0.0957992523908615 -0.128282263875008 3.03830552101135
5 18 0.0664230734109879 -0.619979918003082 3.00162124633789
5 19 0.0387449599802494 -0.988282203674316 2.98901271820068
5 20 0.0505588613450527 -1.05148839950562 2.93023610115051
6 1 0.000517928681802005 -0.0431253015995026 3.04676032066345
6 2 -0.00698999874293804 0.0164853390306234 3.11280798912048
6 3 -0.0251484494656324 0.397949934005737 3.14714026451111
6 4 -0.0280333980917931 0.582976937294006 3.15754508972168
6 5 -0.222452729940414 0.29045757651329 3.12538933753967
6 6 -0.521741986274719 0.317363321781158 3.15984559059143
6 7 -0.753308892250061 0.372088134288788 3.11668372154236
6 8 -0.860102713108063 0.396782070398331 3.10588932037354
6 9 0.175347417593002 0.311517119407654 3.15518164634705
6 10 0.38725870847702 0.430488884449005 3.19227647781372
6 11 0.35992231965065 0.72047632932663 3.23770642280579
6 12 0.323882341384888 0.797667443752289 3.25623607635498
6 13 -0.0834106355905533 -0.133582144975662 3.00970554351807
6 14 -0.079942524433136 -0.637220978736877 3.02890467643738
6 15 -0.0624834671616554 -0.997008204460144 2.99029636383057
6 16 -0.0726237744092941 -1.057985663414 2.9378776550293
6 17 0.0946037545800209 -0.128523498773575 3.03886961936951
6 18 0.0668182000517845 -0.621630370616913 3.00216054916382
6 19 0.0416010729968548 -0.983625173568726 2.99304795265198
6 20 0.0520691424608231 -1.04632675647736 2.93097972869873
7 1 -8.46198236104101E-05 -0.0439024120569229 3.04657173156738
7 2 -0.00755050871521235 0.015769774094224 3.1126983165741
7 3 -0.0263938996940851 0.396157562732697 3.14574956893921
7 4 -0.0252605546265841 0.586216449737549 3.15903806686401
7 5 -0.221943661570549 0.290776371955872 3.12565398216248
7 6 -0.523310124874115 0.31658536195755 3.16029787063599
7 7 -0.756432414054871 0.368357598781586 3.12228488922119
7 8 -0.863689601421356 0.394803643226624 3.11181592941284
7 9 0.174970805644989 0.311568468809128 3.15536665916443
7 10 0.391405403614044 0.432633101940155 3.19520092010498
7 11 0.359229803085327 0.72483491897583 3.23967385292053
7 12 0.324207305908203 0.797057211399078 3.25653147697449
7 13 -0.0839690119028091 -0.133737534284592 3.00991249084473
7 14 -0.0784965083003044 -0.638978719711304 3.02764797210693
7 15 -0.0578626729547977 -1.00130474567413 2.98941469192505
7 16 -0.0773231685161591 -1.05990374088287 2.95293402671814
7 17 0.0938717797398567 -0.129000782966614 3.03854465484619
7 18 0.061669122427702 -0.625852704048157 3.00266289710999
7 19 0.0397841818630695 -0.988530039787292 2.98882031440735
7 20 0.0621911101043224 -1.05245780944824 2.92156362533569
8 1 -0.000603030144702643 -0.0436794757843018 3.04700207710266
8 2 -0.00793622154742479 0.0160107165575027 3.11298990249634
8 3 -0.0265907533466816 0.396086364984512 3.14501166343689
8 4 -0.025149118155241 0.585058152675629 3.16024589538574
8 5 -0.222088649868965 0.291131347417831 3.12643599510193
8 6 -0.523007571697235 0.316220581531525 3.1604311466217
8 7 -0.756610035896301 0.366101533174515 3.12288022041321
8 8 -0.828543722629547 0.385840892791748 3.1159815788269
8 9 0.174736768007278 0.31167083978653 3.15543675422668
8 10 0.39045262336731 0.432288527488709 3.1969473361969
8 11 0.362484067678452 0.724207758903503 3.24050140380859
8 12 0.328075498342514 0.796690344810486 3.25721669197083
8 13 -0.0847249031066895 -0.133669063448906 3.01036643981934
8 14 -0.0790410935878754 -0.641983389854431 3.02944040298462
8 15 -0.065364383161068 -1.00280129909515 2.99118947982788
8 16 -0.0528901293873787 -1.05808341503143 2.9470956325531
8 17 0.0933630168437958 -0.129025980830193 3.03914070129395
8 18 0.0611200630664825 -0.623939633369446 3.00160622596741
8 19 0.0396371074020863 -0.989260733127594 2.98985695838928
8 20 0.0623789802193642 -1.05291128158569 2.92288327217102
9 1 -0.0024051321670413 -0.0431923978030682 3.04677033424377
9 2 -0.00921976380050182 0.0161607190966606 3.11289024353027
9 3 -0.0256041530519724 0.396242082118988 3.1466498374939
9 4 -0.0248619318008423 0.584393978118896 3.16163086891174
9 5 -0.222136601805687 0.291790932416916 3.12736201286316
9 6 -0.522809505462646 0.316407412290573 3.16141700744629
9 7 -0.755790650844574 0.368112534284592 3.12232995033264
9 8 -0.86266154050827 0.395179331302643 3.10965132713318
9 9 0.175474762916565 0.311869263648987 3.15637063980103
9 10 0.389305472373962 0.430239021778107 3.19597673416138
9 11 0.359523087739944 0.727666199207306 3.24155187606812
9 12 0.325535476207733 0.800538182258606 3.25774550437927
9 13 -0.0877993628382683 -0.132766470313072 3.01021552085876
9 14 -0.08150814473629 -0.639638543128967 3.02930068969727
9 15 -0.0613493174314499 -1.00396049022675 2.98912525177002
9 16 -0.0680811107158661 -1.06354820728302 2.93543934822083
9 17 0.0913264974951744 -0.128974378108978 3.03833293914795
9 18 0.0623237602412701 -0.622323215007782 3.00149369239807
9 19 0.0386221893131733 -0.99067497253418 2.98761510848999
9 20 0.0555002503097057 -1.05208015441895 2.92638182640076
10 1 -0.00218741758726537 -0.0433309003710747 3.04708576202393
10 2 -0.00895297806710005 0.0161226633936167 3.11332440376282
10 3 -0.0244310982525349 0.397669762372971 3.14771676063538
10 4 -0.0245995260775089 0.584509074687958 3.16386604309082
10 5 -0.221927836537361 0.291711837053299 3.12740683555603
10 6 -0.522485375404358 0.316412687301636 3.16166949272156
10 7 -0.755661904811859 0.367647916078568 3.12278342247009
10 8 -0.862471520900726 0.395998001098633 3.11239957809448
10 9 0.175505816936493 0.311834275722504 3.15601754188538
10 10 0.39797568321228 0.434826493263245 3.20103025436401
10 11 0.362515270709991 0.717028260231018 3.23807406425476
10 12 0.331513643264771 0.793320059776306 3.25549530982971
10 13 -0.087372787296772 -0.132785946130753 3.01040244102478
10 14 -0.0873166769742966 -0.641811728477478 3.02965807914734
10 15 -0.0583893842995167 -1.00325739383698 2.9926586151123
10 16 -0.0695251822471619 -1.06192398071289 2.94266605377197
10 17 0.0916358008980751 -0.129182741045952 3.03872203826904
10 18 0.0621729232370853 -0.62435519695282 3.00125861167908
10 19 0.0398054011166096 -0.98901778459549 2.98929452896118
10 20 0.0627591162919998 -1.05352306365967 2.91979670524597
11 1 -0.00172167725395411 -0.0437074117362499 3.04749202728271
11 2 -0.00874285865575075 0.0158953350037336 3.11377120018005
11 3 -0.0251214653253555 0.397471964359283 3.14770770072937
11 4 -0.0202789586037397 0.583123326301575 3.16431927680969
11 5 -0.221089392900467 0.291344463825226 3.12702703475952
11 6 -0.521141469478607 0.31685471534729 3.16220426559448
11 7 -0.754162311553955 0.368981003761292 3.12425708770752
11 8 -0.861882507801056 0.395801544189453 3.11226677894592
11 9 0.175977408885956 0.311951249837875 3.15624332427979
11 10 0.389757096767426 0.427370488643646 3.1931140422821
11 11 0.361062079668045 0.716988325119019 3.23571610450745
11 12 0.331367582082748 0.793759226799011 3.25111556053162
11 13 -0.0865521356463432 -0.133283630013466 3.01089334487915
11 14 -0.078868180513382 -0.640123307704926 3.02934217453003
11 15 -0.0599151439964771 -1.00589048862457 2.98961973190308
11 16 -0.0681921094655991 -1.06058526039124 2.93520307540894
11 17 0.0921063274145126 -0.12949800491333 3.03925275802612
11 18 0.0623693875968456 -0.622138917446136 3.00111126899719
11 19 0.0361419059336185 -0.98646354675293 2.99140739440918
11 20 0.0603378228843212 -1.05190014839172 2.9230637550354
12 1 -0.000381990597816184 -0.0437219142913818 3.04851818084717
12 2 -0.00735422922298312 0.0160517022013664 3.11480832099915
12 3 -0.0229379460215569 0.39834725856781 3.14844918251038
12 4 -0.0181010216474533 0.584055840969086 3.16305327415466
12 5 -0.219672575592995 0.292010366916656 3.1278703212738
12 6 -0.520632028579712 0.319144010543823 3.16248774528503
12 7 -0.753579199314117 0.372726529836655 3.12931346893311
12 8 -0.862827956676483 0.396482616662979 3.1245014667511
12 9 0.177409321069717 0.312256246805191 3.15667343139648
12 10 0.390186756849289 0.427115023136139 3.19239950180054
12 11 0.366329908370972 0.724086344242096 3.2345597743988
12 12 0.332476407289505 0.798166811466217 3.24896121025085
12 13 -0.0849529802799225 -0.133205488324165 3.01154732704163
12 14 -0.0823054388165474 -0.636604428291321 3.02921199798584
12 15 -0.0594071261584759 -0.996581852436066 2.99326848983765
12 16 -0.0837885737419128 -1.05468440055847 2.94980049133301
12 17 0.0933524593710899 -0.129528492689133 3.04065251350403
12 18 0.0664031952619553 -0.623016715049744 3.0017774105072
12 19 0.0439106561243534 -0.987648904323578 2.99045038223267
12 20 0.0600302070379257 -1.05306041240692 2.92383217811584
13 1 0.00113926082849503 -0.0436779223382473 3.04929661750793
13 2 -0.00582363037392497 0.0163566488772631 3.11560583114624
13 3 -0.0213639624416828 0.399050146341324 3.14835047721863
13 4 -0.0161816962063313 0.583614230155945 3.15993857383728
13 5 -0.218333214521408 0.292090356349945 3.12800335884094
13 6 -0.520939648151398 0.319054216146469 3.1626410484314
13 7 -0.754008889198303 0.372151076793671 3.13018226623535
13 8 -0.863371014595032 0.396732807159424 3.1221559047699
13 9 0.17890802025795 0.311572849750519 3.15679264068604
13 10 0.397715181112289 0.434706568717957 3.19355154037476
13 11 0.367849975824356 0.71186226606369 3.23125457763672
13 12 0.337865203619003 0.789031982421875 3.23796343803406
13 13 -0.0835350230336189 -0.133171066641808 3.01218032836914
13 14 -0.0835924744606018 -0.634105801582336 3.02858328819275
13 15 -0.0688851326704025 -0.995150327682495 2.99096441268921
13 16 -0.0815570503473282 -1.05561184883118 2.94287347793579
13 17 0.0950031727552414 -0.129591658711433 3.04149103164673
13 18 0.0678667724132538 -0.619256377220154 3.0018355846405
13 19 0.0423873960971832 -0.984278202056885 2.99326038360596
13 20 0.0515099689364433 -1.04429292678833 2.93998527526855
14 1 0.0018554903799668 -0.0429272279143333 3.04987144470215
14 2 -0.00531820114701986 0.017092514783144 3.11599349975586
14 3 -0.0204027555882931 0.399152874946594 3.14724469184875
14 4 -0.015810638666153 0.584218800067902 3.15623331069946
14 5 -0.217511266469955 0.292118936777115 3.12825131416321
14 6 -0.520483493804932 0.318710535764694 3.16280055046082
14 7 -0.753664433956146 0.371312648057938 3.12987613677979
14 8 -0.863629460334778 0.396341800689697 3.1216185092926
14 9 0.182287365198135 0.312236905097961 3.15858316421509
14 10 0.396508485078812 0.433627426624298 3.19442677497864
14 11 0.368684470653534 0.708805859088898 3.22898721694946
14 12 0.340046137571335 0.789306938648224 3.24596929550171
14 13 -0.0829897522926331 -0.13262665271759 3.01290822029114
14 14 -0.0799738690257072 -0.633980631828308 3.02908229827881
14 15 -0.0629480332136154 -0.992876768112183 2.99232578277588
14 16 -0.0692691504955292 -1.05608510971069 2.94444346427917
14 17 0.0958725586533546 -0.129362404346466 3.04205107688904
14 18 0.0688960999250412 -0.622700214385986 3.0030837059021
14 19 0.0404899306595325 -0.984557330608368 2.99303603172302
14 20 0.0579391345381737 -1.05232858657837 2.92526531219482
15 1 0.00282961362972856 -0.0421791113913059 3.05080962181091
15 2 -0.00451851217076182 0.0177572574466467 3.11656713485718
15 3 -0.0203274097293615 0.398478925228119 3.14617657661438
15 4 -0.013436988927424 0.586032390594482 3.15800929069519
15 5 -0.216204226016998 0.292682856321335 3.12974643707275
15 6 -0.519956946372986 0.319565564393997 3.16341876983643
15 7 -0.753265738487244 0.371257394552231 3.12873029708862
15 8 -0.863752067089081 0.396055340766907 3.11948919296265
15 9 0.184468001127243 0.313170939683914 3.15990328788757
15 10 0.400044471025467 0.433429896831512 3.19859433174133
15 11 0.367534786462784 0.706946909427643 3.22784519195557
15 12 0.337182402610779 0.784166097640991 3.24078750610352
15 13 -0.081906333565712 -0.131978094577789 3.0144727230072
15 14 -0.0814068913459778 -0.634917616844177 3.02933859825134
15 15 -0.0616057589650154 -0.992432117462158 2.99297976493835
15 16 -0.0770702436566353 -1.05676984786987 2.93610978126526
15 17 0.0972979366779327 -0.128991663455963 3.04303336143494
15 18 0.0709746107459068 -0.624191045761108 3.00478839874268
15 19 0.0415130965411663 -0.984683394432068 2.99354124069214
15 20 0.0553517639636993 -1.05002689361572 2.92428040504456
16 1 0.00324579607695341 -0.0423625074326992 3.05169749259949
16 2 -0.00414680130779743 0.0176638755947351 3.11726260185242
16 3 -0.0204549673944712 0.397734880447388 3.14584994316101
16 4 -0.0126133691519499 0.582386553287506 3.15615963935852
16 5 -0.215232089161873 0.292979657649994 3.13014960289001
16 6 -0.519388198852539 0.320606708526611 3.16315770149231
16 7 -0.751963913440704 0.37254610657692 3.12134885787964
16 8 -0.832996845245361 0.391267955303192 3.1318039894104
16 9 0.184484422206879 0.312795668840408 3.16022396087646
16 10 0.40029963850975 0.428973525762558 3.1971230506897
16 11 0.366961538791656 0.70606517791748 3.22752046585083
16 12 0.323501795530319 0.776918709278107 3.23834538459778
16 13 -0.0812729001045227 -0.131994485855103 3.01595258712769
16 14 -0.07924784719944 -0.635432362556458 3.03102707862854
16 15 -0.0609249919652939 -0.991607129573822 2.99403381347656
16 16 -0.0799462199211121 -1.0615861415863 2.93477177619934
16 17 0.0975961461663246 -0.129251107573509 3.04400944709778
16 18 0.0725483298301697 -0.622639536857605 3.0062313079834
16 19 0.0379537120461464 -0.984415650367737 2.99320578575134
16 20 0.0585093423724175 -1.04875493049622 2.93531703948975
17 1 0.00439083343371749 -0.0421793758869171 3.05272459983826
17 2 -0.00240340270102024 0.0174949243664742 3.11855602264404
17 3 -0.0156439058482647 0.398392468690872 3.15027236938477
17 4 -0.0114588150754571 0.583038866519928 3.15981221199036
17 5 -0.21348012983799 0.294020712375641 3.13229751586914
17 6 -0.51850152015686 0.320937871932983 3.16321206092834
17 7 -0.757804393768311 0.374366760253906 3.1255829334259
17 8 -0.838624596595764 0.391990602016449 3.13199210166931
17 9 0.185423642396927 0.313147813081741 3.16121912002563
17 10 0.399665266275406 0.425682544708252 3.19564938545227
17 11 0.367864936590195 0.706466734409332 3.22862815856934
17 12 0.33120521903038 0.77929413318634 3.24398422241211
17 13 -0.0803847685456276 -0.131412744522095 3.0167977809906
17 14 -0.0776858329772949 -0.635157704353333 3.03093266487122
17 15 -0.0609894767403603 -0.994782626628876 2.99183368682861
17 16 -0.0781850069761276 -1.06018686294556 2.93635225296021
17 17 0.0981528162956238 -0.129275962710381 3.04460430145264
17 18 0.0701381862163544 -0.621692657470703 3.00682067871094
17 19 0.0394178740680218 -0.984724700450897 2.99345827102661
17 20 0.0541660562157631 -1.04876112937927 2.93079280853271
18 1 0.00489104678854346 -0.0414066314697266 3.05394721031189
18 2 -0.00158842583186924 0.0180609878152609 3.11970162391663
18 3 -0.0165254659950733 0.396848171949387 3.15059685707092
18 4 -0.0121036740019917 0.581469058990479 3.16059708595276
18 5 -0.213341191411018 0.295023560523987 3.13576316833496
18 6 -0.518563687801361 0.32047376036644 3.16432666778564
18 7 -0.75321751832962 0.371785968542099 3.13103532791138
18 8 -0.833296358585358 0.39096811413765 3.1331775188446
18 9 0.186020016670227 0.312982022762299 3.16182804107666
18 10 0.407162815332413 0.433446377515793 3.19908404350281
18 11 0.379719197750092 0.69998162984848 3.2318069934845
18 12 0.338881283998489 0.772151231765747 3.24161195755005
18 13 -0.0797603204846382 -0.130457565188408 3.01860284805298
18 14 -0.0758051574230194 -0.633969783782959 3.03181862831116
18 15 -0.0588463246822357 -0.994973003864288 2.99177241325378
18 16 -0.0669945776462555 -1.05719244480133 2.94533228874207
18 17 0.0985707193613052 -0.128663375973701 3.04566526412964
18 18 0.0729804411530495 -0.62539267539978 3.00776433944702
18 19 0.0429348573088646 -0.986837983131409 2.99180603027344
18 20 0.0588053539395332 -1.05314218997955 2.92809438705444
19 1 0.00626859068870544 -0.0410089753568172 3.0553674697876
19 2 -0.000400729011744261 0.0182444900274277 3.12122845649719
19 3 -0.0160584785044193 0.396560400724411 3.15229225158691
19 4 -0.0107955932617188 0.581076979637146 3.16187572479248
19 5 -0.21137560904026 0.296056091785431 3.13797783851624
19 6 -0.518201351165771 0.319236010313034 3.1659460067749
19 7 -0.753327429294586 0.36695459485054 3.14074730873108
19 8 -0.860212922096252 0.394747287034988 3.13310074806213
19 9 0.188087597489357 0.313288778066635 3.16425704956055
19 10 0.406862497329712 0.432674825191498 3.20157408714294
19 11 0.375520348548889 0.706638276576996 3.23189854621887
19 12 0.341970264911652 0.783620357513428 3.24532675743103
19 13 -0.0785407721996307 -0.130296647548676 3.01971054077148
19 14 -0.0762152001261711 -0.636722803115845 3.03371405601501
19 15 -0.0594500079751015 -0.996347665786743 2.99201464653015
19 16 -0.0838915780186653 -1.05645763874054 2.94992899894714
19 17 0.100431203842163 -0.127957478165627 3.0466411113739
19 18 0.0729715749621391 -0.623790204524994 3.00907278060913
19 19 0.0447733253240585 -0.984131634235382 2.99439144134521
19 20 0.0531563386321068 -1.04934465885162 2.93156123161316
20 1 0.00685996375977993 -0.0418888852000237 3.05625438690186
20 2 -7.47821759432554E-05 0.0177446119487286 3.12191414833069
20 3 -0.0153070921078324 0.395616084337235 3.15110898017883
20 4 -0.00494793802499771 0.582518458366394 3.16078758239746
20 5 -0.207317933440208 0.295933246612549 3.13812303543091
20 6 -0.511618316173553 0.318893730640411 3.16915416717529
20 7 -0.745721578598022 0.370739042758942 3.13933992385864
20 8 -0.853815972805023 0.395822167396545 3.13578605651855
20 9 0.191979005932808 0.312565177679062 3.1659517288208
20 10 0.408956170082092 0.43299189209938 3.20063948631287
20 11 0.378367334604263 0.707606673240662 3.23122429847717
20 12 0.356243282556534 0.785331130027771 3.24548649787903
20 13 -0.0777111202478409 -0.130927935242653 3.02037334442139
20 14 -0.0756064057350159 -0.637543499469757 3.03369331359863
20 15 -0.0602162405848503 -0.998829960823059 2.99081063270569
20 16 -0.0754600688815117 -1.05688607692719 2.93856310844421
20 17 0.100706189870834 -0.129959136247635 3.04862570762634
20 18 0.0743906050920486 -0.624931275844574 3.01017928123474
20 19 0.0406394489109516 -0.984478175640106 2.99547481536865
20 20 0.0582525208592415 -1.05211174488068 2.92641758918762
