1 1 -0.0164392068982124 -0.0437107160687447 3.10979247093201
1 2 -0.0143716167658567 0.0135938124731183 3.17018342018127
1 3 -0.0243399441242218 0.370468527078629 3.19236350059509
1 4 -0.0225198473781347 0.567165434360504 3.2178201675415
1 5 -0.203476056456566 0.260680079460144 3.19545650482178
1 6 -0.474641710519791 0.234891980886459 3.1868622303009
1 7 -0.69392853975296 0.252435147762299 3.15515804290771
1 8 -0.763438701629639 0.260381013154984 3.1473970413208
1 9 0.154736429452896 0.284312546253204 3.17540669441223
1 10 0.347263246774673 0.429770320653915 3.11719417572021
1 11 0.351876556873322 0.704225599765778 3.12647438049316
1 12 0.357998460531235 0.789178013801575 3.1396017074585
1 13 -0.0954827144742012 -0.124687545001507 3.09158802032471
1 14 -0.13469135761261 -0.582928359508514 3.00501012802124
1 15 -0.138911530375481 -0.958384335041046 3.03481459617615
1 16 -0.1443772315979 -1.05027413368225 2.95618224143982
1 17 0.0662647858262062 -0.120270729064941 3.0915412902832
1 18 0.113247767090797 -0.560518562793732 2.99106121063232
1 19 0.101466342806816 -0.946531057357788 3.00812292098999
1 20 0.109770834445953 -1.04674935340881 2.94347476959229
2 1 -0.0161378886550665 -0.0431024990975857 3.11018538475037
2 2 -0.0144876213744283 0.0141945965588093 3.17058944702148
2 3 -0.0237825457006693 0.370427548885345 3.19309639930725
2 4 -0.0180258937180042 0.56509804725647 3.2139732837677
2 5 -0.203494518995285 0.262575268745422 3.19560742378235
2 6 -0.470502257347107 0.236622735857964 3.18577647209167
2 7 -0.68961089849472 0.248474553227425 3.15282678604126
2 8 -0.759174466133118 0.257546097040176 3.14307332038879
2 9 0.157204493880272 0.283149033784866 3.17848873138428
2 10 0.349233686923981 0.421004354953766 3.11973166465759
2 11 0.354364037513733 0.699033379554749 3.12516474723816
2 12 0.369053304195404 0.791766881942749 3.1419723033905
2 13 -0.0952750667929649 -0.123863860964775 3.09183192253113
2 14 -0.136705115437508 -0.58211612701416 3.0049946308136
2 15 -0.140121787786484 -0.964215040206909 3.0330216884613
2 16 -0.145257711410522 -1.04911887645721 2.96160387992859
2 17 0.0664917454123497 -0.120341755449772 3.09186625480652
2 18 0.112075679004192 -0.561021089553833 2.99117946624756
2 19 0.102265119552612 -0.945654988288879 3.00899934768677
2 20 0.108909130096436 -1.04598522186279 2.94184899330139
3 1 -0.0159929916262627 -0.0430860333144665 3.11025953292847
3 2 -0.0145508879795671 0.0141105959191918 3.17067408561707
3 3 -0.0240254923701286 0.369888305664063 3.1939845085144
3 4 -0.0174195189028978 0.564931273460388 3.21481275558472
3 5 -0.203169375658035 0.263386815786362 3.19535112380981
3 6 -0.467042535543442 0.236649677157402 3.18477725982666
3 7 -0.685070753097534 0.245297208428383 3.14602112770081
3 8 -0.766318261623383 0.261542350053787 3.13557457923889
3 9 0.157516956329346 0.283022254705429 3.17916464805603
3 10 0.350742161273956 0.420393794775009 3.12105321884155
3 11 0.355888068675995 0.697678923606873 3.12332034111023
3 12 0.371761202812195 0.789262354373932 3.14373302459717
3 13 -0.094950333237648 -0.123594552278519 3.09162330627441
3 14 -0.138058960437775 -0.58173006772995 3.00531244277954
3 15 -0.139169797301292 -0.964825570583344 3.03443384170532
3 16 -0.144220530986786 -1.04727411270142 2.9613995552063
3 17 0.0666797608137131 -0.120541647076607 3.0921356678009
3 18 0.110466353595257 -0.562933325767517 2.99168491363525
3 19 0.102862790226936 -0.947647213935852 3.00800180435181
3 20 0.108625277876854 -1.04667043685913 2.94174242019653
4 1 -0.0161212421953678 -0.0432404614984989 3.11038589477539
4 2 -0.0147110056132078 0.0139581691473722 3.17078614234924
4 3 -0.024005925282836 0.369098901748657 3.19396734237671
4 4 -0.0178177338093519 0.562391102313995 3.21215772628784
4 5 -0.203176736831665 0.263992995023727 3.19524002075195
4 6 -0.467363655567169 0.237025022506714 3.18471932411194
4 7 -0.684973001480103 0.244670137763023 3.14678978919983
4 8 -0.763533234596252 0.260912597179413 3.13528203964233
4 9 0.157348975539207 0.282257884740829 3.17893695831299
4 10 0.35026353597641 0.418917149305344 3.11908507347107
4 11 0.356528222560883 0.698478698730469 3.11801218986511
4 12 0.372290194034576 0.784093797206879 3.1364631652832
4 13 -0.0951320081949234 -0.123550564050674 3.09160542488098
4 14 -0.139364868402481 -0.581060171127319 3.00535845756531
4 15 -0.138590440154076 -0.962093949317932 3.0379364490509
4 16 -0.144280970096588 -1.04615354537964 2.95792102813721
4 17 0.0663694515824318 -0.121014982461929 3.09247922897339
4 18 0.109492011368275 -0.564112424850464 2.99087142944336
4 19 0.102213762700558 -0.943156599998474 3.0117359161377
4 20 0.109131217002869 -1.04559624195099 2.94304299354553
5 1 -0.0161896869540215 -0.0437901429831982 3.1104621887207
5 2 -0.014821020886302 0.0134243546053767 3.17082834243774
5 3 -0.0247322432696819 0.36878764629364 3.19375419616699
5 4 -0.0163000915199518 0.563709497451782 3.21535873413086
5 5 -0.202814474701881 0.264097690582275 3.19544863700867
5 6 -0.469586670398712 0.235870197415352 3.18464779853821
5 7 -0.686876118183136 0.243241369724274 3.14806485176086
5 8 -0.774617552757263 0.258563280105591 3.13612580299377
5 9 0.15733040869236 0.280723065137863 3.17881655693054
5 10 0.348968327045441 0.417663663625717 3.11788320541382
5 11 0.350041657686234 0.702366054058075 3.11886525154114
5 12 0.357275575399399 0.775146722793579 3.13414192199707
5 13 -0.0951689407229424 -0.123956844210625 3.09208488464355
5 14 -0.13931468129158 -0.580737888813019 3.00481534004211
5 15 -0.139031559228897 -0.958754181861877 3.04059314727783
5 16 -0.144291132688522 -1.0465499162674 2.96190905570984
5 17 0.0663307830691338 -0.121663391590118 3.09239673614502
5 18 0.109472267329693 -0.564615488052368 2.99049210548401
5 19 0.101179540157318 -0.952026605606079 3.0085780620575
5 20 0.109067417681217 -1.04609668254852 2.94464111328125
6 1 -0.0151167586445808 -0.0440918654203415 3.11195373535156
6 2 -0.0144033543765545 0.0129779279232025 3.17275643348694
6 3 -0.0220882929861546 0.372293174266815 3.20057678222656
6 4 -0.0141574777662754 0.56438684463501 3.22263646125793
6 5 -0.201945304870605 0.263422906398773 3.19585132598877
6 6 -0.468976348638535 0.231317430734634 3.17446088790894
6 7 -0.686287462711334 0.238139659166336 3.14058041572571
6 8 -0.755927801132202 0.250150710344315 3.13153719902039
6 9 0.158405274152756 0.280880033969879 3.1857488155365
6 10 0.350294977426529 0.419110953807831 3.12626218795776
6 11 0.350168466567993 0.700149416923523 3.12607765197754
6 12 0.358838438987732 0.779494881629944 3.14243388175964
6 13 -0.0942886024713516 -0.12354326993227 3.09260153770447
6 14 -0.138113439083099 -0.579981207847595 3.00501918792725
6 15 -0.139104634523392 -0.960071921348572 3.02813863754272
6 16 -0.144036188721657 -1.04778611660004 2.96045136451721
6 17 0.0674766227602959 -0.122048012912273 3.09470748901367
6 18 0.111512191593647 -0.564516365528107 2.99528241157532
6 19 0.100923933088779 -0.950744032859802 3.01533532142639
6 20 0.109259650111198 -1.04964530467987 2.948157787323
7 1 -0.0139603912830353 -0.0446844510734081 3.11384057998657
7 2 -0.0139956409111619 0.0123837338760495 3.17478060722351
7 3 -0.0221578516066074 0.370463877916336 3.20224690437317
7 4 -0.013777676038444 0.563839256763458 3.22391557693481
7 5 -0.200900688767433 0.262274891138077 3.19563913345337
7 6 -0.464439302682877 0.228545844554901 3.17625045776367
7 7 -0.681755661964417 0.229710280895233 3.14376091957092
7 8 -0.749302327632904 0.232938408851624 3.1387779712677
7 9 0.159402891993523 0.280457943677902 3.1901707649231
7 10 0.351763159036636 0.421315431594849 3.12720942497253
7 11 0.350563317537308 0.707781493663788 3.12973237037659
7 12 0.358381271362305 0.782777309417725 3.14582252502441
7 13 -0.0930812060832977 -0.124249257147312 3.09373188018799
7 14 -0.135840937495232 -0.580738365650177 3.00584363937378
7 15 -0.138509586453438 -0.957652568817139 3.02806067466736
7 16 -0.145769596099854 -1.04803395271301 2.95841813087463
7 17 0.0684935674071312 -0.122763440012932 3.09635329246521
7 18 0.112225361168385 -0.564580678939819 2.99677777290344
7 19 0.101355038583279 -0.953940868377686 3.0190417766571
7 20 0.109212078154087 -1.04928529262543 2.94759392738342
8 1 -0.0135379116982222 -0.0449370034039021 3.11511564254761
8 2 -0.0140410521999002 0.0123716043308377 3.17607283592224
8 3 -0.0220262780785561 0.371658563613892 3.20337796211243
8 4 -0.0141093349084258 0.56455272436142 3.22567129135132
8 5 -0.200308188796043 0.260794907808304 3.19622921943665
8 6 -0.464160919189453 0.226460486650467 3.1764121055603
8 7 -0.681047916412354 0.226737394928932 3.14188432693481
8 8 -0.746647596359253 0.240118846297264 3.12953186035156
8 9 0.16138944029808 0.279206693172455 3.19363880157471
8 10 0.351523816585541 0.420539766550064 3.12939071655273
8 11 0.350578963756561 0.708594262599945 3.13378810882568
8 12 0.346444487571716 0.777657926082611 3.148104429245
8 13 -0.092652902007103 -0.124718390405178 3.09514307975769
8 14 -0.13483752310276 -0.581865429878235 3.00665092468262
8 15 -0.138531669974327 -0.955797016620636 3.03046107292175
8 16 -0.144815668463707 -1.04721558094025 2.95904088020325
8 17 0.0691363215446472 -0.123255714774132 3.09769868850708
8 18 0.112609848380089 -0.565116286277771 2.99879503250122
8 19 0.101195015013218 -0.953842639923096 3.01721715927124
8 20 0.108624793589115 -1.05115067958832 2.94830179214478
9 1 -0.0125466296449304 -0.0453133620321751 3.11685466766357
9 2 -0.0131626101210713 0.011746340431273 3.17827129364014
9 3 -0.0203777104616165 0.371918648481369 3.20858907699585
9 4 -0.0139202056452632 0.566937923431396 3.22934055328369
9 5 -0.199683234095573 0.260137856006622 3.19648885726929
9 6 -0.464799910783768 0.224673494696617 3.17670583724976
9 7 -0.681411027908325 0.225994452834129 3.14115405082703
9 8 -0.75083988904953 0.236195355653763 3.1303243637085
9 9 0.162071257829666 0.27899432182312 3.19578790664673
9 10 0.352790206670761 0.419743418693542 3.13354110717773
9 11 0.349787473678589 0.710297465324402 3.13234663009644
9 12 0.347060173749924 0.780100107192993 3.14334726333618
9 13 -0.0918320044875145 -0.125246196985245 3.09608149528503
9 14 -0.134136110544205 -0.583048462867737 3.00736665725708
9 15 -0.139025747776031 -0.956465244293213 3.02766418457031
9 16 -0.144385263323784 -1.04806649684906 2.95732426643372
9 17 0.0700686052441597 -0.123622506856918 3.09927582740784
9 18 0.11283028870821 -0.564747929573059 2.99965810775757
9 19 0.101670786738396 -0.953631997108459 3.01845765113831
9 20 0.108789652585983 -1.05096173286438 2.9488742351532
10 1 -0.0128174684941769 -0.0461155474185944 3.11773443222046
10 2 -0.0135717252269387 0.0106175784021616 3.17943096160889
10 3 -0.0221583135426044 0.370262086391449 3.21118116378784
10 4 -0.0139505034312606 0.562764108181 3.2286274433136
10 5 -0.19933770596981 0.259796798229218 3.19714570045471
10 6 -0.463450193405151 0.224031448364258 3.17650079727173
10 7 -0.679934561252594 0.225502267479897 3.14135813713074
10 8 -0.746269345283508 0.237757101655006 3.13334012031555
10 9 0.162020727992058 0.278396427631378 3.1963427066803
10 10 0.352072030305862 0.418904662132263 3.13394856452942
10 11 0.351770609617233 0.704759061336517 3.1361026763916
10 12 0.353609263896942 0.774664163589478 3.14359164237976
10 13 -0.0919266790151596 -0.125670313835144 3.09652829170227
10 14 -0.134087592363358 -0.582913875579834 3.00740051269531
10 15 -0.13839228451252 -0.954439699649811 3.03067517280579
10 16 -0.144332185387611 -1.04724085330963 2.95715093612671
10 17 0.0698655545711517 -0.124134913086891 3.09967923164368
10 18 0.113049641251564 -0.564315617084503 3.0002908706665
10 19 0.102563805878162 -0.94999486207962 3.01862549781799
10 20 0.108964420855045 -1.05208730697632 2.95131373405457
11 1 -0.0125932013615966 -0.0463401563465595 3.11819267272949
11 2 -0.0137499962002039 0.0104744154959917 3.17998242378235
11 3 -0.0233715325593948 0.370828211307526 3.21176099777222
11 4 -0.0148113947361708 0.561420142650604 3.22874236106873
11 5 -0.199073180556297 0.259512513875961 3.19772696495056
11 6 -0.460045278072357 0.226191058754921 3.17665553092957
11 7 -0.676009833812714 0.227346301078796 3.13890314102173
11 8 -0.739640951156616 0.240272223949432 3.12385225296021
11 9 0.162224188446999 0.27739804983139 3.19839692115784
11 10 0.35241225361824 0.419154733419418 3.13495492935181
11 11 0.352479368448257 0.703267812728882 3.13669061660767
11 12 0.358624279499054 0.781765222549438 3.14982128143311
11 13 -0.0915098488330841 -0.125785619020462 3.09689903259277
11 14 -0.134191706776619 -0.583211958408356 3.00761532783508
11 15 -0.138189673423767 -0.95854914188385 3.03191733360291
11 16 -0.144213184714317 -1.047727227211 2.95800304412842
11 17 0.0702920779585838 -0.124548554420471 3.10014367103577
11 18 0.113283701241016 -0.564557135105133 3.00081157684326
11 19 0.100886397063732 -0.954863011837006 3.01863551139832
11 20 0.109183199703693 -1.05291724205017 2.95443081855774
12 1 -0.0126686384901404 -0.0463325381278992 3.11811494827271
12 2 -0.0139718148857355 0.0104677733033895 3.1800000667572
12 3 -0.0238911081105471 0.370582818984985 3.21192622184753
12 4 -0.0142665570601821 0.560865759849548 3.2296245098114
12 5 -0.198115170001984 0.259517580270767 3.19775128364563
12 6 -0.459665209054947 0.225811049342155 3.17599821090698
12 7 -0.675411701202393 0.227764248847961 3.13851404190063
12 8 -0.743553280830383 0.237598031759262 3.12595844268799
12 9 0.162012726068497 0.278014779090881 3.19943070411682
12 10 0.352321416139603 0.416473925113678 3.13663530349731
12 11 0.352122038602829 0.695630073547363 3.13305473327637
12 12 0.367118120193481 0.785700440406799 3.1522262096405
12 13 -0.0914602428674698 -0.12553858757019 3.09663462638855
12 14 -0.135463371872902 -0.581920087337494 3.00812029838562
12 15 -0.138316825032234 -0.955513477325439 3.03416872024536
12 16 -0.145136594772339 -1.04811775684357 2.95421028137207
12 17 0.0701396018266678 -0.124600768089294 3.09997534751892
12 18 0.112712047994137 -0.564537823200226 3.00099420547485
12 19 0.10133745521307 -0.953788638114929 3.0190634727478
12 20 0.108381643891335 -1.05137300491333 2.94988179206848
13 1 -0.013110657222569 -0.0463418513536453 3.11798453330994
13 2 -0.0142722632735968 0.0107822427526116 3.17990183830261
13 3 -0.023915771394968 0.372613310813904 3.21130299568176
13 4 -0.0147294895723462 0.561762869358063 3.22938871383667
13 5 -0.19839246571064 0.259861081838608 3.19854927062988
13 6 -0.459594696760178 0.22772990167141 3.17431616783142
13 7 -0.674820065498352 0.230117678642273 3.13418745994568
13 8 -0.764898300170898 0.244633719325066 3.10860395431519
13 9 0.161482334136963 0.277440637350082 3.1984715461731
13 10 0.352101862430573 0.414844453334808 3.13559198379517
13 11 0.352052569389343 0.699918746948242 3.12911438941956
13 12 0.364434152841568 0.782779097557068 3.14820885658264
13 13 -0.0918645188212395 -0.125439152121544 3.0966579914093
13 14 -0.13702729344368 -0.582070171833038 3.00751090049744
13 15 -0.137292206287384 -0.957753300666809 3.03228092193604
13 16 -0.146930575370789 -1.05127274990082 2.96048450469971
13 17 0.0695287734270096 -0.124650605022907 3.09956097602844
13 18 0.111232236027718 -0.565702736377716 2.99971961975098
13 19 0.101901650428772 -0.953164160251617 3.01808714866638
13 20 0.107782073318958 -1.05173802375793 2.95108222961426
14 1 -0.0135728381574154 -0.0468649454414845 3.11760687828064
14 2 -0.0144116226583719 0.0103248246014118 3.179607629776
14 3 -0.0240328386425972 0.371553659439087 3.21078515052795
14 4 -0.0138434059917927 0.564395427703857 3.23020124435425
14 5 -0.198115214705467 0.260085046291351 3.19868493080139
14 6 -0.454414874315262 0.232443004846573 3.17473936080933
14 7 -0.669875383377075 0.236634224653244 3.13493323326111
14 8 -0.757906198501587 0.249823480844498 3.10077953338623
14 9 0.160806849598885 0.276826858520508 3.19615840911865
14 10 0.352541893720627 0.415101945400238 3.13403725624084
14 11 0.351392656564713 0.702748537063599 3.12572836875916
14 12 0.36213693022728 0.782267868518829 3.14351487159729
14 13 -0.0923736169934273 -0.125694796442986 3.09613990783691
14 14 -0.138433054089546 -0.582307755947113 3.00807929039001
14 15 -0.138151571154594 -0.961461186408997 3.03161478042603
14 16 -0.146119520068169 -1.04908525943756 2.95822644233704
14 17 0.0689560547471046 -0.124977059662342 3.09932041168213
14 18 0.110987320542336 -0.56630802154541 3.00014281272888
14 19 0.102451711893082 -0.954341888427734 3.01760029792786
14 20 0.107287548482418 -1.05050110816956 2.94932413101196
15 1 -0.0140432771295309 -0.0468396469950676 3.11714696884155
15 2 -0.0145067414268851 0.0103965951129794 3.17912602424622
15 3 -0.0237340740859509 0.371327877044678 3.20911931991577
15 4 -0.013276619836688 0.564984619617462 3.22828769683838
15 5 -0.198224663734436 0.260956436395645 3.19812822341919
15 6 -0.460627377033234 0.233308523893356 3.17537355422974
15 7 -0.743793308734894 0.247532233595848 3.107253074646
15 8 -0.81197202205658 0.239989787340164 3.09153485298157
15 9 0.159535884857178 0.277685880661011 3.19358110427856
15 10 0.350459069013596 0.413026988506317 3.13354325294495
15 11 0.351095676422119 0.699362933635712 3.12386298179626
15 12 0.367548048496246 0.786237180233002 3.13958120346069
15 13 -0.092944011092186 -0.125461712479591 3.09534668922424
15 14 -0.139471620321274 -0.582031965255737 3.00825142860413
15 15 -0.138560861349106 -0.962208986282349 3.0347158908844
15 16 -0.14453050494194 -1.04759097099304 2.95865869522095
15 17 0.0683885514736176 -0.125006005167961 3.0992124080658
15 18 0.110723897814751 -0.567048072814941 2.99980616569519
15 19 0.102138131856918 -0.950343251228333 3.01691865921021
15 20 0.107161372900009 -1.05071711540222 2.94926381111145
16 1 -0.0146131068468094 -0.0464072749018669 3.11639189720154
16 2 -0.0148232700303197 0.0109260017052293 3.17835712432861
16 3 -0.0238520633429289 0.372021943330765 3.20789241790771
16 4 -0.0137308379635215 0.564881086349487 3.22765016555786
16 5 -0.199686601758003 0.261457949876785 3.19782495498657
16 6 -0.471387714147568 0.226330861449242 3.17141652107239
16 7 -0.684750497341156 0.239424273371696 3.12587141990662
16 8 -0.769661426544189 0.264177769422531 3.0894341468811
16 9 0.15934906899929 0.277036428451538 3.19185161590576
16 10 0.351334035396576 0.414196580648422 3.1295907497406
16 11 0.349408656358719 0.6986985206604 3.1188588142395
16 12 0.363858968019485 0.785089373588562 3.13595342636108
16 13 -0.0939626321196556 -0.124972894787788 3.09393334388733
16 14 -0.14107957482338 -0.581894874572754 3.00788283348084
16 15 -0.139912366867065 -0.967145919799805 3.02653431892395
16 16 -0.145496711134911 -1.04926669597626 2.96007704734802
16 17 0.0679879933595657 -0.124924220144749 3.09884285926819
16 18 0.11060918867588 -0.567693471908569 2.99934887886047
16 19 0.100898250937462 -0.951422870159149 3.01919388771057
16 20 0.107685305178165 -1.05081677436829 2.94967365264893
17 1 -0.0150209497660398 -0.0465112775564194 3.11501789093018
17 2 -0.0152916638180614 0.0110465791076422 3.1768045425415
17 3 -0.0243824552744627 0.371691733598709 3.20432019233704
17 4 -0.0138216903433204 0.563608050346375 3.22650170326233
17 5 -0.199423462152481 0.26173123717308 3.19716167449951
17 6 -0.450704574584961 0.229459285736084 3.17151689529419
17 7 -0.67656672000885 0.235621973872185 3.12835383415222
17 8 -0.769828855991364 0.239688336849213 3.10677528381348
17 9 0.159380063414574 0.276452481746674 3.19138312339783
17 10 0.35115921497345 0.414885282516479 3.12798047065735
17 11 0.349651217460632 0.700605750083923 3.11835193634033
17 12 0.357267528772354 0.776989698410034 3.13062262535095
17 13 -0.0944349318742752 -0.124894626438618 3.09266328811646
17 14 -0.142263740301132 -0.581689953804016 3.00725650787354
17 15 -0.137752175331116 -0.969331502914429 3.03407096862793
17 16 -0.14510752260685 -1.05092334747314 2.9607048034668
17 17 0.0676976442337036 -0.125140637159348 3.09790539741516
17 18 0.110055848956108 -0.56784188747406 2.99833846092224
17 19 0.101140938699245 -0.957547843456268 3.01999068260193
17 20 0.108400382101536 -1.05161774158478 2.94989728927612
18 1 -0.0148900765925646 -0.0461917892098427 3.11478281021118
18 2 -0.0150521248579025 0.0110681029036641 3.17656564712524
18 3 -0.0231287181377411 0.370913535356522 3.2053370475769
18 4 -0.0133645609021187 0.563601791858673 3.22639966011047
18 5 -0.199488788843155 0.261974483728409 3.19639420509338
18 6 -0.456030160188675 0.23304857313633 3.17050576210022
18 7 -0.676298856735229 0.237183585762978 3.1236560344696
18 8 -0.749728500843048 0.258513808250427 3.1077868938446
18 9 0.159919887781143 0.277505129575729 3.19100403785706
18 10 0.350600838661194 0.416706174612045 3.12645220756531
18 11 0.350101709365845 0.706992149353027 3.11996936798096
18 12 0.342367202043533 0.776400625705719 3.13123774528503
18 13 -0.0944076031446457 -0.124555878341198 3.0920524597168
18 14 -0.142793372273445 -0.581774115562439 3.00704741477966
18 15 -0.138384461402893 -0.958551466464996 3.03538537025452
18 16 -0.144782826304436 -1.04863226413727 2.95992469787598
18 17 0.0677995085716248 -0.124806426465511 3.09772133827209
18 18 0.109990261495113 -0.569145917892456 2.9976110458374
18 19 0.102194055914879 -0.951291561126709 3.01852488517761
18 20 0.108646556735039 -1.05154144763947 2.94996666908264
19 1 -0.0150092374533415 -0.0460978224873543 3.11378884315491
19 2 -0.0150994248688221 0.0111426413059235 3.17569208145142
19 3 -0.023552006110549 0.371486365795136 3.20475792884827
19 4 -0.0128864962607622 0.562718689441681 3.22461342811584
19 5 -0.199253499507904 0.262085288763046 3.19549179077148
19 6 -0.450236648321152 0.227521881461143 3.1689784526825
19 7 -0.676508665084839 0.236149042844772 3.11934733390808
19 8 -0.766032457351685 0.245585381984711 3.08656430244446
19 9 0.160084813833237 0.277978122234344 3.19009160995483
19 10 0.349713861942291 0.417347103357315 3.12473368644714
19 11 0.350265711545944 0.708341240882874 3.11950635910034
19 12 0.357457309961319 0.783007264137268 3.13063478469849
19 13 -0.0944069623947144 -0.124278545379639 3.09083437919617
19 14 -0.142417699098587 -0.582133769989014 3.00753235816956
19 15 -0.139502555131912 -0.961328208446503 3.03292059898376
19 16 -0.145668879151344 -1.04909825325012 2.96105694770813
19 17 0.0675326436758041 -0.124892383813858 3.09681558609009
19 18 0.10975605994463 -0.569020688533783 2.99692702293396
19 19 0.101289227604866 -0.954995155334473 3.01616168022156
19 20 0.108669869601727 -1.05167245864868 2.95008254051209
20 1 -0.0147373601794243 -0.044951543211937 3.11180973052979
20 2 -0.0147373573854566 0.0122966505587101 3.17349433898926
20 3 -0.0226647425442934 0.371532678604126 3.20072102546692
20 4 -0.0118045946583152 0.564294993877411 3.2195291519165
20 5 -0.200078621506691 0.262448936700821 3.19425439834595
20 6 -0.459377765655518 0.228765398263931 3.16530728340149
20 7 -0.674073755741119 0.23178268969059 3.11638116836548
20 8 -0.740113854408264 0.244376659393311 3.08990740776062
20 9 0.15982523560524 0.279215216636658 3.18843054771423
20 10 0.350044965744019 0.416989535093308 3.1234016418457
20 11 0.349170982837677 0.705156862735748 3.11284756660461
20 12 0.361489415168762 0.775365829467773 3.12361145019531
20 13 -0.0943710207939148 -0.12343405932188 3.08848452568054
20 14 -0.142593577504158 -0.581308782100677 3.00656270980835
20 15 -0.139547735452652 -0.960691213607788 3.03123450279236
20 16 -0.145430207252502 -1.04818749427795 2.95994114875793
20 17 0.067920058965683 -0.124088577926159 3.0956027507782
20 18 0.109568007290363 -0.568959593772888 2.99627041816711
20 19 0.101888984441757 -0.949755311012268 3.01694178581238
20 20 0.109004706144333 -1.05148553848267 2.95001411437988
