1 1 -0.0368069931864738 -0.0544385351240635 3.11379981040955
1 2 -0.0316439643502235 0.00235363841056824 3.17737412452698
1 3 -0.0343912541866302 0.367059618234634 3.21121120452881
1 4 -0.0471683368086815 0.564204633235931 3.23162627220154
1 5 -0.219005957245827 0.246610268950462 3.20480680465698
1 6 -0.480445057153702 0.228554427623749 3.19495439529419
1 7 -0.693603038787842 0.280468910932541 3.16715621948242
1 8 -0.792077720165253 0.303878843784332 3.16123867034912
1 9 0.140070304274559 0.283462762832642 3.17967987060547
1 10 0.317795306444168 0.438909739255905 3.11831784248352
1 11 0.299195647239685 0.723119020462036 3.1304042339325
1 12 0.290601879358292 0.805179297924042 3.14778280258179
1 13 -0.117775566875935 -0.134893804788589 3.0951817035675
1 14 -0.15662194788456 -0.584038138389587 3.03800868988037
1 15 -0.157611206173897 -0.957916080951691 3.05026745796204
1 16 -0.161138981580734 -1.05294799804688 2.97520756721497
1 17 0.0435464046895504 -0.13080783188343 3.09039044380188
1 18 0.101416081190109 -0.569289684295654 3.00638961791992
1 19 0.0996351465582848 -0.944604873657227 3.02892351150513
1 20 0.113774590194225 -1.04696929454803 2.95515275001526
2 1 -0.036639541387558 -0.0536299236118793 3.11405062675476
2 2 -0.0314682275056839 0.00332709774374962 3.17725872993469
2 3 -0.0334223620593548 0.36624476313591 3.20790505409241
2 4 -0.0444629937410355 0.563713192939758 3.23002123832703
2 5 -0.219064444303513 0.250456482172012 3.20579099655151
2 6 -0.477478504180908 0.228678822517395 3.19440293312073
2 7 -0.689280986785889 0.279580801725388 3.1620671749115
2 8 -0.788600325584412 0.300900876522064 3.15362334251404
2 9 0.140163257718086 0.283079326152802 3.17965459823608
2 10 0.319322317838669 0.435506016016006 3.11699533462524
2 11 0.299182415008545 0.722040355205536 3.12574911117554
2 12 0.290767431259155 0.812832474708557 3.14314675331116
2 13 -0.117741733789444 -0.134196072816849 3.09610533714294
2 14 -0.156563758850098 -0.584440648555756 3.03822898864746
2 15 -0.156909391283989 -0.9562748670578 3.05099415779114
2 16 -0.161269411444664 -1.05387020111084 2.97654438018799
2 17 0.0436580143868923 -0.130339086055756 3.09067392349243
2 18 0.102033481001854 -0.568982779979706 3.00555396080017
2 19 0.0998110920190811 -0.943364322185516 3.02705645561218
2 20 0.113194510340691 -1.04586637020111 2.95284366607666
3 1 -0.0362888723611832 -0.0532466322183609 3.11436057090759
3 2 -0.0310439504683018 0.00343165919184685 3.17737984657288
3 3 -0.0325679183006287 0.364577412605286 3.2085497379303
3 4 -0.0433298386633396 0.562473773956299 3.22980237007141
3 5 -0.218656092882156 0.251749873161316 3.20602297782898
3 6 -0.474697530269623 0.229210644960403 3.19476175308228
3 7 -0.685556709766388 0.277858316898346 3.1573851108551
3 8 -0.786199450492859 0.297437340021133 3.14786100387573
3 9 0.141171038150787 0.282774895429611 3.17955422401428
3 10 0.320764660835266 0.434378772974014 3.11554455757141
3 11 0.301028907299042 0.720834255218506 3.12223410606384
3 12 0.293854296207428 0.805110037326813 3.13352036476135
3 13 -0.117524355649948 -0.133778065443039 3.09696745872498
3 14 -0.15563140809536 -0.585911870002747 3.0395667552948
3 15 -0.157501086592674 -0.952914118766785 3.04880475997925
3 16 -0.161041244864464 -1.05253791809082 2.97736930847168
3 17 0.0440102033317089 -0.130139589309692 3.09083533287048
3 18 0.102312155067921 -0.570163786411285 3.00622463226318
3 19 0.0999812558293343 -0.945405960083008 3.02699732780457
3 20 0.112761452794075 -1.04592502117157 2.95041584968567
4 1 -0.035685483366251 -0.053047951310873 3.11467337608337
4 2 -0.030331339687109 0.00357541255652905 3.17747735977173
4 3 -0.0313018187880516 0.363903313875198 3.20798230171204
4 4 -0.0411726608872414 0.563407778739929 3.23306632041931
4 5 -0.217814937233925 0.252701878547668 3.20641422271729
4 6 -0.478344202041626 0.229996562004089 3.19416236877441
4 7 -0.68934953212738 0.272895753383636 3.1535964012146
4 8 -0.758101880550385 0.302090525627136 3.14142656326294
4 9 0.14183834195137 0.282501101493835 3.17944979667664
4 10 0.324299186468124 0.428296953439713 3.11723566055298
4 11 0.308579832315445 0.720828413963318 3.12177991867065
4 12 0.309398382902145 0.803157448768616 3.13776135444641
4 13 -0.117126181721687 -0.133543014526367 3.09723567962646
4 14 -0.155894577503204 -0.585232198238373 3.03899574279785
4 15 -0.158504664897919 -0.955087304115295 3.05074954032898
4 16 -0.160436108708382 -1.05387330055237 2.98638939857483
4 17 0.0446615591645241 -0.130055874586105 3.09138607978821
4 18 0.102775923907757 -0.570862889289856 3.00614857673645
4 19 0.100037813186646 -0.943198323249817 3.03110814094543
4 20 0.112156823277473 -1.04485857486725 2.9510612487793
5 1 -0.0354206673800945 -0.0533388443291187 3.1148464679718
5 2 -0.0300529599189758 0.00305342860519886 3.17757821083069
5 3 -0.0311891194432974 0.36198553442955 3.20878434181213
5 4 -0.0396973378956318 0.561979174613953 3.23414063453674
5 5 -0.217380940914154 0.25308284163475 3.20678639411926
5 6 -0.479917585849762 0.229379966855049 3.19471740722656
5 7 -0.758281111717224 0.280017137527466 3.15332055091858
5 8 -0.821108460426331 0.313224226236343 3.12807989120483
5 9 0.14257176220417 0.280812829732895 3.17942023277283
5 10 0.325246930122375 0.429394036531448 3.11826300621033
5 11 0.311843186616898 0.721336603164673 3.12503814697266
5 12 0.311795622110367 0.795598447322845 3.13816285133362
5 13 -0.116911455988884 -0.133686423301697 3.09753918647766
5 14 -0.156509354710579 -0.585097193717957 3.03919649124146
5 15 -0.158666670322418 -0.959333658218384 3.05063962936401
5 16 -0.161394864320755 -1.05437684059143 2.97981786727905
5 17 0.0449284501373768 -0.13037571310997 3.091383934021
5 18 0.101951919496059 -0.571533143520355 3.00637602806091
5 19 0.0996936932206154 -0.942083656787872 3.03028964996338
5 20 0.112596035003662 -1.04492592811584 2.95183420181274
6 1 -0.035169567912817 -0.0532099232077599 3.11489009857178
6 2 -0.0301080252975225 0.00334117840975523 3.17753148078918
6 3 -0.0311709325760603 0.36317166686058 3.20834040641785
6 4 -0.0392987579107285 0.563048005104065 3.23599934577942
6 5 -0.217642962932587 0.252977728843689 3.20729875564575
6 6 -0.477453082799912 0.22613000869751 3.19292736053467
6 7 -0.753877997398376 0.276162564754486 3.1510283946991
6 8 -0.827008068561554 0.289049625396729 3.15103316307068
6 9 0.143641501665115 0.280085027217865 3.18216729164124
6 10 0.325965195894241 0.427207410335541 3.11714887619019
6 11 0.315024644136429 0.718565046787262 3.12599444389343
6 12 0.313593655824661 0.791332185268402 3.14072465896606
6 13 -0.116752982139587 -0.133569166064262 3.09740591049194
6 14 -0.156950771808624 -0.585045337677002 3.04041934013367
6 15 -0.160925149917603 -0.947034239768982 3.04892492294312
6 16 -0.162654638290405 -1.05045878887177 2.97677230834961
6 17 0.0452880524098873 -0.130514279007912 3.09169435501099
6 18 0.101393461227417 -0.570421814918518 3.0064857006073
6 19 0.0987260565161705 -0.947937548160553 3.02526164054871
6 20 0.113749638199806 -1.04607951641083 2.95318078994751
7 1 -0.0348296128213406 -0.0529475100338459 3.11498069763184
7 2 -0.0299120899289846 0.00350782554596663 3.17756676673889
7 3 -0.0314746908843517 0.363998234272003 3.20924305915833
7 4 -0.0384248718619347 0.563159465789795 3.23598766326904
7 5 -0.217186093330383 0.253351122140884 3.20743536949158
7 6 -0.475595265626907 0.224862217903137 3.19282007217407
7 7 -0.687361896038055 0.260018527507782 3.15660262107849
7 8 -0.752044975757599 0.290373831987381 3.14847016334534
7 9 0.14547310769558 0.279428005218506 3.18230295181274
7 10 0.32730895280838 0.427120208740234 3.11681389808655
7 11 0.318412572145462 0.718195915222168 3.12424945831299
7 12 0.313370883464813 0.790242314338684 3.13904523849487
7 13 -0.116574376821518 -0.133315041661263 3.09742474555969
7 14 -0.157517090439796 -0.585973858833313 3.0405707359314
7 15 -0.158653751015663 -0.962338805198669 3.04813551902771
7 16 -0.16148254275322 -1.05345416069031 2.97557044029236
7 17 0.0459215193986893 -0.130546227097511 3.09159994125366
7 18 0.101201832294464 -0.572574257850647 3.00670003890991
7 19 0.0989070683717728 -0.94543445110321 3.02722144126892
7 20 0.113227196037769 -1.04543244838715 2.95353007316589
8 1 -0.0346589982509613 -0.0532495938241482 3.11450600624084
8 2 -0.0297817494720221 0.00379762705415487 3.17690920829773
8 3 -0.030441964045167 0.365934073925018 3.20640206336975
8 4 -0.036312609910965 0.562580525875092 3.23437190055847
8 5 -0.215614199638367 0.254155904054642 3.20640158653259
8 6 -0.474096477031708 0.224324271082878 3.19310593605042
8 7 -0.688597321510315 0.261605054140091 3.15788340568542
8 8 -0.754113793373108 0.293144017457962 3.15499687194824
8 9 0.14610056579113 0.278120398521423 3.18121552467346
8 10 0.327949702739716 0.422753751277924 3.11370038986206
8 11 0.320363700389862 0.713438272476196 3.11982393264771
8 12 0.313098609447479 0.784521043300629 3.13360452651978
8 13 -0.116465471684933 -0.133231177926064 3.0972535610199
8 14 -0.157369300723076 -0.584887802600861 3.04085969924927
8 15 -0.15951307117939 -0.958131790161133 3.0503978729248
8 16 -0.160436227917671 -1.05312752723694 2.97857308387756
8 17 0.0459457710385323 -0.131219655275345 3.09129762649536
8 18 0.10142257809639 -0.575103402137756 3.00670886039734
8 19 0.0988878011703491 -0.946672081947327 3.02818584442139
8 20 0.112726032733917 -1.04506647586823 2.95288968086243
9 1 -0.0343381464481354 -0.0537869334220886 3.11422204971313
9 2 -0.0295091830193996 0.00345599930733442 3.17656874656677
9 3 -0.0313605554401875 0.365512162446976 3.20570707321167
9 4 -0.0341326370835304 0.56188827753067 3.23290133476257
9 5 -0.215064585208893 0.253928989171982 3.20642018318176
9 6 -0.473546594381332 0.223957866430283 3.19315242767334
9 7 -0.687149584293365 0.261291444301605 3.15818333625793
9 8 -0.755142331123352 0.291150659322739 3.15299463272095
9 9 0.146292135119438 0.27716451883316 3.18010807037354
9 10 0.328260034322739 0.419035315513611 3.11219167709351
9 11 0.321348786354065 0.709308624267578 3.11741256713867
9 12 0.312256544828415 0.780182063579559 3.12726378440857
9 13 -0.115927375853062 -0.133667752146721 3.09701871871948
9 14 -0.156626150012016 -0.58424299955368 3.04151344299316
9 15 -0.159399375319481 -0.955543637275696 3.04987955093384
9 16 -0.162368446588516 -1.05000948905945 2.97484087944031
9 17 0.0466174222528934 -0.131848692893982 3.09133410453796
9 18 0.101764209568501 -0.574749886989594 3.00794196128845
9 19 0.098775140941143 -0.9456787109375 3.02778673171997
9 20 0.112768359482288 -1.04532194137573 2.95136141777039
10 1 -0.034155398607254 -0.0540655814111233 3.11406254768372
10 2 -0.0293666999787092 0.00306613929569721 3.17636108398438
10 3 -0.031091533601284 0.364403307437897 3.20603585243225
10 4 -0.0318249091506004 0.562572419643402 3.23161220550537
10 5 -0.213496163487434 0.253595739603043 3.20545840263367
10 6 -0.474442839622498 0.224449813365936 3.1930685043335
10 7 -0.685434520244598 0.258977055549622 3.15784788131714
10 8 -0.779640972614288 0.282533496618271 3.14977502822876
10 9 0.146960586309433 0.276827186346054 3.17975449562073
10 10 0.331489503383636 0.417865544557571 3.10886812210083
10 11 0.323416084051132 0.707772731781006 3.11469578742981
10 12 0.312493205070496 0.77836811542511 3.12387156486511
10 13 -0.115701302886009 -0.133769959211349 3.09704041481018
10 14 -0.157130181789398 -0.584665834903717 3.0409824848175
10 15 -0.158976182341576 -0.95714545249939 3.04919290542603
10 16 -0.161869451403618 -1.05127310752869 2.97817015647888
10 17 0.0466334484517574 -0.132136017084122 3.09122037887573
10 18 0.101524002850056 -0.574462354183197 3.00734758377075
10 19 0.10048670321703 -0.943367540836334 3.03210496902466
10 20 0.112457893788815 -1.04424023628235 2.95370006561279
11 1 -0.0334497317671776 -0.0538396835327148 3.11380791664124
11 2 -0.0288426298648119 0.00348818954080343 3.17599177360535
11 3 -0.0314049087464809 0.364537268877029 3.20371603965759
11 4 -0.0306727439165115 0.562471449375153 3.23118376731873
11 5 -0.213287219405174 0.254341721534729 3.20525574684143
11 6 -0.479131013154984 0.228285282850266 3.19244384765625
11 7 -0.690404057502747 0.259549409151077 3.15560436248779
11 8 -0.759839415550232 0.288807779550552 3.14547371864319
11 9 0.147302269935608 0.27702534198761 3.17998504638672
11 10 0.333881705999374 0.418332248926163 3.10900616645813
11 11 0.322869867086411 0.708315491676331 3.11076736450195
11 12 0.311507642269135 0.77871972322464 3.11791658401489
11 13 -0.115019723773003 -0.13362118601799 3.09670662879944
11 14 -0.156705006957054 -0.584950268268585 3.04055094718933
11 15 -0.159057274460793 -0.95044994354248 3.05250835418701
11 16 -0.160430148243904 -1.04984319210052 2.97994160652161
11 17 0.0475197657942772 -0.131941080093384 3.09118890762329
11 18 0.101788334548473 -0.573626697063446 3.00726890563965
11 19 0.100492000579834 -0.945923686027527 3.02826714515686
11 20 0.112772300839424 -1.04435420036316 2.95244240760803
12 1 -0.0327992290258408 -0.0543759986758232 3.11350464820862
12 2 -0.0283830165863037 0.00306814722716808 3.17551255226135
12 3 -0.0314400866627693 0.363341510295868 3.20196151733398
12 4 -0.0294637158513069 0.561092138290405 3.23052787780762
12 5 -0.212604343891144 0.25398525595665 3.20490860939026
12 6 -0.478106439113617 0.229185208678246 3.18951439857483
12 7 -0.689042627811432 0.263922512531281 3.15490579605103
12 8 -0.752695679664612 0.289628237485886 3.14743065834045
12 9 0.147812306880951 0.275972276926041 3.18009066581726
12 10 0.333467245101929 0.415688723325729 3.1115288734436
12 11 0.324014484882355 0.705877661705017 3.10943293571472
12 12 0.310083359479904 0.77556985616684 3.1132607460022
12 13 -0.114129915833473 -0.134043991565704 3.09669756889343
12 14 -0.155513614416122 -0.585121631622314 3.04055237770081
12 15 -0.159935861825943 -0.955138087272644 3.04977369308472
12 16 -0.160012602806091 -1.05147302150726 2.9782862663269
12 17 0.0483076460659504 -0.132589235901833 3.09111905097961
12 18 0.103236675262451 -0.574952363967896 3.00830721855164
12 19 0.100964143872261 -0.941408574581146 3.02830648422241
12 20 0.113289348781109 -1.04335582256317 2.95280504226685
13 1 -0.0324758253991604 -0.0546149164438248 3.11346912384033
13 2 -0.0279478952288628 0.00264335889369249 3.17544627189636
13 3 -0.0306086502969265 0.362392425537109 3.20329308509827
13 4 -0.0310005191713572 0.557524800300598 3.22944450378418
13 5 -0.212550297379494 0.25385382771492 3.20471382141113
13 6 -0.480438679456711 0.229702651500702 3.18941950798035
13 7 -0.691123783588409 0.266408741474152 3.1555347442627
13 8 -0.762493968009949 0.293981850147247 3.15368890762329
13 9 0.148015260696411 0.275702863931656 3.17934966087341
13 10 0.33392533659935 0.41689258813858 3.11207985877991
13 11 0.324864089488983 0.707110166549683 3.110018491745
13 12 0.312866181135178 0.776404321193695 3.11759662628174
13 13 -0.113819561898708 -0.134288191795349 3.09662508964539
13 14 -0.154732182621956 -0.584748804569244 3.04013347625732
13 15 -0.158361971378326 -0.956635415554047 3.04913783073425
13 16 -0.161932051181793 -1.05291044712067 2.97724032402039
13 17 0.0485867112874985 -0.132771328091621 3.09093284606934
13 18 0.104006320238113 -0.573063611984253 3.00788903236389
13 19 0.100367099046707 -0.945063233375549 3.02262663841248
13 20 0.111543603241444 -1.04464137554169 2.95156908035278
14 1 -0.031990323215723 -0.0546871609985828 3.11345767974854
14 2 -0.0276742726564407 0.00229410361498594 3.1755747795105
14 3 -0.0308232866227627 0.362415641546249 3.20598077774048
14 4 -0.0301199126988649 0.557817697525024 3.2304413318634
14 5 -0.211665824055672 0.254275977611542 3.20426797866821
14 6 -0.477846711874008 0.22784036397934 3.18751931190491
14 7 -0.690051078796387 0.258045345544815 3.15970373153687
14 8 -0.757639467716217 0.290291786193848 3.15815591812134
14 9 0.148370131850243 0.275345027446747 3.17930459976196
14 10 0.335455894470215 0.417587518692017 3.11391282081604
14 11 0.32531464099884 0.707766950130463 3.11205577850342
14 12 0.314559787511826 0.776793360710144 3.1222984790802
14 13 -0.113103717565536 -0.1342513859272 3.0962393283844
14 14 -0.153678253293037 -0.586022138595581 3.04064178466797
14 15 -0.157801628112793 -0.959361791610718 3.04906439781189
14 16 -0.161169826984406 -1.05489766597748 2.9765944480896
14 17 0.0492586307227612 -0.13278591632843 3.09089517593384
14 18 0.104030936956406 -0.570046782493591 3.00736904144287
14 19 0.100558236241341 -0.944670498371124 3.0255229473114
14 20 0.111606255173683 -1.04571986198425 2.95245718955994
15 1 -0.0313508473336697 -0.0540983974933624 3.11357855796814
15 2 -0.0273733027279377 0.00307114981114864 3.17563962936401
15 3 -0.0307968687266111 0.364164620637894 3.20408344268799
15 4 -0.0267852526158094 0.561851263046265 3.23236703872681
15 5 -0.21125291287899 0.255116403102875 3.20404887199402
15 6 -0.477393627166748 0.227605178952217 3.18598771095276
15 7 -0.689517021179199 0.25839164853096 3.15829849243164
15 8 -0.753613710403442 0.289066106081009 3.15902948379517
15 9 0.149910315871239 0.275343000888824 3.18027663230896
15 10 0.336209803819656 0.415484547615051 3.11475396156311
15 11 0.326694369316101 0.705713033676147 3.11202526092529
15 12 0.311303079128265 0.774259328842163 3.11761736869812
15 13 -0.112581484019756 -0.13383424282074 3.09632110595703
15 14 -0.154227018356323 -0.586389780044556 3.04049801826477
15 15 -0.157569840550423 -0.957080662250519 3.04789233207703
15 16 -0.160081163048744 -1.05552530288696 2.97576451301575
15 17 0.0501731596887112 -0.132267415523529 3.09124279022217
15 18 0.104114033281803 -0.569283545017242 3.00735974311829
15 19 0.101014077663422 -0.942668497562408 3.02787756919861
15 20 0.112534642219543 -1.04554796218872 2.9535436630249
16 1 -0.0313952304422855 -0.0543871484696865 3.1137592792511
16 2 -0.0276407692581415 0.00268356315791607 3.17583632469177
16 3 -0.0312271248549223 0.362484335899353 3.20406794548035
16 4 -0.0240298677235842 0.559747159481049 3.23017954826355
16 5 -0.210702106356621 0.255933433771133 3.20409798622131
16 6 -0.477382719516754 0.228966131806374 3.187016248703
16 7 -0.688100576400757 0.266163557767868 3.15437293052673
16 8 -0.780672311782837 0.287549078464508 3.16174364089966
16 9 0.151000916957855 0.273826986551285 3.18134474754334
16 10 0.33846840262413 0.41372287273407 3.1141676902771
16 11 0.329008251428604 0.703967928886414 3.11129927635193
16 12 0.315025389194489 0.772541522979736 3.1192569732666
16 13 -0.112662874162197 -0.133906021714211 3.09634470939636
16 14 -0.153724804520607 -0.586268961429596 3.04095983505249
16 15 -0.158729493618011 -0.956357777118683 3.04829692840576
16 16 -0.161110371351242 -1.05308020114899 2.97742700576782
16 17 0.0500321760773659 -0.132820621132851 3.09172201156616
16 18 0.104707360267639 -0.572703063488007 3.00988149642944
16 19 0.100180007517338 -0.943459391593933 3.03011870384216
16 20 0.112803794443607 -1.04511547088623 2.95393776893616
17 1 -0.0313305370509624 -0.0544947199523449 3.1137490272522
17 2 -0.0276483073830605 0.00269900355488062 3.1757128238678
17 3 -0.0317283272743225 0.362244665622711 3.20288968086243
17 4 -0.0225480552762747 0.557598292827606 3.22811770439148
17 5 -0.209409683942795 0.255592823028564 3.20397043228149
17 6 -0.473585993051529 0.229956477880478 3.18561983108521
17 7 -0.690270900726318 0.267711907625198 3.15248441696167
17 8 -0.778827250003815 0.292813539505005 3.15129852294922
17 9 0.152301922440529 0.272302389144897 3.18119215965271
17 10 0.340075969696045 0.413531452417374 3.11444115638733
17 11 0.33200877904892 0.703885555267334 3.10976243019104
17 12 0.319443851709366 0.772724688053131 3.11339950561523
17 13 -0.112653806805611 -0.133759111166 3.0964367389679
17 14 -0.15350978076458 -0.585056364536285 3.0405650138855
17 15 -0.159222051501274 -0.953297853469849 3.0470974445343
17 16 -0.1618822067976 -1.05034673213959 2.97517919540405
17 17 0.0501388125121593 -0.133308336138725 3.09171843528748
17 18 0.105202883481979 -0.575081348419189 3.00959491729736
17 19 0.10026778280735 -0.943824589252472 3.02972745895386
17 20 0.113038383424282 -1.04659855365753 2.95621252059937
18 1 -0.0306562576442957 -0.0548716858029366 3.11375308036804
18 2 -0.0268725603818893 0.00221492070704699 3.1756010055542
18 3 -0.0274211037904024 0.359328478574753 3.20156574249268
18 4 -0.0191716216504574 0.558341026306152 3.22772097587585
18 5 -0.208067819476128 0.255523502826691 3.2032995223999
18 6 -0.466360569000244 0.234300568699837 3.1832115650177
18 7 -0.683318853378296 0.272887170314789 3.14858913421631
18 8 -0.775936841964722 0.290359646081924 3.14709424972534
18 9 0.152956277132034 0.27149972319603 3.18109774589539
18 10 0.343268424272537 0.410960018634796 3.11680579185486
18 11 0.333204507827759 0.69773656129837 3.10886240005493
18 12 0.324969708919525 0.766363978385925 3.11762595176697
18 13 -0.112033121287823 -0.133859306573868 3.09610295295715
18 14 -0.153005376458168 -0.585509777069092 3.04170966148376
18 15 -0.158381834626198 -0.959587633609772 3.04832482337952
18 16 -0.160728678107262 -1.05411505699158 2.97784113883972
18 17 0.0507631748914719 -0.133900687098503 3.09237217903137
18 18 0.104976430535316 -0.573269069194794 3.00956702232361
18 19 0.101155191659927 -0.941838920116425 3.02746033668518
18 20 0.113505467772484 -1.04561448097229 2.95438551902771
19 1 -0.0300161261111498 -0.0551609583199024 3.11381244659424
19 2 -0.0260503590106964 0.00187300518155098 3.17560935020447
19 3 -0.0255935620516539 0.360269367694855 3.20222616195679
19 4 -0.0167591534554958 0.556955993175507 3.22467470169067
19 5 -0.206704586744308 0.255211859941483 3.20196175575256
19 6 -0.468194127082825 0.23478963971138 3.18146347999573
19 7 -0.67778617143631 0.274340718984604 3.14502334594727
19 8 -0.770480513572693 0.290971755981445 3.14146375656128
19 9 0.15328224003315 0.271566361188889 3.18045997619629
19 10 0.344133853912354 0.406337082386017 3.11680150032043
19 11 0.33588919043541 0.693876683712006 3.10536766052246
19 12 0.326899170875549 0.761894404888153 3.11740350723267
19 13 -0.111498311161995 -0.133986115455627 3.09606647491455
19 14 -0.153301849961281 -0.585693180561066 3.04153752326965
19 15 -0.158407852053642 -0.955043077468872 3.04892063140869
19 16 -0.161250725388527 -1.05245804786682 2.97602772712708
19 17 0.0510913282632828 -0.134072422981262 3.09261846542358
19 18 0.104913160204887 -0.572885453701019 3.0100257396698
19 19 0.100641295313835 -0.941867351531982 3.02934074401855
19 20 0.115143604576588 -1.04602181911469 2.95550489425659
20 1 -0.0295153427869082 -0.0550475418567657 3.11371397972107
20 2 -0.0253964029252529 0.00201828218996525 3.17541217803955
20 3 -0.025517251342535 0.360396414995193 3.20187711715698
20 4 -0.0174350310117006 0.557316958904266 3.22374868392944
20 5 -0.206041157245636 0.256102025508881 3.20227265357971
20 6 -0.468160808086395 0.235107600688934 3.18070077896118
20 7 -0.67756175994873 0.276931464672089 3.14702010154724
20 8 -0.769359946250916 0.295719712972641 3.14186835289001
20 9 0.153957471251488 0.27153268456459 3.17999362945557
20 10 0.346904516220093 0.409199595451355 3.11584377288818
20 11 0.338277369737625 0.691760241985321 3.10927748680115
20 12 0.323827356100082 0.759284973144531 3.11581134796143
20 13 -0.111037440598011 -0.133635297417641 3.09587025642395
20 14 -0.15310962498188 -0.585562825202942 3.04230189323425
20 15 -0.158537715673447 -0.955153048038483 3.05223369598389
20 16 -0.161752223968506 -1.05206179618835 2.98254132270813
20 17 0.0513917356729507 -0.134107619524002 3.09266662597656
20 18 0.105803348124027 -0.575382828712463 3.00956678390503
20 19 0.100744962692261 -0.941752195358276 3.02827119827271
20 20 0.114595986902714 -1.04544305801392 2.95429134368896
